{
 "cells": [
  {
   "cell_type": "code",
   "execution_count": 115,
   "id": "2228db58",
   "metadata": {
    "slideshow": {
     "slide_type": "slide"
    }
   },
   "outputs": [],
   "source": [
    "dimension = 6\n",
    "perimeter = 100\n",
    "sensitivity = 1.7\n",
    "jsonfilename = \"matrices6x6ver01.json\""
   ]
  },
  {
   "cell_type": "code",
   "execution_count": 114,
   "id": "4d82b33f",
   "metadata": {
    "scrolled": true
   },
   "outputs": [
    {
     "name": "stdout",
     "output_type": "stream",
     "text": [
      "[-84 -96  18 -13  33  44]\n",
      "[-15   0   1 -54 -23  -9]\n",
      "[ 61 -45  -7 -87 -61 -97]\n",
      "[ 15 -60  58  51  95   6]\n",
      "[ 81 -38  66  23  -7 -93]\n",
      "[ 35  69 -55  54  33  44] :  B\n",
      "[ 19790    825  -6080   8280  -6590  -8231]\n",
      "[   825   3752   6052  -5160  -1393  -4651]\n",
      "[ -6080   6052  26494  -7605  13636 -11564]\n",
      "[  8280  -5160  -7605  18851   7273   -652]\n",
      "[ -6590  -1393  13636   7273  21588  -6498]\n",
      "[ -8231  -4651 -11564   -652  -6498  14952] :  G\n",
      "(-2, -5, 1, 1, -3, -3) :  The linear combination given by LLL\n",
      "(-1.6813, -2.8607, 0.71623, 1.0000, -2.1327, -2.1447) :  The linear combination suggested by cube\n",
      "(-29, -6, -23, 29, 5, 13) :  Shortest vector given by LLL\n",
      "(-4.9832, 2.2307, -2.9363, 0.15747, 5.7776, -7.7314) :  Shortest vector given by cube\n",
      "(-0.31871, -2.1393, 0.28377, 0.00000, -0.86731, -0.85530) :  The difference of lincombs\n",
      "[ -8.53 -65.45  -1.63    0.0   9.12  11.99]\n",
      "[-10.23    0.0  -0.61    0.0 -42.67 -16.47]\n",
      "[ -5.52  27.32  -0.56   -0.0  15.01  23.54]\n",
      "[  -0.0    0.0    0.0    0.0   -0.0   -0.0]\n",
      "[ 22.39 -70.51 -16.24   -0.0  -5.27 -68.99]\n",
      "[  9.54 126.25  13.35   -0.0  24.48  32.19] :  Diff impact analysis\n",
      "\n",
      "[ -59   31   26   12   95 -100]\n",
      "[  30  -22   67   63  -39   19]\n",
      "[ -51  -24   25   26  -53  -66]\n",
      "[  -4   37   64   48   67   64]\n",
      "[ -90   83   94   88  -60  -76]\n",
      "[ -75  -81  -91  -22   92   97] :  B\n",
      "[ 24287  -5559   4792   3588  13283  -1676]\n",
      "[ -5559  11724   3124   4981   8212  -9696]\n",
      "[  4792   3124  11643  -5611  15432  -8356]\n",
      "[  3588   4981  -5611  16370   4787   2795]\n",
      "[ 13283   8212  15432   4787  40945 -23355]\n",
      "[ -1676  -9696  -8356   2795 -23355  38824] :  G\n",
      "(-1, -1, 1, 1, 0, 0) :  The linear combination given by LLL\n",
      "(-1.0000, -2.1426, 3.0376, 2.3620, -1.0973, -0.75464) :  The linear combination suggested by cube\n",
      "(-26, 4, -4, -1, -42, 79) :  Shortest vector given by LLL\n",
      "(-14.285, 0.67493, 23.081, -34.590, -17.764, 20.175) :  Shortest vector given by cube\n",
      "(0.00000, 1.1426, -2.0376, -1.3620, 1.0973, 0.75464) :  The difference of lincombs\n",
      "[   -0.0     0.0    -0.0    -0.0     0.0    -0.0]\n",
      "[    0.0  -28.72 -155.99  -98.04   -48.9   16.38]\n",
      "[    0.0   55.88   103.8   72.16  118.51  101.49]\n",
      "[    0.0  -57.58  177.62   89.05 -100.14  -65.78]\n",
      "[   -0.0  104.06 -210.18 -131.53  -72.25  -62.94]\n",
      "[   -0.0  -69.84  139.93   22.61   76.19   55.24] :  Diff impact analysis\n",
      "\n",
      "[ 94  35 -13   8 -34  95]\n",
      "[ 96  24  44  39  29 -83]\n",
      "[-22  44 -12 -21 -53  53]\n",
      "[-37 -89 -76 -20  72  46]\n",
      "[ -1  26  30 -31 -85  48]\n",
      "[ -8  35 -56  46 -59  78] :  B\n",
      "[ 20475    733   6297  -3843   7628  10985]\n",
      "[   733  20979  -8339 -11542  -5810  -8783]\n",
      "[  6297  -8339   8623  -3148   8506   8683]\n",
      "[ -3843 -11542  -3148  22766  -7849   -143]\n",
      "[  7628  -5810   8506  -7849  12067   6571]\n",
      "[ 10985  -8783   8683   -143   6571  16106] :  G\n",
      "(0, 0, -1, 0, 1, 0) :  The linear combination given by LLL\n",
      "(-0.64199, 1.2828, 0.74772, 0.99225, 1.0000, 0.33513) :  The linear combination suggested by cube\n",
      "(21, -18, 42, -10, -32, -5) :  Shortest vector given by LLL\n",
      "(5.9568, -9.3640, -8.3620, -6.2382, -13.931, -8.0490) :  Shortest vector given by cube\n",
      "(0.64199, -1.2828, -1.7477, -0.99225, 0.00000, -0.33513) :  The difference of lincombs\n",
      "[  38.74  -28.82   14.59    -5.1    -0.0  -20.44]\n",
      "[ -79.06   39.49   98.65   49.64    -0.0  -35.68]\n",
      "[  24.68   98.65  -36.65  -36.42     0.0   31.04]\n",
      "[  23.57 -113.28  -131.8  -19.69    -0.0    15.3]\n",
      "[   -0.0    -0.0    -0.0     0.0    -0.0    -0.0]\n",
      "[   1.72   15.05   -32.8    15.3     0.0    8.76] :  Diff impact analysis\n",
      "\n",
      "[ 79  79 -75  55 -60 -63]\n",
      "[ 65  44 -63 -78  44  39]\n",
      "[-76 -90 -27   5  46 -46]\n",
      "[ 85 -64 -41  90 -53  -2]\n",
      "[-11 -68 -81  26  26 -17]\n",
      "[-95  79  60 -23  69  36] :  B\n",
      "[ 28701   3949 -10676  12990    775 -13437]\n",
      "[  3949  19671  -7359  -4138   -151   -245]\n",
      "[-10676  -7359  18862  -1489  11251   -107]\n",
      "[ 12990  -4138  -1489  23915   7734 -21390]\n",
      "[   775   -151  11251   7734  12947  -8603]\n",
      "[-13437   -245   -107 -21390  -8603  25452] :  G\n",
      "(0, 0, 0, 1, 0, 1) :  The linear combination given by LLL\n",
      "(0.32869, 0.89653, 1.7076, 1.5435, -1.7507, 1.0000) :  The linear combination suggested by cube\n",
      "(-10, 15, 19, 67, 16, 34) :  Shortest vector given by LLL\n",
      "(9.9176, 10.993, 11.282, 27.082, 39.954, -1.6176) :  Shortest vector given by cube\n",
      "(-0.32869, -0.89653, -1.7076, -0.54348, 1.7507, 0.00000) :  The difference of lincombs\n",
      "[   8.54   23.28   -42.1    9.83   34.53     0.0]\n",
      "[  19.15   35.37  -96.45  -38.01  -69.06    -0.0]\n",
      "[ -42.66 -137.78  -78.73    4.64 -137.51     0.0]\n",
      "[  15.18  -31.18  -38.05   26.58   50.43     0.0]\n",
      "[   6.33  106.73  242.14  -24.74   79.68    -0.0]\n",
      "[    0.0    -0.0    -0.0     0.0     0.0     0.0] :  Diff impact analysis\n",
      "\n",
      "[-26   1 -32 -16  90 -86]\n",
      "[-34  -4  72  10  54  93]\n",
      "[ 22   2  14  42 -41  98]\n",
      "[ 71  13 -57  69  12  19]\n",
      "[ 45  49  86  62 -71  38]\n",
      "[ 86 -44   2 -85  49 -21] :  B\n",
      "[ 17453  -4722 -13808  -1667 -14523   5232]\n",
      "[ -4722  18021   7572  -3465   4786  -2761]\n",
      "[-13808   7572  13733   5058  11531  -5805]\n",
      "[ -1667  -3465   5058  13725   3078   -256]\n",
      "[-14523   4786  11531   3078  22151  -7661]\n",
      "[  5232  -2761  -5805   -256  -7661  19403] :  G\n",
      "(23, -10, 31, -12, 4, 3) :  The linear combination given by LLL\n",
      "(24.709, -10.604, 33.427, -12.831, 4.0000, 3.2391) :  The linear combination suggested by cube\n",
      "(10, 33, 12, -1, -22, -9) :  Shortest vector given by LLL\n",
      "(1.0405, 20.649, -4.3332, -10.135, 1.4065, 4.8955) :  Shortest vector given by cube\n",
      "(-1.7090, 0.60414, -2.4272, 0.83144, 0.00000, -0.23914) :  The difference of lincombs\n",
      "[ -75.94   -1.03 -132.74   22.73    -0.0  -35.15]\n",
      "[   35.1   -1.46 -105.58    5.02     0.0  -13.44]\n",
      "[  91.26   -2.93   82.48  -84.76     0.0   56.88]\n",
      "[-100.88    6.53  115.03    47.7     0.0   -3.78]\n",
      "[   -0.0     0.0    -0.0     0.0    -0.0    -0.0]\n",
      "[  35.15    6.36    1.16    16.9    -0.0    -1.2] :  Diff impact analysis\n",
      "\n",
      "[ -21  -33   56  -41  -72  -90]\n",
      "[  -8   -4  -86  -29   55 -100]\n",
      "[ -97   43  -92  -81  -12  -64]\n",
      "[  91  -25   87   71   68  -23]\n",
      "[ -98  -71   30  -47   66  -18]\n",
      "[ -77   79   15  -18   17   63] :  B\n",
      "[ 19631   1713   5411  -1951   4876  -6306]\n",
      "[  1713  21342  16605  -4129   5281  -5833]\n",
      "[  5411  16605  30523 -23001   7860   6708]\n",
      "[ -1951  -4129 -23001  26669  -2968  -9248]\n",
      "[  4876   5281   7860  -2968  22434   3221]\n",
      "[ -6306  -5833   6708  -9248   3221  16977] :  G\n",
      "(-5, -12, 15, 8, 1, -8) :  The linear combination given by LLL\n",
      "(-6.1041, -14.898, 18.706, 10.234, 1.0000, -9.3919) :  The linear combination suggested by cube\n",
      "(-8, -45, -22, 3, -6, -16) :  Shortest vector given by LLL\n",
      "(-10.586, -3.4443, -2.0051, 15.842, -2.1091, -3.0469) :  Shortest vector given by cube\n",
      "(1.1041, 2.8983, -3.7057, -2.2343, 0.00000, 1.3919) :  The difference of lincombs\n",
      "[   -25.6   -105.6  -229.13   101.14     -0.0  -138.32]\n",
      "[   -25.6    -33.6   923.65   187.79      0.0  -403.42]\n",
      "[  396.89  -461.83 -1263.38  -670.64      0.0   330.12]\n",
      "[ -224.49   161.89   720.32   354.42     -0.0    71.53]\n",
      "[    -0.0     -0.0     -0.0      0.0      0.0     -0.0]\n",
      "[ -118.34    318.7   -77.37    55.98      0.0   122.06] :  Diff impact analysis\n",
      "\n",
      "[-98  96 -45  43 -25 -97]\n",
      "[ 65 -96   7  81   8  83]\n",
      "[ 56  56   4   5   7  15]\n",
      "[-85   9 -95 -21  42 -18]\n",
      "[ 48 -77  11 -43  -8  68]\n",
      "[ 98  32 -14 -69  27  51] :  B\n",
      "[ 32728 -20669  -1707  13262 -20836 -14491]\n",
      "[-20669  27004     -2  -9913  12686   2060]\n",
      "[ -1707     -2   6587  -4717   -831   7833]\n",
      "[ 13262  -9913  -4717  18860  -6475  -5047]\n",
      "[-20836  12686   -831  -6475  14891   8305]\n",
      "[-14491   2060   7833  -5047   8305  18915] :  G\n",
      "(1, 1, -4, -1, -2, 3) :  The linear combination given by LLL\n",
      "(1.0000, 0.54518, -1.8722, -0.57786, -0.21394, 1.4218) :  The linear combination suggested by cube\n",
      "(26, 17, -23, 4, 10, -39) :  Shortest vector given by LLL\n",
      "(10.777, -4.4127, -16.035, 1.0280, -17.914, -11.468) :  Shortest vector given by cube\n",
      "(0.00000, 0.45482, -2.1278, -0.42214, -1.7861, 1.5782) :  The difference of lincombs\n",
      "[   -0.0     0.0     0.0    -0.0     0.0    -0.0]\n",
      "[    0.0  -19.86   -6.77  -15.55    -6.5   59.58]\n",
      "[   -0.0  -54.19   18.11    4.49    26.6  -50.37]\n",
      "[    0.0   -1.73  -85.33   -3.74   31.67   11.99]\n",
      "[   -0.0   62.55    41.8  -32.42  -25.52 -191.67]\n",
      "[    0.0   22.97   47.01   45.97  -76.11  127.02] :  Diff impact analysis\n",
      "\n",
      "[-44  91 -65 -38 -49 -41]\n",
      "[-35  57  98  15  36 -84]\n",
      "[-87  79  39 -66 -59 -11]\n",
      "[ 56 -68 -45  57  54 -49]\n",
      "[ 27  89  -6  79  -7 -84]\n",
      "[ 93 -53 -13  96  54  -6] :  B\n",
      "[ 19968   1467  14332  -8530   8086 -14118]\n",
      "[  1467  22655   9180  -3331  11529  -3662]\n",
      "[ 14332   9180  23289 -18408    571 -22241]\n",
      "[ -8530  -3331 -18408  18351   3971  18079]\n",
      "[  8086  11529    571   3971  22032   5582]\n",
      "[-14118  -3662 -22241  18079   5582  23795] :  G\n",
      "(-11, -2, -24, -2, 14, -31) :  The linear combination given by LLL\n",
      "(-11.000, -2.1976, -22.214, -1.4995, 13.550, -29.667) :  The linear combination suggested by cube\n",
      "(25, 14, -8, -12, 3, -9) :  Shortest vector given by LLL\n",
      "(16.352, -0.92969, 5.1387, -11.953, -7.3379, -6.7285) :  Shortest vector given by cube\n",
      "(0.00000, 0.19761, -1.7859, -0.50047, 0.45042, -1.3327) :  The difference of lincombs\n",
      "[  -0.0    0.0    0.0    0.0   -0.0    0.0]\n",
      "[  -0.0   2.23 -34.59  -1.48    3.2  22.12]\n",
      "[   0.0 -27.88 124.38 -58.99  47.46 -26.18]\n",
      "[  -0.0   6.73 -40.22  14.28 -12.17 -32.68]\n",
      "[   0.0   7.92   4.83 -17.81  -1.42  50.42]\n",
      "[  -0.0  13.96 -30.94  64.03 -32.41 -10.66] :  Diff impact analysis\n",
      "\n",
      "[-91  31 -45  94 -78  87]\n",
      "[ 45  34 -53  12  56  92]\n",
      "[  6  32 -97  96  70  73]\n",
      "[-29 -83 -39  78  37 -41]\n",
      "[ 68 -16  88 -26  73 -83]\n",
      "[-23 -86  -9  -3 -39 -71] :  B\n",
      "[ 33756   4108  14726   2700 -26003  -3585]\n",
      "[  4108  17734  18287  -2824  -6008 -12234]\n",
      "[ 14726  18287  29914   8038 -12085 -10218]\n",
      "[  2700  -2824   8038  18385      0   9390]\n",
      "[-26003  -6008 -12085      0  25518   2144]\n",
      "[ -3585 -12234 -10218   9390   2144  14577] :  G\n",
      "(1, 2, -1, 0, 1, 1) :  The linear combination given by LLL\n",
      "(0.37513, 0.21592, 0.44715, -0.72816, 0.56084, 1.0000) :  The linear combination suggested by cube\n",
      "(38, -35, 25, -7, -2, 44) :  Shortest vector given by LLL\n",
      "(14.517, -1.2568, -2.9457, 6.4011, -10.869, -2.5522) :  Shortest vector given by cube\n",
      "(0.62487, 1.7841, -1.4472, 0.72816, 0.43916, 0.00000) :  The difference of lincombs\n",
      "[ -35.53   34.56   40.69   42.77   -21.4     0.0]\n",
      "[  50.17  108.22  136.84   15.59   43.88     0.0]\n",
      "[  -5.43  -82.62 -203.14 -101.16  -44.49    -0.0]\n",
      "[  -13.2 -107.83    41.1   41.36   11.83    -0.0]\n",
      "[  18.66  -12.54  -55.93   -8.31   14.08    -0.0]\n",
      "[   -0.0    -0.0     0.0    -0.0    -0.0    -0.0] :  Diff impact analysis\n",
      "\n",
      "[-57  41  68  37 -32 -79]\n",
      "[ 66  99  29 -69 -88  61]\n",
      "[ 74 -45  84 -30  89  31]\n",
      "[ 95  80  -1 -11  -2  25]\n",
      "[-21 -36 -71  60  10   2]\n",
      "[ 39  11  60  52  54 -70] :  B\n",
      "[ 18188  -2287  -6758  -4521  -3365   8034]\n",
      "[ -2287  31224  -1006  16621 -11907  -7207]\n",
      "[ -6758  -1006  24339   4273  -6746   8507]\n",
      "[ -4521  16621   4273  16176  -5434   2095]\n",
      "[ -3365 -11907  -6746  -5434  10482  -1955]\n",
      "[  8034  -7207   8507   2095  -1955  15762] :  G\n",
      "(2, -1, 1, 2, 1, -2) :  The linear combination given by LLL\n",
      "(0.63058, 0.31245, 0.58306, 0.086413, 1.0000, -0.38069) :  The linear combination suggested by cube\n",
      "(-15, 40, -2, 47, 11, 4) :  Shortest vector given by LLL\n",
      "(0.18716, -2.7262, 6.9895, 23.535, -6.5115, 18.127) :  Shortest vector given by cube\n",
      "(1.3694, -1.3124, 0.41694, 1.9136, 0.00000, -1.6193) :  The difference of lincombs\n",
      "[-106.89  -73.69   38.83   96.96    -0.0  175.18]\n",
      "[-118.62  170.53  -15.87  173.29     0.0  129.64]\n",
      "[  42.25   24.62    14.6  -23.94     0.0  -20.93]\n",
      "[ 248.95 -200.92    -0.8  -40.28    -0.0  -77.47]\n",
      "[   -0.0     0.0    -0.0     0.0     0.0    -0.0]\n",
      "[ -86.48   23.38  -40.51 -161.13    -0.0 -183.55] :  Diff impact analysis\n",
      "\n",
      "[ 22 -17 -88   7  91 -82]\n",
      "[-14 -81  91   8  27 -25]\n",
      "[-44 -56  59  28   9 -99]\n",
      "[-58   0  64  24 -90 -70]\n",
      "[-63  32  38  41 -98 -58]\n",
      "[ 37 -97 -81  92 -43 -58] :  B\n",
      "[23571 -2376  3925 -9190 -9149 11078]\n",
      "[-2376 16456 13463  6148   880   993]\n",
      "[ 3925 13463 19219 13120  9230  6956]\n",
      "[-9190  6148 13120 21036 19950  2808]\n",
      "[-9149   880  9230 19950 21086  2837]\n",
      "[11078   993  6956  2808  2837 31016] :  G\n",
      "(-1, -2, 2, 1, -2, 0) :  The linear combination given by LLL\n",
      "(1.4873, 2.1498, -2.8702, 1.0000, 0.88303, -0.12763) :  The linear combination suggested by cube\n",
      "(-14, 3, 12, -25, -21, -20) :  Shortest vector given by LLL\n",
      "(10.560, 1.9512, 3.3030, -4.2948, -3.4947, -5.3610) :  Shortest vector given by cube\n",
      "(-2.4873, -4.1498, 4.8702, 0.00000, -2.8830, 0.12763) :  The difference of lincombs\n",
      "[   136.1  -175.47   1066.0     -0.0   652.55    26.03]\n",
      "[  -144.5 -1394.91 -1839.17     -0.0   323.03    13.24]\n",
      "[   533.0   1131.8  1399.43      0.0  -126.37   -61.54]\n",
      "[     0.0     -0.0      0.0      0.0      0.0     -0.0]\n",
      "[ -451.76   382.85  -533.56     -0.0  -814.56    21.34]\n",
      "[  -11.75    51.37   -50.35      0.0    15.82    -0.94] :  Diff impact analysis\n",
      "\n",
      "[ 79 -80  87 -52 100  11]\n",
      "[ 94 -20  73 -64  77 -43]\n",
      "[ 29  47   8  67 -90 -55]\n",
      "[ 99 -93  79  46 -82  73]\n",
      "[-54  -3 -99  -4  12  30]\n",
      "[-51 -34  90  80  95  56] :  B\n",
      "[ 33035  25932 -13862  12345 -10901  12477]\n",
      "[ 25932  26439  -6483   4536 -12353   2243]\n",
      "[-13862  -6483  18728   5579  -5497  -8627]\n",
      "[ 12345   4536   5579  38860 -11866   5201]\n",
      "[-10901 -12353  -5497 -11866  13786  -3554]\n",
      "[ 12477   2243  -8627   5201  -3554  30418] :  G\n",
      "(1, 0, 1, 0, 1, 0) :  The linear combination given by LLL\n",
      "(-1.2814, 1.5947, -0.046238, 0.47532, 1.0000, 0.43049) :  The linear combination suggested by cube\n",
      "(54, -36, -4, 11, 22, -14) :  Shortest vector given by LLL\n",
      "(18.428, 6.6070, -18.149, 13.781, 12.729, 8.6813) :  Shortest vector given by cube\n",
      "(2.2814, -1.5947, 1.0462, -0.47532, 0.00000, -0.43049) :  The difference of lincombs\n",
      "[ 411.19  291.05  207.66   56.39     0.0   -10.8]\n",
      "[-341.99  -50.86 -121.79  -48.51    -0.0  -29.52]\n",
      "[  69.22  -78.42    8.76  -33.32    -0.0   24.77]\n",
      "[-107.36  -70.49  -39.29   10.39     0.0   14.94]\n",
      "[   -0.0     0.0    -0.0     0.0     0.0    -0.0]\n",
      "[  50.09  -23.34  -40.54   16.37    -0.0   10.38] :  Diff impact analysis\n",
      "\n",
      "[ 44  40  36 -24  69  24]\n",
      "[ 35  18  31 -37  95 -39]\n",
      "[-78 -73 -76  12 -93 -70]\n",
      "[-78  98  81 -30 -85  80]\n",
      "[-44  -2 -30  48 -15 -79]\n",
      "[ -5  76  87 -57 -19 -99] :  B\n",
      "[ 10745   9883 -17473    179  -7179   3633]\n",
      "[  9883  14425 -12949  -8540  -2626   8055]\n",
      "[-17473 -12949  30882  -5281  13359  -3757]\n",
      "[   179  -8540  -5281  36774  -5679  10290]\n",
      "[ -7179  -2626  13359  -5679  11610   2828]\n",
      "[  3633   8055  -3757  10290   2828  26781] :  G\n",
      "(-4, 1, -2, 0, 0, 0) :  The linear combination given by LLL\n",
      "(-2.0862, 1.0000, -0.68507, 0.16497, -0.15565, -0.16083) :  The linear combination suggested by cube\n",
      "(15, 4, 39, 35, 5, 5) :  Shortest vector given by LLL\n",
      "(-8.5708, -11.181, 12.003, 1.5941, 6.1342, 0.30257) :  Shortest vector given by cube\n",
      "(-1.9138, 0.00000, -1.3149, -0.16497, 0.15565, 0.16083) :  The difference of lincombs\n",
      "[ 161.16    -0.0    90.6   -7.58  -20.55   -7.39]\n",
      "[   -0.0     0.0    -0.0     0.0     0.0    -0.0]\n",
      "[-196.29     0.0 -131.41     2.6   19.03    14.8]\n",
      "[ -24.63    -0.0   17.57   -0.82    2.18   -2.12]\n",
      "[  13.11    -0.0    6.14   -1.23   -0.36   -1.98]\n",
      "[   1.54     0.0   -18.4    1.51   -0.48   -2.56] :  Diff impact analysis\n",
      "\n",
      "[-74  50 -22  16  72  44]\n",
      "[-24  -3  44 -79 -15 -82]\n",
      "[-79 -64  89  15  54 -98]\n",
      "[ 63  13 -74 -73 -30 -12]\n",
      "[-56  56  41  38  -9 -24]\n",
      "[-44  62 -44  15  42  49] :  B\n",
      "[ 15836  -5294    504  -6240   4946  12744]\n",
      "[ -5294  15711  12045   2394   2081  -6899]\n",
      "[   504  12045  31003 -13934   6925  -6717]\n",
      "[ -6240   2394 -13934  15987  -8050  -1653]\n",
      "[  4946   2081   6925  -8050  10054   3148]\n",
      "[ 12744  -6899  -6717  -1653   3148  12106] :  G\n",
      "(-2, 1, 0, -1, -1, 3) :  The linear combination given by LLL\n",
      "(-4.0436, 1.0000, 0.44405, -1.4759, -1.3397, 5.2198) :  The linear combination suggested by cube\n",
      "(-15, 14, -11, -31, 6, 13) :  Shortest vector given by LLL\n",
      "(-7.4832, -4.1792, -2.9045, -1.9089, -6.5947, 2.1985) :  Shortest vector given by cube\n",
      "(2.0436, 0.00000, -0.44405, 0.47587, 0.33968, -2.2198) :  The difference of lincombs\n",
      "[-309.04     0.0   19.96   15.56   49.98  -199.6]\n",
      "[   -0.0    -0.0    -0.0    -0.0    -0.0     0.0]\n",
      "[  71.69     0.0   17.55   -3.17   -8.15   -96.6]\n",
      "[  61.27     0.0   15.64  -16.53   -4.85   12.68]\n",
      "[ -38.87     0.0   -6.18    6.14   -1.04    18.1]\n",
      "[  199.6    -0.0  -43.37  -15.84  -31.67  241.45] :  Diff impact analysis\n",
      "\n",
      "[-33  25 -12 -74 -24  -2]\n",
      "[-86  31  93 -79  24 -50]\n",
      "[-71 -96 -39  81 -75  86]\n",
      "[ 39  -6  32 -13 -50  30]\n",
      "[-18 -24  66  70 -56 -30]\n",
      "[-34 -43  64  86  -3 -28] :  B\n",
      "[  7914   7867  -3955    281  -4574  -6957]\n",
      "[  7867  26323 -12996  -2237   1568   2077]\n",
      "[ -3955 -12996  35360   1836   8298   8829]\n",
      "[   281  -2237   1836   6150   2544   -828]\n",
      "[ -4574   1568   8298   2544  14192  12896]\n",
      "[ -6957   2077   8829   -828  12896  15290] :  G\n",
      "(0, 0, 0, 1, -1, 1) :  The linear combination given by LLL\n",
      "(2.7776, -1.1914, -0.58541, 1.0000, -1.9777, 3.4859) :  The linear combination suggested by cube\n",
      "(23, -25, 30, 3, 3, 32) :  Shortest vector given by LLL\n",
      "(8.4438, -19.723, 3.2678, -10.491, -1.0572, -4.6040) :  Shortest vector given by cube\n",
      "(-2.7776, 1.1914, 0.58541, 0.00000, 0.97768, -2.4859) :  The difference of lincombs\n",
      "[-254.59  -82.73   19.51     0.0   65.17  -13.81]\n",
      "[ 284.59    44.0   64.86    -0.0   27.96  148.08]\n",
      "[ 115.45  -66.96  -13.37     0.0  -42.93 -125.15]\n",
      "[   -0.0    -0.0     0.0    -0.0    -0.0    -0.0]\n",
      "[  48.88  -27.96   37.77     0.0  -53.53   72.91]\n",
      "[-234.76  127.35  -93.14    -0.0    7.29 -173.03] :  Diff impact analysis\n",
      "\n",
      "[ 58 -22  95 -42 -85 -18]\n",
      "[ 98 -38  62   8  88   1]\n",
      "[ 62  27 -54 -39  93 -34]\n",
      "[ 82 -35 -77 -27   0  21]\n",
      "[-57 -86  39  62 -87  67]\n",
      "[ 83 -43 -11  57 -22  82] :  B\n",
      "[ 22186   4576  -7783  -1033   5876   2715]\n",
      "[  4576  22701   9540   4397  -6993   7688]\n",
      "[ -7783   9540  18815   8636 -20749  -2478]\n",
      "[ -1033   4397   8636  15048  -4934   9341]\n",
      "[  5876  -6993 -20749  -4934  28068   9480]\n",
      "[  2715   7688  -2478   9341   9480  19316] :  G\n",
      "(-3, 4, -13, 6, -6, -3) :  The linear combination given by LLL\n",
      "(-3.7064, 4.6505, -15.054, 6.5856, -7.0229, -3.0000) :  The linear combination suggested by cube\n",
      "(-3, -2, 2, -40, -14, -22) :  Shortest vector given by LLL\n",
      "(-1.2383, 0.84570, 1.1436, -4.2612, 1.2695, 4.9580) :  Shortest vector given by cube\n",
      "(0.70639, -0.65046, 2.0539, -0.58561, 1.0229, 0.00000) :  The difference of lincombs\n",
      "[  28.94   10.11  137.83   17.37  -61.42    -0.0]\n",
      "[ -45.03  -16.08  -82.83    3.05  -58.55    -0.0]\n",
      "[  89.95  -36.07 -227.79   46.91  195.39    -0.0]\n",
      "[ -33.92  -13.33   92.61   -9.26    -0.0    -0.0]\n",
      "[ -41.19   57.22   81.94  -37.14  -91.04     0.0]\n",
      "[    0.0     0.0    -0.0    -0.0    -0.0     0.0] :  Diff impact analysis\n",
      "\n",
      "[  0   5 -90  42 -49 -36]\n",
      "[ -4 -32 -39  25 -79 -52]\n",
      "[-42 -39 -43 -11 -58 -27]\n",
      "[ 46  47  72  67  53  46]\n",
      "[-96 -28   4  36   4  56]\n",
      "[ 90  93 -16 -93 -67  26] :  B\n",
      "[ 13586  10143   7027  -7684  -1200    346]\n",
      "[ 10143  12131   8804  -9400  -1204  -1096]\n",
      "[  7027   8804   9348 -11914   2812  -2512]\n",
      "[ -7684  -9400 -11914  18923   -244  -1227]\n",
      "[ -1200  -1204   2812   -244  14464 -13468]\n",
      "[   346  -1096  -2512  -1227 -13468  30819] :  G\n",
      "(-12, 115, -239, -97, 60, 7) :  The linear combination given by LLL\n",
      "(-12.000, 116.72, -243.20, -98.755, 61.048, 7.2095) :  The linear combination suggested by cube\n",
      "(-14, -7, 16, 10, -5, -15) :  Shortest vector given by LLL\n",
      "(-7.1377, 9.2920, 3.8561, -0.22168, -0.28125, -7.6938) :  Shortest vector given by cube\n",
      "(0.00000, -1.7191, 4.1965, 1.7554, -1.0481, -0.20950) :  The difference of lincombs\n",
      "[    0.0    -0.0    -0.0     0.0     0.0     0.0]\n",
      "[    0.0  -94.57  281.36  -75.44 -142.34  -18.73]\n",
      "[   -0.0  281.36 -757.27  -81.03  255.11   23.74]\n",
      "[    0.0 -141.83  530.39  206.45  -97.51  -16.92]\n",
      "[    0.0  -50.45  -17.59  -66.23    4.39    12.3]\n",
      "[   -0.0   33.49   14.07    34.2  -14.71    1.14] :  Diff impact analysis\n",
      "\n",
      "[-90 -88  19  91 -55 -17]\n",
      "[  8 -40  -4  -2  -4  83]\n",
      "[ 57  46 -26  15 -83   3]\n",
      "[-13 -80  93 -66  34   5]\n",
      "[-68  61 -88  64  81 -28]\n",
      "[ 45 -76  20  50 -77 -18] :  B\n",
      "[ 27800   1351  -3793   2016    925  12109]\n",
      "[  1351   8589   -729   3135  -5408   2034]\n",
      "[ -3793   -729  13164 -10636  -4629   5636]\n",
      "[  2016   3135 -10636  20755 -13790   1347]\n",
      "[   925  -5408  -4629 -13790  27530 -11989]\n",
      "[ 12109   2034   5636   1347 -11989  16954] :  G\n",
      "(0, 3, 17, 16, 12, 1) :  The linear combination given by LLL\n",
      "(0.0044758, 2.0899, 12.528, 11.992, 8.9593, 1.0000) :  The linear combination suggested by cube\n",
      "(14, 38, -2, 11, 16, 26) :  Shortest vector given by LLL\n",
      "(10.305, 3.4766, 12.819, 16.082, 7.9707, 2.0713) :  Shortest vector given by cube\n",
      "(-0.0044758, 0.91009, 4.4717, 4.0081, 3.0407, 0.00000) :  The difference of lincombs\n",
      "[    -0.0     0.36    -0.38    -1.63     0.75      0.0]\n",
      "[   -0.03   -33.13   -16.28     -7.3   -11.07      0.0]\n",
      "[   -1.14    187.2   -519.9   268.85 -1128.58      0.0]\n",
      "[    0.23  -291.82  1666.86  -1060.3   414.38      0.0]\n",
      "[    0.93   168.81 -1196.56   780.01   748.93     -0.0]\n",
      "[    -0.0     -0.0      0.0      0.0     -0.0     -0.0] :  Diff impact analysis\n",
      "\n",
      "[-76  51 -13  12  20 -59]\n",
      "[-65 -60 -41  29  89   2]\n",
      "[-57  55  71  27  21 -71]\n",
      "[ 88  65 -95  16   2  34]\n",
      "[ 40 -22  50 -11 -28  27]\n",
      "[ 27 -13  29 -59 -59  16] :  B\n",
      "[ 12571   4423  11147  -3912  -7097  -5924]\n",
      "[  4423  18272      4  -5015  -6087  -9094]\n",
      "[ 11147      4  17526 -10126  -2742  -4163]\n",
      "[ -3912  -5015 -10126  22410  -1974  -1742]\n",
      "[ -7097  -6087  -2742  -1974   6218   5549]\n",
      "[ -5924  -9094  -4163  -1742   5549   8957] :  G\n",
      "(-2, 0, 1, 0, -3, 1) :  The linear combination given by LLL\n",
      "(-0.11953, 0.67820, 0.60272, 0.48583, 0.055098, 1.0000) :  The linear combination suggested by cube\n",
      "(2, 6, -24, -23, 6, -18) :  Shortest vector given by LLL\n",
      "(2.6032, 3.7285, 2.1417, -17.326, 11.056, -0.37854) :  Shortest vector given by cube\n",
      "(-1.8805, -0.67820, 0.39728, -0.48583, -3.0551, 0.00000) :  The difference of lincombs\n",
      "[-268.75   65.04    9.71   10.96   114.9     0.0]\n",
      "[  -82.9   -27.6   11.05    9.56  184.41    -0.0]\n",
      "[  42.58  -14.82   11.21   -5.21  -25.49    -0.0]\n",
      "[   80.4   21.42   18.34    3.78    2.97    -0.0]\n",
      "[  229.8  -45.58  -60.69  -16.33 -261.34    -0.0]\n",
      "[   -0.0     0.0     0.0     0.0     0.0     0.0] :  Diff impact analysis\n",
      "\n",
      "[-32  78 -49 -16  74 -62]\n",
      "[ 69  14 -72 -44 -16   3]\n",
      "[-95  82 -40 -58  -7  92]\n",
      "[-53 -46  31 -48  65 -60]\n",
      "[-50 -80 -83 -15 -80 -38]\n",
      "[-15   1 -69  20 -70  13] :  B\n",
      "[19085  1746  6102  5887 -3897 -2367]\n",
      "[ 1746 12342   413 -5641  3232  4226]\n",
      "[ 6102   413 29226 -3168  -556  4793]\n",
      "[ 5887 -5641 -3168 16015  1557 -7680]\n",
      "[-3897  3232  -556  1557 23858 11203]\n",
      "[-2367  4226  4793 -7680 11203 10456] :  G\n",
      "(3, -2, 1, -10, 9, -16) :  The linear combination given by LLL\n",
      "(2.1892, -1.4701, 1.0000, -8.1652, 7.3108, -13.199) :  The linear combination suggested by cube\n",
      "(-9, 12, 4, 7, -3, -50) :  Shortest vector given by LLL\n",
      "(-1.2930, 9.7090, 9.3984, -10.060, -13.139, -7.6326) :  Shortest vector given by cube\n",
      "(0.81078, -0.52989, 0.00000, -1.8348, 1.6892, -2.8008) :  The difference of lincombs\n",
      "[ -21.04  -33.51    -0.0    23.8  101.35  140.79]\n",
      "[ -29.64    3.93     0.0  -42.78   14.32    4.45]\n",
      "[   -0.0    -0.0    -0.0     0.0    -0.0    -0.0]\n",
      "[  78.85  -44.72    -0.0  -161.6 -201.45 -308.34]\n",
      "[ -68.48    71.6    -0.0   46.49 -228.26  179.78]\n",
      "[  34.06    1.48     0.0  102.78  331.17  101.98] :  Diff impact analysis\n",
      "\n",
      "[-67 -77  97 -66 -73 -24]\n",
      "[ -1 -94   6 -24 -72  23]\n",
      "[-11  67 -65  59  68 -47]\n",
      "[-22 -49  61 -54 -61 -11]\n",
      "[-10  73 -27  73  34  38]\n",
      "[ 11 -12 -79   3 -69  30] :  B\n",
      "[ 30088  14175 -18457  19445 -15782  -3357]\n",
      "[ 14175  15162 -14070  10429 -10340   6229]\n",
      "[-18457 -14070  19149 -13823  11589  -1715]\n",
      "[ 19445  10429 -13823  13364 -11438   -756]\n",
      "[-15782 -10340  11589 -11438  14087    160]\n",
      "[ -3357   6229  -1715   -756    160  12176] :  G\n",
      "(2, -1, -1, -4, -1, 1) :  The linear combination given by LLL\n",
      "(1.2004, -1.0000, -0.80620, -2.2346, -0.54710, 0.59743) :  The linear combination suggested by cube\n",
      "(-13, -16, -43, -21, -1, 12) :  Shortest vector given by LLL\n",
      "(-9.3555, 9.9411, -5.8928, -20.270, 6.0347, 7.7954) :  Shortest vector given by cube\n",
      "(0.79959, 0.00000, -0.19380, -1.7654, -0.45290, 0.40257) :  The difference of lincombs\n",
      "[-42.84   -0.0 -15.03  93.17  26.44  -7.73]\n",
      "[  -0.0   -0.0   -0.0    0.0    0.0    0.0]\n",
      "[   1.7   -0.0  -2.44  20.19   5.97   3.67]\n",
      "[ 31.06    0.0  20.87 -168.3 -48.77   7.82]\n",
      "[  3.62   -0.0  -2.37  58.37   6.97  -6.93]\n",
      "[  3.54   -0.0   6.16  -2.13  12.58   4.86] :  Diff impact analysis\n",
      "\n",
      "[ 41 -65  49  87  56  99]\n",
      "[ 45  97  18  87 -26  -4]\n",
      "[-14 -39 -65 -28  11  89]\n",
      "[ 36 -65  58 -43 -48 -35]\n",
      "[ 72  62  50 -86 -72 -73]\n",
      "[-33  -6  45  98  75  -2] :  B\n",
      "[ 28813   2139   5767  -1351 -17369  13770]\n",
      "[  2139  20019  -8661  -5994   4836   5327]\n",
      "[  5767  -8661  14768  -4178 -11557  -4326]\n",
      "[ -1351  -5994  -4178  14263  11171  -5932]\n",
      "[-17369   4836 -11557  11171  29437 -14180]\n",
      "[ 13770   5327  -4326  -5932 -14180  18383] :  G\n",
      "(0, 0, 1, 0, 1, 1) :  The linear combination given by LLL\n",
      "(-1.0858, 0.78151, 2.7158, 1.2342, 1.0000, 2.3956) :  The linear combination suggested by cube\n",
      "(25, 17, 30, -16, 14, 14) :  Shortest vector given by LLL\n",
      "(-9.9940, 7.8657, 13.722, -6.8188, -2.8223, 10.100) :  Shortest vector given by cube\n",
      "(1.0858, -0.78151, -1.7158, -1.2342, 0.00000, -1.3956) :  The difference of lincombs\n",
      "[  48.34   55.16  -91.29 -116.59     0.0 -150.02]\n",
      "[ -38.19   59.24   24.14   83.92     0.0   -4.36]\n",
      "[  26.08   -52.3 -191.37   -59.3    -0.0  213.13]\n",
      "[ -48.25   -62.7  122.83   -65.5     0.0  -60.29]\n",
      "[    0.0    -0.0    -0.0     0.0    -0.0     0.0]\n",
      "[  50.01   -6.54  107.76  168.81    -0.0    -3.9] :  Diff impact analysis\n",
      "\n",
      "[ 48   7  46  26 -64  94]\n",
      "[-16  70 -37 -44  62  18]\n",
      "[ 53 -39   4 -38 -18 -45]\n",
      "[-51 -74 -15 -89 -92  -4]\n",
      "[-94   0  22  85   5  30]\n",
      "[-43 -33  70  79 -68  50] :  B\n",
      "[ 18077  -5400  -1611   -458   1210  12031]\n",
      "[ -5400  12629  -3980  -5669  -2200 -11004]\n",
      "[ -1611  -3980   8139   5341  -9564  -4740]\n",
      "[  -458  -5669   5341  24703  -3681   2610]\n",
      "[  1210  -2200  -9564  -3681  17470  13457]\n",
      "[ 12031 -11004  -4740   2610  13457  21203] :  G\n",
      "(0, 1, 1, 0, 0, 1) :  The linear combination given by LLL\n",
      "(-0.73767, -0.16809, -1.3426, -0.090299, -1.4944, 1.0000) :  The linear combination suggested by cube\n",
      "(-6, -2, 37, -3, -24, 23) :  Shortest vector given by LLL\n",
      "(-1.7971, 9.1156, 5.3931, -0.75269, -6.2079, -6.4186) :  Shortest vector given by cube\n",
      "(0.73767, 1.1681, 2.3427, 0.090299, 1.4944, 0.00000) :  The difference of lincombs\n",
      "[  26.12    6.03   79.49    1.73  -70.55     0.0]\n",
      "[ -13.79   95.51 -101.25   -4.64  108.23     0.0]\n",
      "[  91.59 -106.72   21.95   -8.04  -63.02    -0.0]\n",
      "[   -3.4   -7.81   -3.17   -0.73  -12.41    -0.0]\n",
      "[-103.62     0.0   77.02   11.47   11.17     0.0]\n",
      "[   -0.0    -0.0     0.0     0.0    -0.0     0.0] :  Diff impact analysis\n",
      "\n",
      "[-22  57 -88 -78 -54 -74]\n",
      "[-21 -12  25  86  46  36]\n",
      "[ 89  88 -40 -91 -99 -71]\n",
      "[ 20  24  44 -61 -76 -95]\n",
      "[ 59  23 -52  20  -6  62]\n",
      "[-50 -54 -44  65 -87 -26] :  B\n",
      "[ 25953 -14278  24276  12948  -1235   3446]\n",
      "[-14278  12018 -18861 -11770    861   1250]\n",
      "[ 24276 -18861  40388  21952   3727  -2898]\n",
      "[ 12948 -11770  21952  21434  -7210    885]\n",
      "[ -1235    861   3727  -7210  10994  -1694]\n",
      "[  3446   1250  -2898    885  -1694  19822] :  G\n",
      "(0, -1, -1, 1, 1, 0) :  The linear combination given by LLL\n",
      "(-2.3794, -1.0000, 4.4770, -5.4673, -5.1481, 0.93540) :  The linear combination suggested by cube\n",
      "(11, -29, 7, -36, -29, 2) :  Shortest vector given by LLL\n",
      "(11.946, -29.781, -8.7131, -16.470, 4.2878, -1.8999) :  Shortest vector given by cube\n",
      "(2.3794, 0.00000, -5.4770, 6.4673, 6.1481, -0.93540) :  The difference of lincombs\n",
      "[ -124.55      0.0  1146.81 -1200.28  -789.95    164.7]\n",
      "[    -0.0     -0.0     -0.0      0.0      0.0     -0.0]\n",
      "[-1159.84     -0.0  -1199.9  3223.36  3333.64  -363.75]\n",
      "[  307.76      0.0 -1558.55  -2551.4 -3021.88    574.7]\n",
      "[  863.09      0.0   1751.0   795.23  -226.79  -356.56]\n",
      "[  111.28      0.0  -225.42  -393.22   500.33   -22.75] :  Diff impact analysis\n",
      "\n",
      "[-82  76  75 -35  94  27]\n",
      "[-28  63  66  32  19 -47]\n",
      "[ 36  75 -32  91 -32 -50]\n",
      "[ 34 -82 -91 -27 -70   4]\n",
      "[ 54 -84  97 -45 -22 -38]\n",
      "[  5 -33 -17  30  83  41] :  B\n",
      "[ 28915  11431  -7195 -21372  -5056   3666]\n",
      "[ 11431  12703   6259 -14506   -474  -2731]\n",
      "[ -7195   6259  19750  -2431  -8951  -3727]\n",
      "[-21372 -14506  -2431  21806   2500  -2033]\n",
      "[ -5056   -474  -8951   2500  23334  -3341]\n",
      "[  3666  -2731  -3727  -2033  -3341  10873] :  G\n",
      "(-2, 2, -2, -1, -1, 0) :  The linear combination given by LLL\n",
      "(-0.87586, -0.11775, -0.61003, -1.0000, -0.35325, -0.23889) :  The linear combination suggested by cube\n",
      "(-52, -10, 40, 24, 6, -14) :  Shortest vector given by LLL\n",
      "(-1.1135, -0.17926, 6.8565, 7.1039, -7.1033, 12.016) :  Shortest vector given by cube\n",
      "(-1.1241, 2.1177, -1.3900, 0.00000, -0.64676, 0.23889) :  The difference of lincombs\n",
      "[-103.62 -180.93  117.19     0.0   68.34   -7.25]\n",
      "[  66.66  282.55 -194.28     0.0  -26.02  -23.78]\n",
      "[  56.25 -220.77  -61.82    -0.0  -28.77    16.6]\n",
      "[   -0.0    -0.0     0.0    -0.0     0.0     0.0]\n",
      "[  39.26  115.05    87.2     0.0    -9.2    5.87]\n",
      "[  -1.34  -16.69    5.64     0.0  -12.82    2.34] :  Diff impact analysis\n",
      "\n",
      "[ 39   6 -16  32 -99  -1]\n",
      "[-76  79  47 -97  49 -44]\n",
      "[-49 -81 100 -73  11 -13]\n",
      "[ -5 -61  -2 -36  65  -9]\n",
      "[ 93 -83 -51 -74 -32 -33]\n",
      "[-27 -92 -41  71  69  84] :  B\n",
      "[ 12639 -11153  -7409  -8107   4778  -5592]\n",
      "[-11153  27972  10217   2540  -8960 -14345]\n",
      "[ -7409  10217  24581   8446   2545   -841]\n",
      "[ -8107   2540   8446   9352   5581   7002]\n",
      "[  4778  -8960   2545   5581  25728  -3018]\n",
      "[ -5592 -14345   -841   7002  -3018  27732] :  G\n",
      "(0, 1, 0, -2, 1, 1) :  The linear combination given by LLL\n",
      "(1.8911, 1.0000, -0.26141, 1.3240, -0.20159, 0.53445) :  The linear combination suggested by cube\n",
      "(0, 26, -41, -28, -44, 25) :  Shortest vector given by LLL\n",
      "(-29.236, -1.6790, -23.677, -12.202, -11.707, -2.8625) :  Shortest vector given by cube\n",
      "(-1.8911, 0.00000, 0.26141, -3.3240, 1.2016, 0.46555) :  The difference of lincombs\n",
      "[ 139.47    -0.0    7.91  201.15  224.96    0.88]\n",
      "[    0.0     0.0     0.0     0.0     0.0    -0.0]\n",
      "[  24.22    -0.0    6.83   63.43    3.46   -1.58]\n",
      "[ -31.43     0.0    1.74 -397.76 -259.61   13.93]\n",
      "[-211.33    -0.0  -16.02  295.56   -46.2  -18.46]\n",
      "[  23.77    -0.0   -4.99 -109.87    38.6   18.21] :  Diff impact analysis\n",
      "\n",
      "[-94  76 -90 -12 -57 -25]\n",
      "[-31  63 -20  83  94  61]\n",
      "[ 36 -59  58 -81  72   6]\n",
      "[  0 -93  52 -14  58 -18]\n",
      "[ 55 -11  16 -32  -2 -52]\n",
      "[-65 -58  40 -97 -86  77] :  B\n",
      "[ 26730   1623 -16370 -14436  -5648   2243]\n",
      "[  1623  24776  -5582  -3707  -8734 -13877]\n",
      "[-16370  -5582  19922  13705   5693   5529]\n",
      "[-14436  -3707  13705  15237   3123   2458]\n",
      "[ -5648  -8734   5693   3123   7134  -3025]\n",
      "[  2243 -13877   5529   2458  -3025  31923] :  G\n",
      "(0, 3, -2, 1, 6, 2) :  The linear combination given by LLL\n",
      "(0.25814, 1.7184, -1.3061, 1.0000, 3.4225, 1.2024) :  The linear combination suggested by cube\n",
      "(35, 32, 52, 11, 12, -5) :  Shortest vector given by LLL\n",
      "(-14.472, 4.5500, 21.502, 5.1702, 0.52966, -12.854) :  Shortest vector given by cube\n",
      "(-0.25814, 1.2816, -0.69395, 0.00000, 2.5775, 0.79763) :  The difference of lincombs\n",
      "[  -6.26  -25.14  -16.12     0.0   37.93    5.15]\n",
      "[  10.26  103.48   17.79     0.0  310.52   62.36]\n",
      "[   6.45   52.47   27.93     0.0 -128.78   -3.32]\n",
      "[   -0.0    -0.0    -0.0    -0.0     0.0    -0.0]\n",
      "[  -36.6  -36.34  -28.62    -0.0  -13.29 -106.91]\n",
      "[  13.38  -59.29  -22.14    -0.0 -176.81   48.99] :  Diff impact analysis\n",
      "\n",
      "[-52  34 -36 -64  16  72]\n",
      "[ -1 -40 -93  17  20  17]\n",
      "[ 11  32 -50   4   2  -6]\n",
      "[-31  99  49  85 -49  73]\n",
      "[ 37  79  87  28 -86 -48]\n",
      "[ 63  43 -55  41 -92 -19] :  B\n",
      "[ 14692   2496   1660   2246  -8994  -5298]\n",
      "[  2496  11228   3365  -6780 -13348   1866]\n",
      "[  1660   3365   3701    181  -1187   4913]\n",
      "[  2246  -6780    181  28118  14027   6215]\n",
      "[ -8994 -13348  -1187  14027  25663  10915]\n",
      "[ -5298   1866   4913   6215  10915  19349] :  G\n",
      "(0, -1, -1, 0, -1, 1) :  The linear combination given by LLL\n",
      "(0.46807, 1.6781, -1.0000, -0.16028, 1.2665, -0.44272) :  The linear combination suggested by cube\n",
      "(16, -28, 1, -8, -28, 18) :  Shortest vector given by LLL\n",
      "(-13.080, -18.059, 3.7703, -1.7424, -21.285, 4.1477) :  Shortest vector given by cube\n",
      "(-0.46807, -2.6781, 0.00000, 0.16028, -2.2665, 1.4427) :  The difference of lincombs\n",
      "[ -11.39   42.62     0.0     4.8   16.97  -48.62]\n",
      "[  -1.25 -286.88     0.0    -7.3   121.4  -65.68]\n",
      "[   -0.0    -0.0    -0.0     0.0    -0.0    -0.0]\n",
      "[   2.33  -42.49     0.0    2.18    17.8   16.88]\n",
      "[  39.25  479.52    -0.0  -10.17 -441.79  156.96]\n",
      "[ -42.54 -166.14    -0.0    9.48  300.84  -39.55] :  Diff impact analysis\n",
      "\n",
      "[ 31  20  29  15 -15  38]\n",
