[{"B": [[-69, -100, 52, -60, 39, 72], [-27, 1, 88, -100, -25, 1], [-82, -68, 12, 18, -84, -55], [76, 45, 52, 63, -100, 15], [59, -18, 27, 40, -56, -17], [-87, 4, -80, 32, 86, 75]], "G": [[27770, 11436, 4766, -13640, -6675, 8277], [11436, 19100, 3447, -1216, -1852, -9962], [4766, 3447, 21897, 41, 3069, -4871], [-13640, -1216, 41, 24699, 12943, -16051], [-6675, -1852, 3069, 12943, 9559, -12176], [8277, -9962, -4871, -16051, -12176, 28030]], "lincomb_LLL": [4.0, -8.0, 1.0, 5.0, -16.0, -8.0], "lincomb_cube": [5.282569885253906, -10.045669555664062, 1.0, 6.373870849609375, -19.864227294921875, -9.935333251953125], "LLL.norm": 39.67364501953125, "cube.norm": 11.804153442382812, "sv_LLL": [-10.0, 5.0, -16.0, -3.0, -20.0, -28.0], "sv_cube": [1.533203125, -1.6636962890625, -7.390625, -5.33203125, -6.2666015625, 3.44921875]}, {"B": [[51, -83, -82, -1, 42, -5], [-16, 40, 67, 92, -40, 3], [71, -66, 71, -100, 28, -46], [-18, -16, -84, 15, 59, -1], [56, 27, -88, 54, -71, -33], [-34, 16, 32, -78, 11, 16]], "G": [[18004, -11417, 4783, 9766, 4960, -5226], [-11417, 16418, -9477, -6963, 1997, -4240], [4783, -9477, 27338, -5988, -9924, 6174], [9766, -6963, -5988, 11343, 2606, -2869], [4960, 1997, -9924, 2606, 20655, -9809], [-5226, -4240, 6174, -2869, -9809, 8897]], "lincomb_LLL": [64.0, 96.0, 15.0, 35.0, 38.0, 126.0], "lincomb_cube": [65.0185546875, 97.04345703125, 15.057785034179688, 35.0, 38.45391845703125, 127.6715087890625], "LLL.norm": 34.828125, "cube.norm": 24.9334716796875, "sv_LLL": [7.0, 20.0, -3.0, 17.0, 21.0, 5.0], "sv_cube": [14.9375, 12.38671875, 1.03515625, 0.34375, 9.8203125, 12.14453125]}, {"B": [[-67, -16, 78, -38, 52, 90], [-3, -50, 65, -81, 44, 68], [16, 51, -99, -2, -81, 8], [-21, 94, 6, -67, 59, -26], [63, -96, 96, -36, -87, -72], [21, 78, -65, -5, 5, -54]], "G": [[23077, 17557, -13026, 3645, -4833, -12135], [17557, 19855, -11891, 2008, 5043, -11235], [-13026, -11891, 19287, -989, -6849, 9922], [3645, 2008, -989, 17959, -10620, 8535], [-4833, 5043, -6849, -10620, 36450, -8772], [-12135, -11235, 9922, 8535, -8772, 13716]], "lincomb_LLL": [-7.0, 0.0, 1.0, 6.0, -2.0, -12.0], "lincomb_cube": [-5.923858642578125, -0.2525062561035156, 1.0, 5.3689117431640625, -1.5217418670654297, -10.485366821289062], "LLL.norm": 43.03485107421875, "cube.norm": 23.03277587890625, "sv_LLL": [-19.0, -17.0, -21.0, -6.0, 23.0, 14.0], "sv_cube": [-15.153564453125, -8.6865234375, -9.798828125, -8.94818115234375, -3.42047119140625, -6.134765625]}, {"B": [[21, -98, 60, 74, 30, -40], [-56, 87, -41, -58, -30, 98], [86, -36, 1, -16, -47, 28], [23, -29, -39, 15, 27, 43], [-12, -49, 1, -70, -73, -48], [-61, 59, 87, 71, 28, 83]], "G": [[21621, -21274, 1680, 1185, -840, 931], [-21274, 26254, -2907, 322, -2086, 8158], [1680, -2907, 11942, 2678, 3940, -7411], [1185, 322, 2678, 5694, -3979, -1117], [-840, -2086, 3940, -3979, 15079, -13070], [931, 8158, -7411, -1117, -13070, 27485]], "lincomb_LLL": [8.0, 8.0, 1.0, -7.0, -5.0, -5.0], "lincomb_cube": [9.769241333007812, 9.517013549804688, 1.0, -8.189208984375, -5.7015228271484375, -5.930152893066406], "LLL.norm": 38.9615478515625, "cube.norm": 15.556991577148438, "sv_LLL": [10.0, 29.0, -14.0, 2.0, -11.0, 16.0], "sv_cube": [0.0068359375, 1.5771484375, -5.28857421875, 10.1650390625, -10.375244140625, -0.76806640625]}, {"B": [[24, -51, 78, 5, -72, 65], [13, -54, 42, -96, 8, -7], [63, -37, -33, -80, -94, 55], [-45, 75, -13, -8, -53, 6], [82, -98, -46, -57, 99, 53], [23, -60, 65, 72, 82, -32]], "G": [[18695, 4831, 10768, -1753, -590, 1058], [4831, 14178, 7974, -4879, 10319, 237], [10768, 7974, 24688, 771, 8479, -13704], [-1753, -4879, 771, 10728, -14915, -11494], [-590, 10319, 8479, -14915, 34303, 7094], [1058, 237, -13704, -11494, 7094, 21286]], "lincomb_LLL": [-1.0, 0.0, 2.0, 3.0, 0.0, 3.0], "lincomb_cube": [-0.9718952178955078, 0.2218625545501709, 2.0, 4.449241638183594, 0.6273517608642578, 3.5268630981445312], "LLL.norm": 67.6978759765625, "cube.norm": 46.84649658203125, "sv_LLL": [36.0, 22.0, 12.0, 27.0, -29.0, -33.0], "sv_cube": [37.903564453125, 24.18701171875, 10.05810546875, -3.5771484375, -0.748046875, -7.6407470703125]}, {"B": [[36, -59, 92, -82, -46, 30], [-53, 13, 85, 21, -18, -63], [-90, 10, -54, 27, -8, 4], [-94, 58, -71, 94, 63, 55], [-39, -40, -93, -74, -52, -59], [-32, -51, 14, 34, 20, 18]], "G": [[22981, 2361, -10524, -22294, -910, -23], [2361, 14937, 769, -2924, -3259, 1443], [-10524, 769, 11925, 15128, 6314, 2444], [-22294, -2924, 15128, 33071, -5528, 4502], [-910, -3259, 6314, -5528, 23431, -2632], [-23, 1443, 2444, 4502, -2632, 5701]], "lincomb_LLL": [-1.0, -1.0, 4.0, -3.0, -2.0, 0.0], "lincomb_cube": [-1.0, -0.6437931060791016, 2.336029052734375, -2.029815673828125, -1.214324951171875, 0.19976592063903809], "LLL.norm": 66.53564453125, "cube.norm": 52.270751953125, "sv_LLL": [17.0, -8.0, 6.0, 35.0, -53.0, 2.0], "sv_cube": [19.64727783203125, -5.3533477783203125, -13.022247314453125, 37.40264892578125, -21.838165283203125, -16.495880126953125]}, {"B": [[-30, -19, -60, 75, 79, -93], [-51, -43, -51, 30, 0, 91], [94, 1, -24, -74, -61, -5], [-29, -75, -58, -84, -91, 31], [98, -67, -72, 44, 13, 11], [91, -58, -43, 80, 10, -94]], "G": [[25376, -806, -11303, -10597, 5957, 16484], [-806, 16232, -6288, 7963, 3876, -6108], [-11303, -6288, 18635, 10203, 6769, 3468], [-10597, 7963, 10203, 26128, 1821, -6339], [5957, 3876, 6769, 1821, 21503, 18516], [16484, -6108, 3468, -6339, 18516, 28830]], "lincomb_LLL": [0.0, 2.0, 2.0, -1.0, -2.0, 1.0], "lincomb_cube": [-0.1037600040435791, 1.2053890228271484, 0.8466920852661133, -0.40814781188964844, -1.2815895080566406, 1.0], "LLL.norm": 87.452880859375, "cube.norm": 39.37969970703125, "sv_LLL": [10.0, 67.0, 9.0, -12.0, -47.0, 25.0], "sv_cube": [-1.532470703125, 9.4638671875, -2.622802734375, 23.61895751953125, -29.3643798828125, -5.6434326171875]}, {"B": [[-49, 39, -46, -19, -27, 93], [73, -21, 11, -54, -54, 71], [-6, -42, -26, 40, 13, 50], [87, -91, 64, -22, -87, -16], [-24, 47, -22, -34, 37, 42], [-15, 84, 33, -56, 4, -63]], "G": [[15777, 4185, 3391, -9477, 7574, -2410], [4185, 16764, 846, 13716, -161, -4161], [3391, 846, 6745, -1175, -37, -9634], [-9477, 13716, -1175, 28255, -10916, -4945], [7574, -161, -37, -10916, 7558, 2988], [-2410, -4161, -9634, -4945, 2988, 15491]], "lincomb_LLL": [0.0, 1.0, 1.0, -1.0, -2.0, 1.0], "lincomb_cube": [-0.2314152717590332, 1.0, 2.286884307861328, -0.741729736328125, -1.480386734008789, 1.70361328125], "LLL.norm": 39.66107177734375, "cube.norm": 26.5758056640625, "sv_LLL": [13.0, 18.0, -2.0, 20.0, -24.0, -10.0], "sv_cube": [16.0626220703125, 14.9482421875, 3.5030517578125, 13.12109375, -1.45159912109375, 6.1865234375]}, {"B": [[45, 8, -78, -86, 50, 84], [18, -56, -55, -63, -87, 99], [-57, -16, -43, 94, 91, -32], [58, -96, 59, 72, 55, 39], [20, -9, 75, -35, -91, -5], [54, 89, 78, 34, 95, -69]], "G": [[25125, 14036, -5561, -2926, -6982, -6912], [14036, 27824, -14772, -2285, 6366, -25540], [-5561, -14772, 23495, 6218, -15632, 6193], [-2926, -2285, 6218, 25791, -1271, 4172], [-6982, 6366, -15632, -1271, 15637, -3361], [-6912, -25540, 6193, 4172, -3361, 31863]], "lincomb_LLL": [-3.0, -2.0, -7.0, 1.0, -8.0, -2.0], "lincomb_cube": [-3.0, -3.1382369995117188, -8.001678466796875, 1.3245830535888672, -8.530319213867188, -2.68426513671875], "LLL.norm": 60.10821533203125, "cube.norm": 45.4754638671875, "sv_LLL": [18.0, -2.0, -52.0, 10.0, -20.0, -9.0], "sv_cube": [25.87646484375, -9.518798828125, -20.32080078125, 6.2169189453125, -11.019775390625, -27.107177734375]}, {"B": [[-58, 7, 20, 79, -88, -29], [77, 33, 11, 23, 50, 0], [-40, 39, -71, 1, 95, 86], [63, 73, 23, 57, -30, -60], [-8, 78, -94, -99, -25, -53], [72, -51, 78, 65, -13, 9]], "G": [[18639, -6598, -9602, 6200, -4954, 3045], [-6598, 10168, 2199, 7324, -2603, 5564], [-9602, 2199, 24584, -9259, 3004, -10803], [6200, 7324, -9259, 17576, 1315, 6162], [-4954, -2603, 3004, 1315, 28219, -18473], [3045, 5564, -10803, 6162, -18473, 18344]], "lincomb_LLL": [1.0, 1.0, 0.0, -1.0, 1.0, 1.0], "lincomb_cube": [2.085956573486328, 3.540538787841797, -0.5493669509887695, -2.6264610290527344, 1.0, 0.1456143856048584], "LLL.norm": 53.9073486328125, "cube.norm": 29.58251953125, "sv_LLL": [20.0, -6.0, -8.0, 11.0, -46.0, -13.0], "sv_cube": [10.628036499023438, -11.14385986328125, -23.38055419921875, 6.430267333984375, -6.8264007568359375, -1.8401050567626953]}, {"B": [[-59, -38, 52, 57, 75, 40], [-65, -61, -97, -15, -98, -8], [-35, 37, -58, -67, 89, -39], [17, 19, -89, -11, -48, -21], [-65, 44, -92, -38, 23, -34], [31, -65, 88, -81, -25, 27]], "G": [[18103, -7416, -1061, -11420, -4422, -195], [-7416, 27248, -1761, 11406, 9053, -3137], [-1061, -1761, 19889, 2554, 15158, -6445], [-11420, 11406, 2554, 11437, 7947, -7016], [-4422, 9053, 15158, 7947, 17754, -11386], [-195, -3137, -6445, -7016, -11386, 20845]], "lincomb_LLL": [1.0, -1.0, -1.0, 2.0, 1.0, 1.0], "lincomb_cube": [0.5052080154418945, -0.5189619064331055, -0.7151918411254883, 0.8081512451171875, 1.0, 0.5237283706665039], "LLL.norm": 62.92059326171875, "cube.norm": 20.979461669921875, "sv_LLL": [41.0, 3.0, 25.0, -2.0, -14.0, 38.0], "sv_cube": [-6.068878173828125, 11.3092041015625, 0.25396728515625, -4.8125, -3.7876739501953125, 15.421981811523438]}, {"B": [[36, 8, 9, 80, -35, 92], [70, -78, -53, -6, -41, 11], [-73, -79, -15, -46, 1, 66], [99, -75, -48, -86, -14, -1], [-67, -63, -16, 76, 21, -51], [81, 43, -18, 46, -93, -8]], "G": [[17530, 3386, -1038, -3950, -2407, 9297], [3386, 15631, 2808, 16403, -806, 6719], [-1038, 2808, 18268, 3294, 3267, -11777], [-3950, 16403, 3294, 25323, -7919, 3012], [-2407, -806, 3267, -7919, 17532, -5897], [9297, 6719, -11777, 3012, -5897, 19563]], "lincomb_LLL": [-3.0, 12.0, -2.0, -9.0, -5.0, -4.0], "lincomb_cube": [-2.4771499633789062, 10.292770385742188, -2.0, -7.66827392578125, -4.1829376220703125, -3.642131805419922], "LLL.norm": 56.3648681640625, "cube.norm": 46.77899169921875, "sv_LLL": [-2.0, 16.0, -49.0, -10.0, 4.0, 20.0], "sv_cube": [3.4013671875, 17.380126953125, -37.248046875, 6.1015625, 20.92919921875, 3.457855224609375]}, {"B": [[51, -89, -18, -76, 32, 31], [14, -21, 47, 6, -68, -45], [64, 43, -93, -63, 44, -33], [-44, 2, 40, 84, -67, 3], [-25, -98, -65, -63, -58, 70], [-79, 2, 19, -24, 11, 23]], "G": [[18607, -2290, 6284, -11577, 13719, -1660], [-2290, 9531, -6263, 6147, -931, -2182], [6284, -6263, 21588, -14789, -662, -5500], [-11577, 6147, -14789, 15094, -2892, 1556], [13719, -931, -662, -2892, 26687, 3028], [-1660, -2182, -5500, 1556, 3028, 7832]], "lincomb_LLL": [3.0, 0.0, 3.0, 5.0, -1.0, 2.0], "lincomb_cube": [2.3922386169433594, -0.04493141174316406, 2.1502761840820312, 3.5954971313476562, -1.0, 1.676839828491211], "LLL.norm": 54.01849365234375, "cube.norm": 23.879730224609375, "sv_LLL": [-8.0, -26.0, -30.0, 18.0, -27.0, -15.0], "sv_cube": [-6.6796875, -10.958938598632812, -4.467926025390625, 7.23095703125, 9.76629638671875, -15.42388916015625]}, {"B": [[-34, 54, -15, -78, -6, -71], [40, 6, 7, -17, -17, -26], [-47, -99, -84, 48, -59, 57], [92, -99, -65, -71, 31, 54], [-8, 45, 71, 43, -13, -33], [-54, -55, -40, -38, 42, 36]], "G": [[15458, 2133, -9925, -5981, 704, -378], [2133, 2939, -4357, 1907, 795, -3774], [-9925, -4357, 28100, 8778, -9093, 9093], [-5981, 1907, 8778, 31408, -15044, 9021], [704, 795, -9093, -15044, 10237, -8251], [-378, -3774, 9093, 9021, -8251, 12045]], "lincomb_LLL": [-3.0, 8.0, -1.0, -4.0, -5.0, 3.0], "lincomb_cube": [-3.294586181640625, 9.028045654296875, -1.1394462585449219, -4.201988220214844, -5.0, 3.307483673095703], "LLL.norm": 39.19183349609375, "cube.norm": 14.3865966796875, "sv_LLL": [-21.0, -9.0, -30.0, 5.0, 8.0, 5.0], "sv_cube": [1.50439453125, -1.84912109375, -5.84130859375, 6.464111328125, 7.170654296875, -8.6004638671875]}, {"B": [[6, -6, -59, -68, 63, -67], [-48, -3, 10, -91, 46, 59], [8, 51, 96, 32, 90, 94], [-89, 83, 88, 55, 80, -68], [-44, 69, 90, 19, 51, 79], [100, -78, -23, -20, 38, 21]], "G": [[16635, 4273, -8726, -368, -9360, 4772], [4273, 16291, 7197, -434, 8083, 11], [-8726, 7197, 29841, 14537, 24431, -632], [-368, -434, 14537, 36603, 17316, -16886], [-9360, 8083, 24431, 17316, 24000, -8635], [4772, 11, -632, -16886, -8635, 18898]], "lincomb_LLL": [-2.0, 3.0, 11.0, 0.0, -15.0, -6.0], "lincomb_cube": [-2.0, 3.0637474060058594, 9.615707397460938, 0.2721853256225586, -13.657638549804688, -5.172515869140625], "LLL.norm": 62.241455078125, "cube.norm": 45.45672607421875, "sv_LLL": [-8.0, -3.0, -8.0, 50.0, 9.0, 34.0], "sv_cube": [-22.673828125, -23.1201171875, -14.5223388671875, 23.8272705078125, 9.025390625, 12.552978515625]}, {"B": [[51, -58, -97, -67, -37, 9], [7, 91, -99, -72, -43, -53], [-36, -79, -79, 23, -51, 73], [-5, 86, -54, 96, -59, 30], [93, 54, 97, 72, 99, 57], [99, -97, -43, 5, 65, 8]], "G": [[21313, 10620, 11412, -3984, -15772, 12178], [10620, 27973, -2952, 7172, -16500, -7456], [11412, -2952, 22237, 5059, -14509, 4880], [-3984, 7172, 5059, 23934, 1722, -9630], [-15772, -16500, -14509, 1722, 39208, 7049], [12178, -7456, 4880, -9630, 7049, 25373]], "lincomb_LLL": [-2.0, 1.0, 1.0, 0.0, 0.0, 1.0], "lincomb_cube": [-0.89312744140625, 0.8511295318603516, 1.0, -0.5738897323608398, 0.36405420303344727, 0.16749095916748047], "LLL.norm": 113.749755859375, "cube.norm": 46.5196533203125, "sv_LLL": [-32.0, 31.0, -27.0, 90.0, 45.0, 10.0], "sv_cube": [-22.28338623046875, 4.311981201171875, -17.527374267578125, -6.485786437988281, 26.23492431640625, 24.726318359375]}, {"B": [[-64, 49, -44, -90, -80, -16], [-37, 44, -74, 65, 55, 41], [-100, -50, -8, -31, -78, -11], [20, 67, -36, 31, 49, -27], [73, -22, -28, 7, -78, 35], [22, 4, -85, 16, -74, 70]], "G": [[23189, -3126, 13508, -2691, 532, 5888], [-3126, 17712, -4664, 8475, -3997, 5492], [13508, -4664, 19730, -9548, -494, 2786], [-2691, 8475, -9548, 10276, -3556, -1252], [532, -3997, -494, -3556, 13955, 12232], [5888, 5492, 2786, -1252, 12232, 18357]], "lincomb_LLL": [2.0, 5.0, 0.0, -2.0, 7.0, -7.0], "lincomb_cube": [1.7308616638183594, 4.0213775634765625, -0.3160538673400879, -2.0, 5.250144958496094, -5.345100402832031], "LLL.norm": 32.1558837890625, "cube.norm": 13.289306640625, "sv_LLL": [4.0, 2.0, 13.0, 20.0, -11.0, -18.0], "sv_cube": [-2.2923583984375, 6.672088623046875, 8.11767578125, 4.6390380859375, -4.61474609375, 4.2568359375]}, {"B": [[-1, 46, -7, 58, -79, 40], [27, 52, 49, -5, 19, 64], [88, 98, 20, -73, 64, 60], [97, -75, -38, 50, -83, -98], [70, 59, 49, 66, 45, 80], [35, -38, 97, 95, -45, -4]], "G": [[13371, 2791, -2610, 2256, 5774, 6443], [2791, 10316, 13873, -11242, 13004, 2136], [-2610, 13873, 30773, -14416, 15784, -8759], [2256, -11242, -14416, 35471, -7772, 11436], [5774, 13004, 15784, -7772, 23563, 8886], [6443, 2136, -8759, 11436, 8886, 23144]], "lincomb_LLL": [1.0, -4.0, 2.0, -1.0, 0.0, 1.0], "lincomb_cube": [0.47600269317626953, -2.6864166259765625, 1.2404632568359375, -0.7171907424926758, -0.07867228984832764, 1.0], "LLL.norm": 80.6473388671875, "cube.norm": 26.582244873046875, "sv_LLL": [5.0, 71.0, -28.0, -23.0, 11.0, -2.0], "sv_cube": [-3.9229736328125, 14.91558837890625, 10.240966796875, 4.4344482421875, 1.7301025390625, -18.472015380859375]}, {"B": [[98, 28, -70, -21, 1, 21], [48, -64, -45, 6, 91, -64], [96, 58, -97, 59, 62, 76], [-52, -66, -88, 86, -2, 41], [32, -56, 77, 79, 60, -10], [-4, 90, -10, -22, -18, 33]], "G": [[16171, 4683, 18241, -1731, -5631, 3965], [4683, 20838, 6393, 3398, 8229, -9384], [18241, 6393, 35090, 7782, -24, 5900], [-1731, 3398, 7782, 23885, 1520, -5355], [-5631, 8229, -24, 1520, 20030, -9086], [3965, -9384, 5900, -5355, -9086, 10113]], "lincomb_LLL": [-3.0, -1.0, 3.0, -2.0, -2.0, -4.0], "lincomb_cube": [-1.8629302978515625, -1.0, 2.054004669189453, -1.3615303039550781, -1.632761001586914, -3.583740234375], "LLL.norm": 75.61083984375, "cube.norm": 29.38525390625, "sv_LLL": [2.0, 38.0, 26.0, -8.0, 48.0, 35.0], "sv_cube": [-0.49639892578125, -10.27099609375, 6.095947265625, -12.929443359375, 3.75006103515625, 23.22412109375]}, {"B": [[-21, -10, 79, -91, -35, 88], [16, 65, 67, 18, -39, -60], [17, -56, -40, 34, 27, -66], [5, -51, -100, -80, -92, -47], [-30, -76, 27, -84, -70, -77], [84, 4, -56, -92, -24, 57]], "G": [[24032, -1246, -12804, -1131, 6841, 8000], [-1246, 14415, -2529, -4967, 2227, -6288], [-12804, -2529, 11266, 4839, 3002, -4094], [-1131, -4967, 4839, 29699, 17805, 12705], [6841, 2227, 3002, 17805, 25290, 683], [8000, -6288, -4094, 12705, 683, 22497]], "lincomb_LLL": [-1.0, 0.0, -1.0, -1.0, 1.0, 1.0], "lincomb_cube": [-2.2747268676757812, -1.0026416778564453, -2.335491180419922, -1.5112934112548828, 2.017833709716797, 1.0], "LLL.norm": 86.2554931640625, "cube.norm": 48.3995361328125, "sv_LLL": [53.0, 45.0, 32.0, -39.0, 6.0, 5.0], "sv_cube": [7.93212890625, 16.08349609375, -3.84979248046875, -31.048828125, 29.450927734375, -13.2177734375]}, {"B": [[-39, 87, -90, -73, 82, -36], [40, 78, -77, 11, 10, -40], [-35, -84, -39, 78, -80, -76], [86, -37, -85, 60, -16, 85], [-84, 71, -91, -39, 48, -80], [69, 75, -98, 85, 11, 80]], "G": [[30539, 13613, -11951, -7675, 27306, 4471], [13613, 15434, -1851, 4199, 12436, 14001], [-11951, -1851, 28062, 2913, -277, -5223], [-7675, 4199, 2913, 27071, -12024, 23213], [27306, 12436, -277, -12024, 30603, -740], [4471, 14001, -5223, 23213, -740, 33736]], "lincomb_LLL": [6.0, -1.0, 3.0, -3.0, -6.0, 2.0], "lincomb_cube": [4.5427703857421875, -1.0, 2.2932205200195312, -1.958395004272461, -4.361358642578125, 1.4198646545410156], "LLL.norm": 48.95916748046875, "cube.norm": 20.485626220703125, "sv_LLL": [5.0, 27.0, 25.0, 9.0, 24.0, -19.0], "sv_cube": [-1.52783203125, -6.1151123046875, 2.916015625, 9.526611328125, 16.6573486328125, -1.790283203125]}, {"B": [[-21, 48, -56, 28, -36, 92], [-34, -50, 29, -32, -50, -62], [-35, -95, 99, -36, -26, -66], [-80, 56, 63, 99, 36, -64], [68, 78, -97, -63, -68, -45], [92, 95, 89, 93, 41, 94]], "G": [[16425, -8110, -15513, -3572, 4292, 7420], [-8110, 11865, 15355, 747, -819, -16151], [-15513, 15355, 26379, 3441, -12387, -14052], [-3572, 747, 3441, 28698, -12988, 8234], [4292, -819, -12387, -12988, 30735, -7844], [7420, -16151, -14052, 8234, -7844, 44576]], "lincomb_LLL": [-2.0, 8.0, -6.0, -1.0, -2.0, 1.0], "lincomb_cube": [-2.0, 6.999488830566406, -5.501594543457031, -0.903080940246582, -1.8856201171875, 0.9697036743164062], "LLL.norm": 76.4068603515625, "cube.norm": 62.3173828125, "sv_LLL": [16.0, -43.0, -30.0, 24.0, -31.0, -36.0], "sv_cube": [29.810302734375, -28.852294921875, -17.3580322265625, 37.6455078125, 0.53594970703125, -21.0611572265625]}, {"B": [[57, 17, 26, 68, 68, 73], [-75, -29, -3, 41, -77, -30], [21, 27, -7, -80, -22, 87], [73, 80, -37, -22, 87, 6], [21, -40, -12, 89, -72, -78], [-8, 13, -9, 84, 62, 21]], "G": [[18791, -9484, 889, 9417, -4333, 10992], [-9484, 14985, -6533, -15465, 11154, -1710], [889, -6533, 15672, 4320, -12877, -6011], [9417, -15465, 4320, 21187, -9913, 4461], [-4333, 11154, -12877, -9913, 21374, 794], [10992, -1710, -6011, 4461, 794, 11655]], "lincomb_LLL": [0.0, 1.0, 0.0, 1.0, 0.0, 0.0], "lincomb_cube": [1.1472702026367188, 1.6900787353515625, -0.6376829147338867, 1.0, -0.5136604309082031, -1.5106849670410156], "LLL.norm": 72.401611328125, "cube.norm": 38.10174560546875, "sv_LLL": [-2.0, 51.0, -40.0, 19.0, 10.0, -24.0], "sv_cube": [-0.454193115234375, 34.181396484375, 11.982650756835938, 3.7088623046875, -7.771484375, -8.088958740234375]}, {"B": [[80, -36, -78, 28, -60, 37], [-52, -99, 58, 5, 62, 37], [-37, -57, 3, 49, 45, 73], [-58, -34, 74, -73, 88, -77], [-88, -8, -15, 56, -74, -68], [81, -73, 75, -63, -74, 67]], "G": [[19533, -7331, 231, -19361, -2090, 8413], [-7331, 21107, 13477, 12916, -2326, 4941], [231, 13477, 14382, -932, -1883, -137], [-19361, 12916, -932, 28998, -1098, -3738], [-2090, -2326, -1883, -1098, 21269, -10277], [8413, 4941, -137, -3738, -10277, 31449]], "lincomb_LLL": [-1.0, 8.0, -8.0, -5.0, -1.0, -2.0], "lincomb_cube": [-1.0, 6.2250213623046875, -6.197502136230469, -3.864490509033203, -0.8834743499755859, -1.4855422973632812], "LLL.norm": 67.424072265625, "cube.norm": 49.30816650390625, "sv_LLL": [16.0, 24.0, 13.0, 55.0, -22.0, -6.0], "sv_cube": [7.16357421875, 19.8853759765625, 36.3233642578125, 25.669677734375, 2.2955322265625, -0.9810791015625]}, {"B": [[-73, -95, -48, 47, -2, 11], [-10, 78, 28, 94, -14, 80], [-31, 45, 39, 22, 62, -23], [-54, 69, -51, 82, 81, -45], [76, 62, 69, 21, 32, -45], [84, 22, -50, -33, -62, -93]], "G": [[18992, -2698, -3227, 3032, -14322, -8272], [-2698, 22400, 4272, 7468, 3934, -10198], [-3227, 4272, 9364, 10651, 6606, -5995], [3032, 7468, 10651, 25588, 2994, -4011], [-14322, 3934, 6606, 2994, 17871, 5806], [-8272, -10198, -5995, -4011, 5806, 23622]], "lincomb_LLL": [1.0, 0.0, 0.0, 0.0, 1.0, 0.0], "lincomb_cube": [1.0, 0.41561079025268555, 1.3721370697021484, -0.7046785354614258, 0.08090674877166748, 0.7383012771606445], "LLL.norm": 90.65869140625, "cube.norm": 63.5628662109375, "sv_LLL": [3.0, -33.0, 21.0, 68.0, 30.0, -34.0], "sv_cube": [-13.4735107421875, -28.20013427734375, 21.756591796875, 35.80584716796875, -23.010711669921875, -27.90252685546875]}, {"B": [[-53, -80, -28, 65, 38, 21], [-48, 99, 78, -43, -30, 14], [-10, 22, -100, -41, -34, -77], [32, 100, 57, 9, -88, -54], [-92, -43, 96, 96, 23, 88], [78, -50, -46, 17, -72, 74]], "G": [[16103, -11201, -4004, -15185, 14590, 1077], [-11201, 21134, -3437, 14307, 4061, -9817], [-4004, -3437, 19350, 2961, -21120, -1227], [-15185, 14307, 2961, 25014, -7684, -2633], [14590, 4061, -21120, -7684, 37018, -2954], [1077, -9817, -1227, -2633, -2954, 21649]], "lincomb_LLL": [15.0, 7.0, -7.0, 3.0, -10.0, 1.0], "lincomb_cube": [13.858932495117188, 7.0, -6.1761474609375, 2.454570770263672, -9.149826049804688, 1.1847705841064453], "LLL.norm": 69.5413818359375, "cube.norm": 42.72430419921875, "sv_LLL": [33.0, 19.0, -9.0, 45.0, 32.0, -16.0], "sv_cube": [3.98046875, 28.071044921875, -17.40765380859375, 16.90185546875, 14.87744140625, 14.5430908203125]}, {"B": [[9, -11, -86, -1, -74, 74], [-54, 28, 65, 75, 35, -67], [-33, 21, -23, -96, -16, 24], [-100, -47, -77, 72, 36, -78], [-55, -72, 8, -33, 48, 39], [-88, -92, 22, -48, 50, 89]], "G": [[18551, -14007, 4506, -2269, -1024, 1262], [-14007, 19264, -8493, 10965, -1934, -4207], [4506, -8493, 12107, -5276, 3455, 6410], [-2269, 10965, -5276, 30702, 4578, 2832], [-1024, -1934, 3455, 4578, 13187, 19095], [1262, -4207, 6410, 2832, 19095, 29417]], "lincomb_LLL": [4.0, 4.0, 1.0, -2.0, 13.0, -8.0], "lincomb_cube": [4.0, 4.197074890136719, 1.038827896118164, -2.314838409423828, 14.016891479492188, -8.673446655273438], "LLL.norm": 44.94439697265625, "cube.norm": 14.100341796875, "sv_LLL": [-24.0, -17.0, -25.0, 11.0, -20.0, 3.0], "sv_cube": [-1.1044921875, -7.1279296875, 4.47900390625, -1.84765625, -9.91943359375, -4.9921875]}, {"B": [[82, -12, -91, -80, 60, -21], [26, -15, 31, 22, -3, -21], [-17, 6, -1, -22, 23, 98], [-52, -7, -76, -86, 40, 81], [60, -91, 84, -95, 14, -68], [-9, 73, 55, -94, -35, 70]], "G": [[25590, -2008, -293, 10315, 8236, -2669], [-2008, 2796, -3174, -7316, 4825, -3057], [-293, -3174, 10943, 11668, -5902, 8659], [10315, -7316, 11668, 24086, -5645, 8131], [8236, 4825, -5902, -5645, 32782, 1117], [-2669, -3057, 8659, 8131, 1117, 23396]], "lincomb_LLL": [1.0, -32.0, 8.0, -12.0, 4.0, -3.0], "lincomb_cube": [1.0, -36.0230712890625, 9.361679077148438, -13.659347534179688, 4.504264831542969, -3.525531768798828], "LLL.norm": 43.081298828125, "cube.norm": 28.140655517578125, "sv_LLL": [5.0, 17.0, -8.0, -26.0, 21.0, -19.0], "sv_cube": [-1.47625732421875, 12.87890625, 5.4892578125, -0.26708984375, 23.4669189453125, -6.5537109375]}, {"B": [[-69, -57, 30, 79, -92, -74], [43, 96, 98, 30, 80, -4], [25, 13, 55, 45, 72, -53], [29, 1, -79, 60, -66, -77], [-36, -85, -71, -83, 76, 89], [63, -30, 89, -46, 24, -19]], "G": [[29091, -10193, 37, 12082, -14936, -4403], [-10193, 27985, 15035, -9571, -13432, 9167], [37, 15035, 13837, -1578, -8890, 6745], [12082, -9571, -1578, 20968, -12369, -8115], [-14936, -13432, -8890, -12369, 34148, -2086], [-4403, 9167, 6745, -8115, -2086, 15843]], "lincomb_LLL": [1.0, 2.0, -2.0, 1.0, 1.0, 1.0], "lincomb_cube": [1.6057090759277344, 3.4227066040039062, -2.5346298217773438, 2.147491455078125, 2.2277183532714844, 1.0], "LLL.norm": 77.6658935546875, "cube.norm": 31.289581298828125, "sv_LLL": [23.0, -5.0, 55.0, -20.0, -42.0, 17.0], "sv_cube": [18.095947265625, -13.10400390625, 5.372314453125, 13.4228515625, -4.830078125, 15.73193359375]}, {"B": [[-9, 89, -19, 44, 56, -100], [37, 85, -67, -22, -56, -62], [35, -100, -57, 52, -70, 78], [69, -66, -54, 68, 24, 86], [78, -35, 95, -71, 52, 68], [35, 75, 71, 68, 10, 30]], "G": [[23435, 10601, -17564, -9733, -12634, 5563], [10601, 20547, -5446, -7611, -12020, -1003], [-17564, -5446, 28162, 20657, -1213, -5146], [-9733, -7611, 20657, 24629, 4830, 1075], [-12634, -12020, -1213, 4830, 28703, 4582], [5563, -1003, -5146, 1075, 4582, 17515]], "lincomb_LLL": [2.0, 0.0, 2.0, -1.0, 1.0, 0.0], "lincomb_cube": [0.9992713928222656, -0.1858959197998047, 1.3412666320800781, -1.0, 0.5913047790527344, -0.027268201112747192], "LLL.norm": 102.293701171875, "cube.norm": 49.0594482421875, "sv_LLL": [61.0, 9.0, -3.0, 53.0, 0.0, -62.0], "sv_cube": [7.240135192871094, -17.73345947265625, 25.254638671875, 5.966560363769531, -21.044097900390625, -30.39215087890625]}, {"B": [[-45, 54, 94, 87, 57, 41], [-95, -80, -97, 97, 61, 63], [16, 47, 81, 83, 10, 87], [-54, -29, 86, 49, -90, 45], [-20, -30, -79, -66, -93, -91], [23, -90, -99, -46, 44, 44]], "G": [[26276, 5336, 20790, 9926, -22920, -14891], [5336, 41933, 1005, 1206, -5845, 15612], [20790, 1005, 23584, 11821, -22454, -11431], [9926, 1206, 11821, 23679, -3803, -11380], [-22920, -5845, -22454, -3803, 28827, 5001], [-14891, 15612, -11431, -11380, 5001, 24418]], "lincomb_LLL": [-2.0, 1.0, -1.0, 0.0, -2.0, -2.0], "lincomb_cube": [-3.32061767578125, 1.0, -1.5186729431152344, 0.36412525177001953, -3.127300262451172, -2.5651512145996094], "LLL.norm": 79.4921875, "cube.norm": 36.86480712890625, "sv_LLL": [-27.0, 5.0, -10.0, 64.0, 35.0, -12.0], "sv_cube": [14.01373291015625, -16.568603515625, 0.171142578125, 24.2977294921875, 1.739013671875, -17.166259765625]}, {"B": [[-99, 4, -55, 33, 98, 23], [95, -85, -8, 7, -11, -90], [-28, 12, 90, -34, -88, 15], [66, -49, -73, 87, 6, -70], [-60, 89, -69, 68, -90, 87], [65, 52, -82, -94, 70, 60]], "G": [[24064, -12222, -11531, -866, 5516, 3421], [-12222, 24584, -5020, 17862, -19077, -4417], [-11531, -5020, 18153, -13542, 3451, -10640], [-866, 17862, -13542, 24591, -3998, -4230], [5516, -19077, 3451, -3998, 36575, -1086], [3421, -4417, -10640, -4230, -1086, 30989]], "lincomb_LLL": [3.0, -5.0, 11.0, 10.0, -3.0, 4.0], "lincomb_cube": [3.0, -3.7352752685546875, 9.494674682617188, 8.267562866210938, -2.2905654907226562, 3.4446372985839844], "LLL.norm": 53.347900390625, "cube.norm": 32.45257568359375, "sv_LLL": [20.0, 20.0, 14.0, -20.0, -9.0, -37.0], "sv_cube": [-10.708740234375, 13.5849609375, -8.54150390625, -10.2421875, -3.5625, -23.73583984375]}, {"B": [[48, -6, -89, 90, 60, -57], [-72, 66, -55, -28, 64, -65], [-57, 45, -84, 22, 100, -7], [82, -98, -75, -79, -22, -1], [-78, -49, 35, 2, -17, 42], [-33, -42, -6, 32, 18, -16]], "G": [[25210, 6068, 12849, 2826, -9799, 4074], [6068, 21670, 17933, -7378, -3417, 1230], [12849, 17933, 22863, -6715, -2649, 3111], [2826, -7378, -6715, 28679, -4045, -1048], [-9799, -3417, -2649, -4045, 11767, 3508], [4074, 1230, 3111, -1048, 3508, 4493]], "lincomb_LLL": [-2.0, -1.0, 1.0, 0.0, -3.0, 4.0], "lincomb_cube": [-1.3755931854248047, -0.8724145889282227, 1.0, -0.03423649072647095, -1.8504924774169922, 2.2305564880371094], "LLL.norm": 60.415283203125, "cube.norm": 40.17596435546875, "sv_LLL": [21.0, -30.0, 20.0, -8.0, 39.0, -18.0], "sv_cube": [7.7080078125, -3.9798583984375, 10.827850341796875, -6.994140625, 33.991455078125, 14.74029541015625]}, {"B": [[40, -46, -72, -2, 24, -1], [-27, -35, -36, 0, -11, -29], [-29, 10, 40, -4, -46, 37], [76, -35, -41, -83, 65, -86], [23, -23, -72, 71, -58, 67], [77, -13, -93, 29, -7, -5]], "G": [[9481, 2887, -5633, 9414, 5561, 10153], [2887, 4212, -1574, 2428, 1471, 1946], [-5633, -1574, 6042, -10034, 1086, -6062], [9414, 2428, -10034, 27192, -9920, 7688], [5561, 1471, 1086, -9920, 19136, 10896], [10153, 1946, -6062, 7688, 10896, 15662]], "lincomb_LLL": [-3.0, 0.0, -2.0, 2.0, 3.0, -2.0], "lincomb_cube": [-1.8419761657714844, -0.23926091194152832, -1.6737213134765625, 1.5526313781738281, 2.592334747314453, -2.0], "LLL.norm": 41.9404296875, "cube.norm": 18.020111083984375, "sv_LLL": [5.0, 5.0, 24.0, 3.0, -10.0, -32.0], "sv_cube": [4.942626953125, -11.597900390625, 9.980712890625, 7.566162109375, -0.018798828125, -2.98681640625]}, {"B": [[-37, 34, -50, -95, -85, 100], [99, -22, -49, 25, 88, 19], [78, 50, 12, 63, 58, 46], [33, 61, 26, -55, -85, -82], [58, 0, -45, 34, 15, 61], [6, -27, -55, -11, 80, 94]], "G": [[31275, -9916, -8101, 3803, 1699, 5255], [-9916, 21416, 13587, -9762, 11276, 12434], [-8101, 13587, 18177, -6231, 9802, 6729], [3803, -9762, -6231, 22460, -7403, -16782], [1699, 11276, 9802, -7403, 10491, 9383], [5255, 12434, 6729, -16782, 9383, 19147]], "lincomb_LLL": [2.0, 3.0, 1.0, -2.0, -3.0, -3.0], "lincomb_cube": [2.8019065856933594, 3.7574806213378906, 1.0, -3.1715621948242188, -3.5499534606933594, -4.6006927490234375], "LLL.norm": 60.27435302734375, "cube.norm": 23.21502685546875, "sv_LLL": [43.0, 11.0, 13.0, -11.0, 37.0, 2.0], "sv_cube": [8.157318115234375, -6.646484375, 18.113525390625, -4.89886474609375, -1.22607421875, 8.63818359375]}, {"B": [[57, 11, 71, 19, -80, -9], [70, 30, -39, 83, 64, -89], [47, -46, -38, 1, 25, 83], [-60, 41, -86, 3, -15, 69], [-9, 10, 99, -34, -68, -45], [-67, -67, 7, 62, 1, 44]], "G": [[15253, -1191, -3253, -8439, 11825, -3357], [-1191, 26227, -2312, -6468, -7360, -5679], [-3253, -2312, 13284, 3917, -10114, 3406], [-8439, -6468, 3917, 17672, -9751, 3878], [11825, -7360, -10114, -9751, 17787, -3530], [-3357, -5679, 3406, 3878, -3530, 14808]], "lincomb_LLL": [-21.0, 23.0, 33.0, 20.0, 54.0, 4.0], "lincomb_cube": [-20.750457763671875, 22.4503173828125, 32.39031982421875, 19.48187255859375, 52.9764404296875, 4.0], "LLL.norm": 41.08526611328125, "cube.norm": 32.33428955078125, "sv_LLL": [10.0, 33.0, 12.0, 15.0, 9.0, 7.0], "sv_cube": [-2.6083984375, 15.822265625, 17.546875, 6.75390625, 15.9921875, 13.3828125]}, {"B": [[17, 41, -36, -25, 26, 39], [35, 43, -90, 90, -82, 23], [-10, -40, -27, 62, 21, -25], [-29, -91, -89, -73, 90, 99], [-77, 47, -1, 54, 83, 21], [10, 72, 19, -59, 87, 11]], "G": [[6088, 2113, -2817, 7006, 2281, 6604], [2113, 26527, 3643, -8591, -2047, -10455], [-2817, 3643, 7339, 1222, 3483, -5599], [7006, -8591, 1222, 40273, 3652, 4693], [2281, -2047, 3483, 3652, 18385, 6861], [6604, -10455, -5599, 4693, 6861, 16816]], "lincomb_LLL": [35.0, -13.0, 7.0, -7.0, 1.0, -18.0], "lincomb_cube": [30.715423583984375, -11.454269409179688, 5.9092559814453125, -6.204742431640625, 1.0, -15.892913818359375], "LLL.norm": 36.19390869140625, "cube.norm": 27.833770751953125, "sv_LLL": [16.0, -16.0, 1.0, 16.0, 10.0, 21.0], "sv_cube": [6.178466796875, -2.228515625, 14.83544921875, 12.2333984375, 3.8359375, 18.631103515625]}, {"B": [[26, -91, 21, -17, 13, 50], [-2, 13, -74, 71, 67, 81], [23, 38, -30, -8, 27, -86], [55, -15, 98, -99, -60, 97], [-73, -53, -17, 18, -83, 19], [99, 70, 94, -58, -95, 71]], "G": [[12356, 925, -7303, 10606, 2133, 1479], [925, 21740, -3057, -10749, -2029, -10976], [-7303, -3057, 11062, -11415, -7202, -6090], [10606, -10749, -11415, 35664, 155, 31936], [2133, -2029, -7202, 155, 16001, -4345], [1479, -10976, -6090, 31936, -4345, 40967]], "lincomb_LLL": [0.0, 1.0, 2.0, 1.0, 1.0, 0.0], "lincomb_cube": [-0.40740060806274414, 0.400754451751709, 0.8055915832519531, 1.0, 0.3212709426879883, -0.5036439895629883], "LLL.norm": 75.5711669921875, "cube.norm": 42.48504638671875, "sv_LLL": [26.0, 21.0, -53.0, -26.0, -22.0, 25.0], "sv_cube": [-11.17889404296875, 5.61334228515625, -17.18316650390625, -35.07110595703125, 4.4859619140625, 10.15557861328125]}, {"B": [[78, 77, -8, 55, 55, 17], [-59, -23, -19, -31, -20, -26], [-5, 77, 34, 100, 3, 55], [-44, 79, 66, 73, -42, 97], [-8, -61, -22, 82, 36, -1], [12, -83, -19, 57, 21, -42]], "G": [[18416, -9468, 11867, 5477, 1328, -1727], [-9468, 6408, -6712, -4420, -943, 467], [11867, -6712, 20144, 21056, 2848, -3644], [5477, -4420, 21056, 29035, -1542, -9134], [1328, -943, 2848, -1542, 12290, 10857], [-1727, 467, -3644, -9134, 10857, 12848]], "lincomb_LLL": [2.0, 2.0, -2.0, 2.0, -1.0, 2.0], "lincomb_cube": [2.5429458618164062, 2.0, -3.289989471435547, 2.739765167236328, -0.5887985229492188, 1.781332015991211], "LLL.norm": 36.19390869140625, "cube.norm": 14.082260131835938, "sv_LLL": [-8.0, 7.0, -6.0, 26.0, -14.0, -17.0], "sv_cube": [2.33648681640625, 0.9853515625, -10.27044677734375, 2.120361328125, -8.866943359375, 1.8109130859375]}, {"B": [[-71, 66, -93, 10, -61, 84], [-65, -11, 8, 97, -86, 16], [73, 24, 18, 8, 27, 37], [75, 12, 70, 12, -23, 0], [18, 62, -47, -34, 47, -50], [-60, -85, -2, 4, -92, 91]], "G": [[28923, 10705, -3732, -9520, -222, 12132], [10705, 21471, -5819, -1305, -10368, 14575], [-3732, -5819, 8391, 6498, 1103, -5541], [-9520, -1305, 6498, 11342, -2685, -3496], [-222, -10368, 1103, -2685, 12242, -15266], [12132, 14575, -5541, -3496, -15266, 27590]], "lincomb_LLL": [-1.0, 1.0, 1.0, 0.0, 3.0, 2.0], "lincomb_cube": [-0.6072416305541992, 0.6666688919067383, 1.0, -0.3692898750305176, 1.510946273803711, 0.9049091339111328], "LLL.norm": 62.42596435546875, "cube.norm": 32.10455322265625, "sv_LLL": [13.0, -37.0, -26.0, 1.0, -41.0, 1.0], "sv_cube": [17.986328125, -11.081298828125, -18.86773681640625, 14.41046142578125, 2.96484375, 3.457763671875]}, {"B": [[88, -97, -8, 100, -3, -27], [-15, -63, 24, 34, -50, -86], [39, 33, 28, 66, -14, 49], [-44, -76, -100, -24, -92, -91], [21, -63, -47, -70, -7, -62], [98, -24, 30, -47, -40, -52]], "G": [[27955, 10471, 5326, 4633, 3030, 7536], [10471, 15822, -3262, 14658, 5828, 5636], [5326, -3262, 10347, -11779, -10136, -1220], [4633, 14658, -11779, 35033, 16530, 4052], [3030, 5828, -10136, 16530, 15412, 8954], [7536, 5636, -1220, 4052, 8954, 17593]], "lincomb_LLL": [-2.0, 3.0, 7.0, -2.0, 8.0, -3.0], "lincomb_cube": [-2.4353179931640625, 3.123249053955078, 8.19921875, -2.0, 8.820648193359375, -3.4174461364746094], "LLL.norm": 53.8702392578125, "cube.norm": 19.444610595703125, "sv_LLL": [14.0, -44.0, 18.0, -7.0, 6.0, -19.0], "sv_cube": [-3.06298828125, -11.6473388671875, 6.9248046875, -5.018310546875, -4.6923828125, 11.742919921875]}, {"B": [[37, -17, 8, -51, -28, -55], [-80, -60, 27, 64, 49, 80], [20, -85, -33, 80, 43, 5], [8, 63, -67, 83, 4, 99], [64, 58, -96, -4, -54, 42], [-66, -64, 88, 26, -39, 0]], "G": [[8132, -10760, -3638, -11101, 20, -884], [-10760, 23626, 10236, 7199, -10734, 11249], [-3638, 10236, 16988, 4323, -2914, 1619], [-11101, 7199, 4323, 25228, 14208, -8454], [20, -10734, -2914, 14208, 21372, -14382], [-884, 11249, 1619, -8454, -14382, 18393]], "lincomb_LLL": [-1.0, 0.0, 0.0, -1.0, 1.0, 0.0], "lincomb_cube": [-2.6432113647460938, -0.505000114440918, 0.28442907333374023, -1.5559978485107422, 1.0, 0.22352337837219238], "LLL.norm": 63.827880859375, "cube.norm": 24.262481689453125, "sv_LLL": [19.0, 12.0, -37.0, -36.0, -30.0, -2.0], "sv_cube": [-14.910751342773438, -3.2752227783203125, -16.2449951171875, -2.0980606079101562, -7.446044921875, -5.6448974609375]}, {"B": [[37, -80, -78, -59, -70, 97], [5, 77, -57, 38, -96, -98], [61, -31, 59, 68, 78, 37], [97, -52, -1, 73, -18, -47], [-99, -32, 27, -20, 50, -63], [-61, -22, 17, 57, -45, 25]], "G": [[31643, -6557, -5748, 221, -11640, 389], [-6557, 29467, -13975, 5646, -3884, 1068], [-5748, -13975, 20240, 9291, -3245, -745], [221, 5646, 9291, 19976, -7365, -994], [-11640, -3884, -3245, -7365, 18423, 2237], [389, 1068, -745, -994, 2237, 10393]], "lincomb_LLL": [-2.0, -3.0, -4.0, 2.0, -2.0, 1.0], "lincomb_cube": [-1.3422470092773438, -1.9154472351074219, -2.4584007263183594, 1.270730972290039, -1.298318862915039, 1.0], "LLL.norm": 87.863525390625, "cube.norm": 74.0897216796875, "sv_LLL": [-2.0, -9.0, 52.0, -25.0, -65.0, 9.0], "sv_cube": [-18.4083251953125, -10.43109130859375, 49.50494384765625, 14.96405029296875, -46.70458984375, 13.624755859375]}, {"B": [[95, -32, 4, 70, 30, 93], [10, -85, -16, -96, -51, 30], [61, -69, 88, -89, -86, 59], [-41, 59, 45, -73, 86, 53], [-7, -67, -89, 43, -30, -61], [7, -26, 32, -51, 28, 69]], "G": [[24514, -1854, 5032, -3204, -2440, 5312], [-1854, 20298, 19767, -1933, 2621, 7306], [5032, 19767, 35024, -384, -8482, 11239], [-3204, -1933, -384, 22721, -16623, 9407], [-2440, 2621, -8482, -16623, 18929, -8397], [5312, 7306, 11239, 9407, -8397, 9895]], "lincomb_LLL": [1.0, 0.0, 1.0, 2.0, 1.0, -3.0], "lincomb_cube": [1.0, -0.24611377716064453, 1.5492992401123047, 2.964618682861328, 2.0403289794921875, -3.2018165588378906], "LLL.norm": 63.0396728515625, "cube.norm": 35.79461669921875, "sv_LLL": [46.0, 28.0, -3.0, 31.0, 2.0, -10.0], "sv_cube": [28.80157470703125, 3.4757080078125, -6.3634033203125, -9.65087890625, 13.4085693359375, -11.23486328125]}, {"B": [[96, 61, 84, 23, 62, 0], [3, -13, -56, 33, -44, 8], [74, -75, 5, 72, -90, 41], [-20, -58, -39, -54, -61, 66], [-17, -74, 39, 17, -50, -41], [-72, -22, 70, 2, -7, 3]], "G": [[24366, -7178, -975, -13758, -5579, -2762], [-7178, 6403, 7581, 4308, 1160, -3452], [-975, 7581, 26091, 6983, 8530, -2431], [-13758, 4308, 6983, 16278, 2537, 503], [-5579, 1160, 8530, 2537, 11756, 5843], [-2762, -3452, -2431, 503, 5843, 10630]], "lincomb_LLL": [1.0, 1.0, -1.0, 1.0, 1.0, 0.0], "lincomb_cube": [1.467813491821289, 2.3676834106445312, -1.1832122802734375, 1.0, 0.9520721435546875, 0.30903053283691406], "LLL.norm": 60.29931640625, "cube.norm": 24.336578369140625, "sv_LLL": [-12.0, -9.0, 23.0, -53.0, -3.0, -8.0], "sv_cube": [2.02001953125, 12.245513916015625, 4.55291748046875, -10.494674682617188, -17.451416015625, -1.6781330108642578]}, {"B": [[36, -35, 40, 52, 65, 63], [-19, -53, 38, 76, 98, -58], [94, -79, -86, 35, 74, 11], [-64, -63, 44, -77, 38, 4], [38, 52, -11, -12, -88, -1], [-70, -60, 88, -16, 1, -94]], "G": [[15019, 9359, 10032, 379, -7299, -3589], [9359, 23358, 8407, 3867, -13374, 12188], [10032, 8407, 29295, -4662, -6533, -10928], [379, 3867, -4662, 17390, -8616, 13026], [-7299, -13374, -6533, -8616, 12158, -6550], [-3589, 12188, -10928, 13026, -6550, 25337]], "lincomb_LLL": [0.0, -2.0, 0.0, -2.0, -3.0, 1.0], "lincomb_cube": [0.2540597915649414, -1.4509429931640625, 0.11370134353637695, -1.2629032135009766, -1.7386817932128906, 1.0], "LLL.norm": 57.01751708984375, "cube.norm": 20.888885498046875, "sv_LLL": [-18.0, 16.0, -43.0, 22.0, -7.0, 17.0], "sv_cube": [-7.8421630859375, -11.8231201171875, -3.194091796875, 9.02655029296875, -11.2509765625, 4.09814453125]}, {"B": [[-85, -100, 8, -98, -31, -62], [-6, -11, -95, 1, -42, -27], [72, 65, 68, -57, -51, -46], [-75, -88, 84, 29, -21, 87], [-65, -60, 57, -88, 85, -79], [95, 88, 25, 22, -76, 76]], "G": [[31698, 3728, -2057, 8262, 22868, -21187], [3728, 11676, -4280, -8000, -5890, -2751], [-2057, -4280, 21999, -9992, -389, 13386], [8262, -8000, -9992, 29276, 3733, -3923], [22868, -5890, -389, 3733, 32284, -24430], [-21187, -2751, 13386, -3923, -24430, 29430]], "lincomb_LLL": [12.0, -20.0, -4.0, -9.0, -15.0, -5.0], "lincomb_cube": [10.816619873046875, -18.616241455078125, -3.5609664916992188, -8.248687744140625, -13.930953979492188, -5.0], "LLL.norm": 44.4747314453125, "cube.norm": 20.342681884765625, "sv_LLL": [-13.0, 12.0, -12.0, -19.0, -34.0, 2.0], "sv_cube": [-14.9423828125, 13.39453125, 0.9755859375, 1.041015625, -2.732421875, -1.2783203125]}, {"B": [[94, -64, 29, 11, 74, -80], [-19, 49, -3, 17, -4, -66], [21, 91, -26, 40, -27, -85], [-75, 26, -29, 13, -71, -58], [7, -57, -1, 96, -80, 63], [48, -57, 36, -24, -72, -72]], "G": [[25770, 162, 638, -10026, -5627, 9372], [162, 7432, 10536, 7119, -5129, 819], [638, 10536, 18952, 8912, -4369, 1989], [-10026, 7119, 8912, 15716, 1296, 2850], [-5627, -5129, -4369, 1296, 22884, 2469], [9372, 819, 1989, 2850, 2469, 17793]], "lincomb_LLL": [0.0, -1.0, 1.0, 0.0, 0.0, 0.0], "lincomb_cube": [0.29636240005493164, -2.248180389404297, 1.0, 0.7052211761474609, -