[{"B": [[993, 528, -2739], [2530, -1068, -9717], [-1778, -2475, -3586]], "G": [[8766954, 28563249, 6749700], [28563249, 101961613, 32990122], [6749700, 32990122, 22146305]], "lincomb_LLL": [2.0, -1.0, 1.0], "lincomb_cube": [3.2562217712402344, -1.2357444763183594, 1.0], "LLL.norm": 2437.4765625, "cube.norm": 1832.34765625, "sv_LLL": [-2322.0, -351.0, 653.0], "sv_cube": [-1671.00390625, 564.0625, -497.0625]}, {"B": [[-411, 2547, -3560], [9672, -377, 9271], [8038, -3345, 9868]], "G": [[19329730, -37940171, -46953413], [-37940171, 179641154, 170490829], [-46953413, 170490829, 173175893]], "lincomb_LLL": [0.0, -1.0, 1.0], "lincomb_cube": [1.2554931640625, -1.0, 1.324899673461914], "LLL.norm": 3440.26171875, "cube.norm": 1179.708984375, "sv_LLL": [-1634.0, -2968.0, 597.0], "sv_cube": [461.546875, -857.046875, -666.453125]}, {"B": [[-6140, -8185, -5643], [-9002, -9207, -8139], [-1593, 9874, 1303]], "G": [[136537274, 176559952, -78390499], [176559952, 232048174, -87174849], [-78390499, -87174849, 101731334]], "lincomb_LLL": [7.0, -5.0, 1.0], "lincomb_cube": [5.489875793457031, -3.801441192626953, 1.0], "LLL.norm": 2889.11328125, "cube.norm": 1663.49609375, "sv_LLL": [437.0, -1386.0, 2497.0], "sv_cube": [-1080.25, -60.75, 1263.5625]}, {"B": [[1294, 3110, 5188], [-9900, -4268, -9464], [-2624, 5696, 1698]], "G": [[38261880, -75183312, 23128328], [-75183312, 205793120, -14402800], [23128328, -14402800, 42212996]], "lincomb_LLL": [-3.0, -1.0, 1.0], "lincomb_cube": [-1.6550979614257812, -0.5346775054931641, 1.0], "LLL.norm": 5594.53125, "cube.norm": 3410.89453125, "sv_LLL": [3394.0, 634.0, -4402.0], "sv_cube": [527.609375, 2830.65234375, -1828.453125]}, {"B": [[9400, 3182, 7889], [-6063, -1449, -5416], [2390, 2694, -1136]], "G": [[160721445, -104329742, 22076404], [-104329742, 68192626, -12241600], [22076404, -12241600, 14260232]], "lincomb_LLL": [-4.0, -6.0, 1.0], "lincomb_cube": [-3.030773162841797, -4.4573516845703125, 1.0], "LLL.norm": 1788.36328125, "cube.norm": 1384.453125, "sv_LLL": [1168.0, -1340.0, -196.0], "sv_cube": [925.65625, -491.21875, -904.75]}, {"B": [[2441, -5526, 4643], [-2997, 9739, -5468], [141, -7228, -8423]], "G": [[58052606, -86521315, 1178120], [-86521315, 133729154, -24759105], [1178120, -24759105, 123210794]], "lincomb_LLL": [6.0, 4.0, 1.0], "lincomb_cube": [7.154747009277344, 4.814186096191406, 1.0], "LLL.norm": 3976.5, "cube.norm": 3527.75, "sv_LLL": [2799.0, -1428.0, -2437.0], "sv_cube": [3177.640625, 120.25, -1527.46875]}, {"B": [[-1635, -9648, -354], [1334, 1146, 3637], [3089, 4696, 8571]], "G": [[95882445, -14525196, -53391657], [-14525196, 16320641, 40675069], [-53391657, 40675069, 105056378]], "lincomb_LLL": [1.0, -9.0, 4.0], "lincomb_cube": [1.0, -10.739822387695312, 4.6663970947265625], "LLL.norm": 2114.64453125, "cube.norm": 1653.421875, "sv_LLL": [-1285.0, -1178.0, 1197.0], "sv_cube": [-1547.421875, -42.4375, 580.9375]}, {"B": [[6912, -3614, -3038], [3374, -254, -6799], [6000, -1406, -9818]], "G": [[70066184, 44894406, 76380368], [44894406, 57674793, 87353706], [76380368, 87353706, 134369960]], "lincomb_LLL": [-1.0, -7.0, 5.0], "lincomb_cube": [-1.0, -5.37115478515625, 4.060211181640625], "LLL.norm": 2310.546875, "cube.norm": 1039.42578125, "sv_LLL": [-530.0, -1638.0, 1541.0], "sv_cube": [-673.0, -730.3828125, -306.625]}, {"B": [[-2759, -8105, 8274], [-1540, -8010, 6641], [-158, 1816, 880]], "G": [[141762182, 124117544, -7001638], [124117544, 110634581, -8458760], [-7001638, -8458760, 4097220]], "lincomb_LLL": [0.0, 0.0, 1.0], "lincomb_cube": [-0.9878778457641602, 1.1847267150878906, 1.0], "LLL.norm": 2024.158203125, "cube.norm": 996.328125, "sv_LLL": [-158.0, 1816.0, 880.0], "sv_cube": [743.076171875, 333.09375, 574.0703125]}, {"B": [[1869, 8796, 1280], [-150, 4486, -5021], [-1821, -8660, 6273]], "G": [[82501177, 32751626, -71547369], [32751626, 45357137, -70072343], [-71547369, -70072343, 117662170]], "lincomb_LLL": [1.0, 4.0, 3.0], "lincomb_cube": [1.0, 2.718311309814453, 2.2269325256347656], "LLL.norm": 4262.328125, "cube.norm": 3492.7109375, "sv_LLL": [-4194.0, 760.0, 15.0], "sv_cube": [-2593.98828125, 1705.09375, 1600.90625]}, {"B": [[-4395, 9219, 4067], [-735, -4763, -1348], [-3779, -5515, -4302]], "G": [[120846475, -46162088, -51730314], [-46162088, 25043498, 34844606], [-51730314, 34844606, 63203270]], "lincomb_LLL": [0.0, -1.0, 1.0], "lincomb_cube": [-0.34952402114868164, -2.035633087158203, 1.0], "LLL.norm": 4307.8515625, "cube.norm": 3217.671875, "sv_LLL": [-3044.0, -752.0, -2954.0], "sv_cube": [-746.65234375, 958.453125, -2979.4765625]}, {"B": [[3157, 4519, -1336], [-1795, 5371, -2235], [9461, -8024, 7583]], "G": [[32172906, 21590694, -16522967], [21590694, 37064891, -77027404], [-16522967, -77027404, 211396986]], "lincomb_LLL": [-1.0, 3.0, 1.0], "lincomb_cube": [-1.0, 1.7303714752197266, 0.5523405075073242], "LLL.norm": 4300.1484375, "cube.norm": 1984.765625, "sv_LLL": [919.0, 3570.0, 2214.0], "sv_cube": [-1037.3203125, 342.8515625, 1657.01953125]}, {"B": [[-9082, -3581, -9525], [2181, -78, 2739], [-5822, 5806, -9125]], "G": [[186031910, -45617499, 118999743], [-45617499, 12264966, -38144025], [118999743, -38144025, 150870945]], "lincomb_LLL": [1.0, 7.0, 1.0], "lincomb_cube": [1.0, 5.9253082275390625, 0.7093181610107422], "LLL.norm": 1795.64453125, "cube.norm": 377.73291015625, "sv_LLL": [363.0, 1679.0, 523.0], "sv_cube": [-288.5546875, 75.1328125, 231.890625]}, {"B": [[-6786, -622, 1204], [8472, -75, -9450], [-9930, 1347, 5526]], "G": [[47886296, -68822142, 73200450], [-68822142, 161082909, -136448685], [73200450, -136448685, 130955985]], "lincomb_LLL": [0.0, 1.0, 1.0], "lincomb_cube": [-1.0687446594238281, 1.0, 1.6393394470214844], "LLL.norm": 4375.1015625, "cube.norm": 3309.16015625, "sv_LLL": [-1458.0, 1272.0, -3924.0], "sv_cube": [-554.140625, 2797.94921875, -1677.78125]}, {"B": [[8407, 6048, -5809], [-2563, -1976, -3452], [8756, 4990, 4599]], "G": [[141000434, -13445321, 77075621], [-13445321, 22389849, -48177616], [77075621, -48177616, 122718437]], "lincomb_LLL": [1.0, -6.0, -3.0], "lincomb_cube": [1.0, -4.837089538574219, -2.5270462036132812], "LLL.norm": 3999.609375, "cube.norm": 3356.0703125, "sv_LLL": [-2483.0, 2934.0, 1106.0], "sv_cube": [-1322.375, 2996.140625, -733.265625]}, {"B": [[-5745, 3438, -8169], [-7592, 5056, -9005], [7264, -4783, 1372]], "G": [[111557430, 134560413, -69383502], [134560413, 164291625, -91685996], [-69383502, -91685996, 77525169]], "lincomb_LLL": [-3.0, 3.0, 1.0], "lincomb_cube": [-4.236579895019531, 4.0279693603515625, 1.0], "LLL.norm": 2065.0078125, "cube.norm": 1471.515625, "sv_LLL": [1723.0, 71.0, -1136.0], "sv_cube": [1022.8125, 1017.046875, -291.25]}, {"B": [[9474, -7332, 5057], [-8410, 4737, -3843], [-9696, 3973, -1433]], "G": [[169088149, -133842075, -128236621], [-133842075, 107935918, 105870480], [-128236621, 105870480, 111850634]], "lincomb_LLL": [0.0, -1.0, 1.0], "lincomb_cube": [-0.9750843048095703, -2.189983367919922, 1.0], "LLL.norm": 2836.4765625, "cube.norm": 2244.4765625, "sv_LLL": [-1286.0, -764.0, 2410.0], "sv_cube": [-516.203125, 748.3671875, 2052.109375]}, {"B": [[-3847, 6710, 9462], [-1859, -6975, -6588], [6831, 9348, 7943]], "G": [[149352953, -101986333, 111602889], [-101986333, 95508250, -130229613], [111602889, -130229613, 197138914]], "lincomb_LLL": [-1.0, -4.0, -2.0], "lincomb_cube": [-1.0, -2.9815635681152344, -1.40350341796875], "LLL.norm": 3589.9453125, "cube.norm": 1381.71484375, "sv_LLL": [-2379.0, 2494.0, 1004.0], "sv_cube": [-197.609375, 966.453125, -967.5]}, {"B": [[9428, 5199, -1052], [-1912, -345, 640], [-3461, -8066, -4169]], "G": [[117023489, -20493271, -70179654], [-20493271, 4184369, 6732042], [-70179654, 6732042, 94419438]], "lincomb_LLL": [2.0, 8.0, 1.0], "lincomb_cube": [2.2339515686035156, 9.332107543945312, 1.0], "LLL.norm": 1233.853515625, "cube.norm": 682.291015625, "sv_LLL": [99.0, -428.0, -1153.0], "sv_cube": [-242.3125, 328.734375, -546.5703125]}, {"B": [[-157, -7251, -4794], [-635, 8917, 9265], [3105, -1031, 3429]], "G": [[75584086, -108973882, -9450330], [-108973882, 165756339, 20604583], [-9450330, 20604583, 22462027]], "lincomb_LLL": [0.0, 0.0, 1.0], "lincomb_cube": [-1.0393047332763672, -0.8075809478759766, 1.0], "LLL.norm": 4739.4140625, "cube.norm": 3955.2421875, "sv_LLL": [3105.0, -1031.0, 3429.0], "sv_cube": [3780.984375, -696.203125, 929.1953125]}, {"B": [[-3425, 5011, -9692], [2653, -3812, 3410], [-2360, 9962, -9333]], "G": [[130775610, -61238177, 148458018], [-61238177, 33197853, -76061754], [148458018, -76061754, 191915933]], "lincomb_LLL": [1.0, 2.0, 0.0], "lincomb_cube": [1.0, 0.7862739562988281, -0.46193456649780273], "LLL.norm": 4314.4296875, "cube.norm": 3748.02734375, "sv_LLL": [1881.0, -2613.0, -2872.0], "sv_cube": [-248.849609375, -2588.06640625, -2699.5703125]}, {"B": [[-7665, 8348, 7284], [-4039, 2499, 987], [-1114, 958, -2834]], "G": [[181497985, 59009895, -4106662], [59009895, 23532691, 4096330], [-4106662, 4096330, 10190316]], "lincomb_LLL": [0.0, 0.0, 1.0], "lincomb_cube": [0.42887020111083984, -1.2494926452636719, 1.0], "LLL.norm": 3192.2265625, "cube.norm": 1819.55078125, "sv_LLL": [-1114.0, 958.0, -2834.0], "sv_cube": [645.4140625, 1415.7265625, -943.359375]}, {"B": [[-2698, 2283, -1337], [8290, -1085, -1324], [8626, -3808, 3008]], "G": [[14278862, -23073287, -35988308], [-23073287, 71654301, 71658628], [-35988308, 71658628, 97956804]], "lincomb_LLL": [3.0, 0.0, 1.0], "lincomb_cube": [1.885457992553711, -0.3929271697998047, 1.0], "LLL.norm": 3246.03125, "cube.norm": 1394.90234375, "sv_LLL": [532.0, 3041.0, -1003.0], "sv_cube": [281.65625, 922.828125, 1007.37890625]}, {"B": [[5625, -6622, 5775], [1506, -5088, 3702], [6212, 7749, -7289]], "G": [[108842134, 63543036, -58465353], [63543036, 41860584, -57055518], [-58465353, -57055518, 151765466]], "lincomb_LLL": [-3.0, 6.0, 1.0], "lincomb_cube": [-2.2722015380859375, 4.8121185302734375, 1.0], "LLL.norm": 4111.2421875, "cube.norm": 3170.578125, "sv_LLL": [-1627.0, -2913.0, -2402.0], "sv_cube": [677.90625, -1688.546875, -2596.5]}, {"B": [[-5450, 4834, -6615], [7735, 5442, -5011], [7749, 7414, -7764]], "G": [[96828281, 17298643, 44966086], [17298643, 114555710, 139190907], [44966086, 139190907, 175294093]], "lincomb_LLL": [1.0, 6.0, -5.0], "lincomb_cube": [1.0, 4.5647735595703125, -3.8811378479003906], "LLL.norm": 3107.1875, "cube.norm": 1128.279296875, "sv_LLL": [2215.0, 416.0, 2139.0], "sv_cube": [-216.4375, 900.75, 644.0625]}, {"B": [[539, -9214, 8820], [656, 3865, -3011], [8343, 7758, -3535]], "G": [[162980717, -61815546, -98164035], [-61815546, 24434682, 46101563], [-98164035, 46101563, 142288438]], "lincomb_LLL": [-2.0, -7.0, 1.0], "lincomb_cube": [-2.798572540283203, -8.966629028320312, 1.0], "LLL.norm": 2812.41796875, "cube.norm": 1905.697265625, "sv_LLL": [2673.0, -869.0, -98.0], "sv_cube": [952.4609375, -1111.9375, -1219.875]}, {"B": [[-5864, 3489, -6199], [-9618, -5199, -5556], [-7152, 6900, -8229]], "G": [[84987218, 72702285, 117024999], [72702285, 150404661, 78635160], [117024999, 78635160, 166477545]], "lincomb_LLL": [-5.0, 1.0, 3.0], "lincomb_cube": [-6.395362854003906, 1.0, 4.02325439453125], "LLL.norm": 2724.1796875, "cube.norm": 1347.87109375, "sv_LLL": [-1754.0, -1944.0, 752.0], "sv_cube": [-889.875, 248.0625, 981.5]}, {"B": [[6717, -5378, -3322], [9711, -3738, -9711], [-9620, 8057, -5542]], "G": [[85076657, 117591693, -89537562], [117591693, 202579686, -69718524], [-89537562, -69718524, 188173413]], "lincomb_LLL": [4.0, -2.0, 1.0], "lincomb_cube": [2.9175758361816406, -1.349416732788086, 1.0], "LLL.norm": 6389.453125, "cube.norm": 4584.7578125, "sv_LLL": [-2174.0, -5979.0, 592.0], "sv_cube": [-3126.84375, -2589.59375, -2130.0]}, {"B": [[6914, -5996, -6829], [-8971, -4263, -8230], [8151, -7507, -8775]], "G": [[130390653, 19738124, 161292461], [19738124, 166384910, 31097970], [161292461, 31097970, 199794475]], "lincomb_LLL": [32.0, 1.0, -26.0], "lincomb_cube": [29.724945068359375, 1.0, -24.15234375], "LLL.norm": 1723.099609375, "cube.norm": 1417.671875, "sv_LLL": [351.0, -953.0, 1392.0], "sv_cube": [-318.5, -1182.0, 715.0]}, {"B": [[-3723, 7779, -7659], [-178, 3422, -5290], [-4390, 3075, -7159]], "G": [[133033851, 67798542, 95095176], [67798542, 39725868, 49175180], [95095176, 49175180, 79979006]], "lincomb_LLL": [-1.0, 2.0, 0.0], "lincomb_cube": [-1.0, 0.9830055236816406, 0.584599494934082], "LLL.norm": 4554.46875, "cube.norm": 3285.5625, "sv_LLL": [3367.0, -935.0, -2921.0], "sv_cube": [981.6328125, -2617.515625, -1726.25]}, {"B": [[2202, -5390, 611], [-7946, -2859, -3977], [9262, -6040, 1518]], "G": [[34274225, -4517029, 53878022], [-4517029, 87129326, -62364578], [53878022, -62364578, 124570568]], "lincomb_LLL": [-1.0, 1.0, 1.0], "lincomb_cube": [-2.046794891357422, 1.0, 1.385894775390625], "LLL.norm": 4745.8359375, "cube.norm": 3153.41015625, "sv_LLL": [-886.0, -3509.0, -3070.0], "sv_cube": [383.125, -197.578125, -3123.8046875]}, {"B": [[8605, -9807, 4218], [-2818, 3915, 1156], [6326, -5335, -26]], "G": [[188014798, -57767287, 106645907], [-57767287, 24604685, -38743249], [106645907, -38743249, 68481177]], "lincomb_LLL": [0.0, 2.0, 1.0], "lincomb_cube": [-0.2993803024291992, 0.871739387512207, 1.0], "LLL.norm": 3453.5390625, "cube.norm": 1667.1796875, "sv_LLL": [690.0, 2495.0, 2286.0], "sv_cube": [1293.265625, 1013.8828125, -281.0546875]}, {"B": [[6342, 2523, -825], [1469, -3399, -2420], [7646, -7360, -4433]], "G": [[47267118, 2737221, 33578877], [2737221, 19567562, 46976474], [33578877, 46976474, 132282405]], "lincomb_LLL": [-1.0, -2.0, 1.0], "lincomb_cube": [-1.0, -3.1843719482421875, 1.384683609008789], "LLL.norm": 3702.02734375, "cube.norm": 3080.140625, "sv_LLL": [-1634.0, -3085.0, 1232.0], "sv_cube": [-432.546875, -1890.578125, 2392.8828125]}, {"B": [[-3566, 9189, -9717], [4447, -7951, 4904], [-3091, 1920, -9023]], "G": [[191574166, -136571909, 116341877], [-136571909, 107043426, -73260389], [116341877, -73260389, 94655210]], "lincomb_LLL": [-2.0, -2.0, 1.0], "lincomb_cube": [-1.3199443817138672, -0.9996576309204102, 1.0], "LLL.norm": 4921.8203125, "cube.norm": 3784.94140625, "sv_LLL": [-4853.0, -556.0, 603.0], "sv_cube": [-2829.5546875, -2260.6875, -1099.4140625]}, {"B": [[1861, 3035, 3085], [-9770, -6581, -6271], [4064, 3059, 5645]], "G": [[22191771, -57501340, 34261994], [-57501340, 178087902, -95236354], [34261994, -95236354, 57739602]], "lincomb_LLL": [-2.0, 0.0, 1.0], "lincomb_cube": [-0.968632698059082, 0.22201776504516602, 1.0], "LLL.norm": 3075.5, "cube.norm": 1846.12109375, "sv_LLL": [342.0, -3011.0, -525.0], "sv_cube": [92.26171875, -1341.8984375, 1264.5]}, {"B": [[-7247, -7012, -2132], [-5203, -4576, -2333], [5805, 6643, 4033]], "G": [[106232577, 74767009, -97247907], [74767009, 53453874, -70010772], [-97247907, -70010772, 94092563]], "lincomb_LLL": [1.0, 0.0, 1.0], "lincomb_cube": [1.0, -1.769021987915039, -0.2827291488647461], "LLL.norm": 2414.3984375, "cube.norm": 1209.49609375, "sv_LLL": [-1442.0, -369.0, 1901.0], "sv_cube": [315.9765625, -795.123046875, 854.87890625]}, {"B": [[-598, -3698, 4254], [-6131, -7018, -6855], [-8632, -9485, -7452]], "G": [[32129324, 457732, 8536658], [457732, 133832510, 170571982], [8536658, 170571982, 220008953]], "lincomb_LLL": [1.0, 5.0, -4.0], "lincomb_cube": [1.0, 3.8775901794433594, -3.0450820922851562], "LLL.norm": 3389.703125, "cube.norm": 2812.38671875, "sv_LLL": [3275.0, -848.0, -213.0], "sv_cube": [1913.65625, -2028.34375, 365.0625]}, {"B": [[-3095, -3144, -3531], [7507, 5474, 6716], [-5012, -9305, -8750]], "G": [[31931722, -64158617, 75663310], [-64158617, 131424381, -147325654], [75663310, -147325654, 188265669]], "lincomb_LLL": [2.0, 1.0, 0.0], "lincomb_cube": [3.249683380126953, 1.0, -0.5234947204589844], "LLL.norm": 1586.443359375, "cube.norm": 231.17529296875, "sv_LLL": [1317.0, -814.0, -346.0], "sv_cube": [72.98828125, 128.1171875, -178.046875]}, {"B": [[9696, 8791, -5728], [-3376, -819, 2617], [-7646, -4569, 7160]], "G": [[204104081, -54923701, -155314175], [-54923701, 18916826, 48292627], [-155314175, 48292627, 130602677]], "lincomb_LLL": [0.0, -3.0, 1.0], "lincomb_cube": [0.33828210830688477, -1.5707149505615234, 1.0], "LLL.norm": 3331.41796875, "cube.norm": 1486.193359375, "sv_LLL": [2482.0, -2112.0, -691.0], "sv_cube": [936.71875, -308.7421875, 1111.7578125]}, {"B": [[-8060, 9724, 612], [5734, -4201, -5357], [9296, -6868, -3659]], "G": [[159894320, -90345048, -143949500], [-90345048, 79224606, 101756995], [-143949500, 101756995, 146973321]], "lincomb_LLL": [1.0, 0.0, 1.0], "lincomb_cube": [1.0, -1.0621509552001953, 1.7148075103759766], "LLL.norm": 4355.296875, "cube.norm": 3001.47265625, "sv_LLL": [1236.0, 2856.0, -3047.0], "sv_cube": [1790.46875, 2408.796875, 27.4609375]}, {"B": [[8848, 4080, 601], [-508, 1347, 5206], [-1061, 1641, 7030]], "G": [[95294705, 4129782, 1532582], [4129782, 29174909, 39347595], [1532582, 39347595, 53239502]], "lincomb_LLL": [2.0, -65.0, 48.0], "lincomb_cube": [2.0, -63.5157470703125, 46.8848876953125], "LLL.norm": 708.220703125, "cube.norm": 525.5126953125, "sv_LLL": [-212.0, -627.0, 252.0], "sv_cube": [217.125, -457.625, 140.0]}, {"B": [[-8333, -5278, -7688], [6695, 4569, 5373], [-1592, -7753, 9585]], "G": [[156401517, -121212241, -19503010], [-121212241, 94567915, 5418308], [-19503010, 5418308, 154515698]], "lincomb_LLL": [11.0, 14.0, 1.0], "lincomb_cube": [12.098800659179688, 15.4503173828125, 1.0], "LLL.norm": 1920.09765625, "cube.norm": 1505.83984375, "sv_LLL": [475.0, -1845.0, 239.0], "sv_cube": [1028.625, -1018.0, -416.125]}, {"B": [[-5219, 3416, -4195], [-3422, -5343, 5343], [9922, -4451, 4173]], "G": [[56505042, -22806155, -84493269], [-22806155, 68805382, 12124948], [-84493269, 12124948, 135671414]], "lincomb_LLL": [5.0, 1.0, 3.0], "lincomb_cube": [3.9272117614746094, 1.0, 2.356414794921875], "LLL.norm": 3516.27734375, "cube.norm": 2795.02734375, "sv_LLL": [249.0, -1616.0, -3113.0], "sv_cube": [-537.78125, -2416.046875, -1298.34375]}, {"B": [[-489, 4341, 1795], [-6960, -5409, 5492], [3878, -5412, -8977]], "G": [[22305427, -10218889, -41503549], [-10218889, 107860945, -47019056], [-41503549, -47019056, 124915157]], "lincomb_LLL": [2.0, 1.0, 1.0], "lincomb_cube": [3.034526824951172, 1.0, 1.3846416473388672], "LLL.norm": 4590.203125, "cube.norm": 3427.37109375, "sv_LLL": [-4060.0, -2139.0, 105.0], "sv_cube": [-3074.234375, 270.1953125, -1490.953125]}, {"B": [[-4292, -6723, 8558], [-3848, -918, 2889], [-8965, 5839, -3282]], "G": [[136859357, 47411392, -28865173], [47411392, 23996149, 19655420], [-28865173, 19655420, 125236670]], "lincomb_LLL": [2.0, -5.0, 1.0], "lincomb_cube": [1.5677032470703125, -3.9165611267089844, 1.0], "LLL.norm": 3512.1328125, "cube.norm": 1732.908203125, "sv_LLL": [1691.0, -3017.0, -611.0], "sv_cube": [-622.65625, -1105.265625, -1180.53125]}, {"B": [[-1822, -4971, -4654], [-482, 7600, 9003], [-2184, -9422, -2978]], "G": [[49690241, -78801358, 64675622], [-78801358, 139046333, -97365446], [64675622, -97365446, 102412424]], "lincomb_LLL": [-3.0, -1.0, 1.0], "lincomb_cube": [-1.9571094512939453, -1.0, 0.28523731231689453], "LLL.norm": 4747.625, "cube.norm": 3549.03515625, "sv_LLL": [3764.0, -2109.0, 1981.0], "sv_cube": [3424.89453125, -558.7109375, -744.0458984375]}, {"B": [[-3487, 4555, 1836], [-7916, 9102, 6789], [490, -6715, 8262]], "G": [[36278090, 81527306, -17126423], [81527306, 191599981, -8908052], [-17126423, -8908052, 113591969]], "lincomb_LLL": [7.0, -3.0, 1.0], "lincomb_cube": [8.40020751953125, -3.527862548828125, 1.0], "LLL.norm": 2269.3046875, "cube.norm": 1073.705078125, "sv_LLL": [-171.0, -2136.0, 747.0], "sv_cube": [-874.96875, -562.65625, -265.875]}, {"B": [[9347, 4579, 6422], [-1925, -3518, -1903], [-1958, -8915, -3711]], "G": [[149575734, -46322963, -82955253], [-46322963, 19703358, 42194153], [-82955253, 42194153, 97082510]], "lincomb_LLL": [1.0, 9.0, -3.0], "lincomb_cube": [1.0, 7.5236663818359375, -2.41546630859375], "LLL.norm": 2173.53125, "cube.norm": 1196.9921875, "sv_LLL": [-2104.0, -338.0, 428.0], "sv_cube": [-406.578125, -355.375, 1068.265625]}, {"B": [[5549, -3143, -7070], [6317, -6563, -8687], [6585, 1977, -6079]], "G": [[90654750, 117097632, 73304984], [117097632, 158441427, 81430667], [73304984, 81430667, 84224995]], "lincomb_LLL": [-2.0, 1.0, 1.0], "lincomb_cube": [-3.1908645629882812, 1.8442916870117188, 1.0], "LLL.norm": 2556.6171875, "cube.norm": 707.4765625, "sv_LLL": [1804.0, 1700.0, -626.0], "sv_cube": [529.296875, -98.203125, 459.046875]}, {"B": [[1702, 5208, -132], [-3662, -2690, -2799], [3904, 7415, 608]], "G": [[30037492, -19872776, 45181672], [-19872776, 28480745, -35944590], [45181672, -35944590, 70593105]], "lincomb_LLL": [-4.0, 1.0, 3.0], "lincomb_cube": [-2.797443389892578, 1.0, 2.2996253967285156], "LLL.norm": 1836.6015625, "cube.norm": 1189.359375, "sv_LLL": [1242.0, -1277.0, -447.0], "sv_cube": [554.484375, -207.34375, -1031.56640625]}, {"B": [[-7402, 9453, -3911], [-5562, 4874, -2181], [6433, -2226, -229]], "G": [[159444734, 95773737, -67763825], [95773737, 59448481, -46130421], [-67763825, -46130421, 46391006]], "lincomb_LLL": [-2.0, 4.0, 1.0], "lincomb_cube": [-1.2727127075195312, 2.8263626098632812, 1.0], "LLL.norm": 2231.09375, "cube.norm": 1501.22265625, "sv_LLL": [-1011.0, -1636.0, -1131.0], "sv_cube": [133.390625, -481.265625, -1415.71875]}, {"B": [[1824, 1603, -7982], [-439, -947, 5727], [7613, 3274, -6026]], "G": [[69608909, -48031691, 67233866], [-48031691, 33888059, -40953487], [67233866, -40953487, 104989521]], "lincomb_LLL": [-5.0, -6.0, 1.0], "lincomb_cube": [-6.00299072265625, -7.2999267578125, 1.0], "LLL.norm": 1544.052734375, "cube.norm": 585.3603515625, "sv_LLL": [1127.0, 941.0, -478.0], "sv_cube": [-131.78125, 564.234375, 83.1875]}, {"B": [[2069, -1692, -1031], [4834, -7529, 9372], [3282, -4394, 7188]], "G": [[8206586, 13078082, 6814278], [13078082, 167887781, 116313550], [6814278, 116313550, 81746104]], "lincomb_LLL": [1.0, 0.0, 0.0], "lincomb_cube": [1.0, -1.4154987335205078, 1.9307022094726562], "LLL.norm": 2864.71484375, "cube.norm": 1688.46484375, "sv_LLL": [2069.0, -1692.0, -1031.0], "sv_cube": [1563.0390625, 481.796875, -419.15625]}, {"B": [[-3535, 2503, 2896], [7035, -2099, -8301], [540, -6954, 1646]], "G": [[27148050, -54162218, -14547946], [-54162218, 122803627, 4731900], [-14547946, 4731900, 51359032]], "lincomb_LLL": [5.0, 2.0, 1.0], "lincomb_cube": [3.8224411010742188, 1.6473464965820312, 1.0], "LLL.norm": 3388.00390625, "cube.norm": 1882.93359375, "sv_LLL": [-3065.0, 1363.0, -476.0], "sv_cube": [-1383.25, -844.21875, -958.828125]}, {"B": [[-979, -2409, -7907], [-6123, -1301, -9711], [-5400, 5339, 1879]], "G": [[69282371, 85913403, -22432304], [85913403, 133487251, 7871192], [-22432304, 7871192, 61195562]], "lincomb_LLL": [3.0, -2.0, 1.0], "lincomb_cube": [1.9658660888671875, -1.3242130279541016, 1.0], "LLL.norm": 4652.578125, "cube.norm": 2583.3125, "sv_LLL": [3909.0, 714.0, -2420.0], "sv_cube": [783.578125, 2326.02734375, -805.671875]}, {"B": [[-8604, 7287, -5646], [-5332, 4559, -1722], [3719, -4375, -6348]], "G": [[159006501, 88820373, -28038093], [88820373, 52179989, -28844077], [-28038093, -28844077, 73268690]], "lincomb_LLL": [-2.0, 4.0, 1.0], "lincomb_cube": [-2.6940841674804688, 5.138633728027344, 1.0], "LLL.norm": 2109.1015625, "cube.norm": 765.890625, "sv_LLL": [-401.0, -713.0, -1944.0], "sv_cube": [-500.28125, -579.75, 14.0625]}, {"B": [[-3611, 1283, 7747], [-2291, 2905, 6730], [1865, -1962, -5073]], "G": [[74701419, 64137226, -48552292], [64137226, 58980606, -44113615], [-48552292, -44113615, 33062998]], "lincomb_LLL": [2.0, 9.0, 15.0], "lincomb_cube": [2.0, 10.45513916015625, 16.886505126953125], "LLL.norm": 732.037109375, "cube.norm": 419.08837890625, "sv_LLL": [134.0, -719.0, -31.0], "sv_cube": [318.625, -193.125, 191.875]}, {"B": [[2143, -4148, 315], [9935, -8800, -2748], [7047, 5112, -3544]], "G": [[21897578, 56927485, -7219215], [56927485, 183695729, 34765257], [-7219215, 34765257, 88352689]], "lincomb_LLL": [3.0, -1.0, 1.0], "lincomb_cube": [4.2279815673828125, -1.4995098114013672, 1.0], "LLL.norm": 3836.1328125, "cube.norm": 2387.2890625, "sv_LLL": [3541.0, 1468.0, 149.0], "sv_cube": [1209.9375, 770.03125, 1908.46875]}, {"B": [[-7873, 6227, -8829], [1182, 2798, -5341], [-8962, -5627, 9299]], "G": [[178710899, 55272949, -46582374], [55272949, 37752209, -76003389], [-46582374, -76003389, 198451974]], "lincomb_LLL": [-1.0, 3.0, 1.0], "lincomb_cube": [-1.0, 4.330322265625, 1.4237041473388672], "LLL.norm": 4737.03125, "cube.norm": 2383.40625, "sv_LLL": [2457.0, -3460.0, 2105.0], "sv_cube": [232.203125, -2121.9453125, -1060.21875]}, {"B": [[5304, 6332, 1494], [-7392, -7183, -2259], [-5375, -7169, -396]], "G": [[70458676, -88064870, -74494732], [-88064870, 111340234, 92121491], [-74494732, 92121491, 80442002]], "lincomb_LLL": [1.0, 0.0, 1.0], "lincomb_cube": [2.0297927856445312, 0.7780838012695312, 1.0], "LLL.norm": 1382.466796875, "cube.norm": 954.6220703125, "sv_LLL": [-71.0, -837.0, 1098.0], "sv_cube": [-360.578125, 94.6640625, 878.8203125]}, {"B": [[-9623, -7290, -5522], [8325, 2106, 9642], [6547, 1240, 8289]], "G": [[176238713, -148707339, -117813239], [-148707339, 166709025, 137037753], [-117813239, 137037753, 113108330]], "lincomb_LLL": [-1.0, -10.0, 11.0], "lincomb_cube": [-1.0, -8.787521362304688, 9.605026245117188], "LLL.norm": 1639.5, "cube.norm": 1034.216796875, "sv_LLL": [-1610.0, -130.0, 281.0], "sv_cube": [-649.0, 693.703125, 408.875]}, {"B": [[-3490, 3207, 1962], [5935, -8220, -10000], [-3115, -3464, -8001]], "G": [[26314393, -66694690, -15935660], [-66694690, 202792625, 89996555], [-15935660, 89996555, 85718522]], "lincomb_LLL": [-2.0, -1.0, 1.0], "lincomb_cube": [-3.1194686889648438, -1.4697208404541016, 1.0], "LLL.norm": 3277.1171875, "cube.norm": 1777.50390625, "sv_LLL": [-2070.0, -1658.0, -1925.0], "sv_cube": [-950.84375, -1387.03125, 575.8125]}, {"B": [[-57, 2498, -1732], [3093, -5679, 5478], [-5147, 2250, -2242]], "G": [[9243077, -23850339, 9797023], [-23850339, 71826174, -40979097], [9797023, -40979097, 36580673]], "lincomb_LLL": [4.0, 2.0, 1.0], "lincomb_cube": [2.8791656494140625, 1.5265769958496094, 1.0], "LLL.norm": 2151.50390625, "cube.norm": 1493.375, "sv_LLL": [811.0, 884.0, 1786.0], "sv_cube": [-589.40625, 772.71875, 1133.875]}, {"B": [[-4003, -1687, 1207], [9173, 7794, -6800], [4461, -2593, 5979]], "G": [[20326827, -58075597, -6266339], [-58075597, 191130365, -19946289], [-6266339, -19946289, 62372611]], "lincomb_LLL": [6.0, 2.0, 1.0], "lincomb_cube": [4.599037170410156, 1.501791000366211, 1.0], "LLL.norm": 3140.74609375, "cube.norm": 1896.927734375, "sv_LLL": [-1211.0, 2873.0, -379.0], "sv_cube": [-173.015625, 1353.375, 1317.8671875]}, {"B": [[-1653, 1696, -731], [-3675, 4667, -5236], [7846, -9188, 1124]], "G": [[6143186, 17817523, -29373930], [17817523, 62702210, -77599710], [-29373930, -77599710, 147242436]], "lincomb_LLL": [8.0, -1.0, 1.0], "lincomb_cube": [6.77978515625, -0.6889581680297852, 1.0], "LLL.norm": 1801.310546875, "cube.norm": 1247.6171875, "sv_LLL": [-1703.0, -287.0, 512.0], "sv_cube": [-829.0625, -904.84375, -224.63671875]}, {"B": [[-1193, -1642, -3347], [-2596, 5479, 5175], [-4043, -2082, -8661]], "G": [[15321822, -23220215, 37230310], [-23220215, 63539282, -45732325], [37230310, -45732325, 95693494]], "lincomb_LLL": [-2.0, 0.0, 1.0], "lincomb_cube": [-3.0013694763183594, -0.3770918846130371, 1.0], "LLL.norm": 2838.93359375, "cube.norm": 1094.001953125, "sv_LLL": [-1657.0, 1202.0, -1967.0], "sv_cube": [516.5625, 780.1640625, -566.875]}, {"B": [[7594, 9156, -9068], [-6481, -5376, 8583], [-6521, -6719, 7249]], "G": [[223729796, -176270014, -176773570], [-176270014, 144572626, 140602112], [-176773570, 140602112, 140216403]], "lincomb_LLL": [0.0, -1.0, 1.0], "lincomb_cube": [1.1405010223388672, -1.0, 2.440601348876953], "LLL.norm": 1893.357421875, "cube.norm": 1566.8046875, "sv_LLL": [-40.0, -1343.0, -1334.0], "sv_cube": [-773.1875, -579.984375, -1233.15625]}, {"B": [[-8324, 6266, 486], [-3765, 3046, -530], [8193, -7626, 3186]], "G": [[108787928, 50168516, -114434652], [50168516, 23734241, -55764021], [-114434652, -55764021, 135431721]], "lincomb_LLL": [-3.0, 11.0, 2.0], "lincomb_cube": [-2.5055274963378906, 9.9951171875, 2.0], "LLL.norm": 1066.8828125, "cube.norm": 654.8623046875, "sv_LLL": [-57.0, -544.0, -916.0], "sv_cube": [-389.625, -506.515625, -143.1015625]}, {"B": [[-6224, 7263, -5201], [8054, -7608, 6669], [3560, -1694, 2135]], "G": [[118539746, -140070469, -45565097], [-140070469, 167224141, 55798507], [-45565097, 55798507, 20101461]], "lincomb_LLL": [-2.0, -2.0, 1.0], "lincomb_cube": [-0.9663400650024414, -1.1431007385253906, 1.0], "LLL.norm": 1288.26171875, "cube.norm": 591.1552734375, "sv_LLL": [-100.0, -1004.0, -801.0], "sv_cube": [367.96875, -15.828125, -462.3984375]}]