[{"B": [[4044, -4408, -4095, 6298, -9190, 4146], [-4404, 229, 5190, -1317, 5132, 9951], [808, -6745, -6113, -5567, -1528, -4920], [7016, 524, 3178, -5969, -7854, 3894], [-4466, 7608, 1162, -1619, 8899, 4194], [6733, 5322, 2292, 2915, -8409, -9070]], "G": [[193863645, -54272958, 16615281, 63779024, -130944906, 52416296], [-54272958, 173478071, -86298384, -7981009, 116977661, -153787527], [16615281, -86298384, 141049331, 8779289, -87246973, -3222075], [63779024, -7981009, 8779289, 172076029, -67551527, 70637503], [-130944906, 116977661, -87246973, -67551527, 178580062, -104507154], [52416296, -153787527, -3222075, 70637503, -104507154, 240383643]], "lincomb_LLL": [2.0, 6.0, 5.0, -2.0, 2.0, 5.0], "lincomb_cube": [1.705404281616211, 4.563102722167969, 4.006500244140625, -1.437875747680664, 2.0, 3.893146514892578], "LLL.norm": 5398.75, "cube.norm": 4084.4453125, "sv_LLL": [-3595.0, -389.0, -187.0, 134.0, -3767.0, -1352.0], "sv_cube": [-2769.5625, 1685.5625, -1115.34375, -879.953125, -2023.15625, 244.1875]}, {"B": [[7712, 1937, -3155, 6740, 5309, -3172], [-3572, 8818, 4015, -6843, 2671, -9395], [-9423, -8592, -8791, -8444, -5833, 8275], [162, 2542, -5032, -2965, -7586, 4918], [-3342, 1188, 8669, 4824, 5465, -4342], [-8888, -157, -6253, 2134, 9714, 1166]], "G": [[156855603, -25274664, -175705532, -53808912, 24477226, 13136084], [-25274664, 248863448, -112942441, -44544109, 79598916, 5646277], [-175705532, -112942441, 413697724, 130850970, -163466060, 75038083], [-53808912, -44544109, 130850970, 122334377, -118258522, -44657180], [24477226, 79598916, -163466060, -118258522, 159722034, 33628577], [13136084, 5646277, 75038083, -44657180, 33628577, 218396510]], "lincomb_LLL": [0.0, 0.0, 0.0, 1.0, 1.0, 0.0], "lincomb_cube": [1.3916378021240234, 0.31542301177978516, 1.072549819946289, 1.0, 1.5724906921386719, -0.49802589416503906], "LLL.norm": 6748.2890625, "cube.norm": 3166.39453125, "sv_LLL": [-3180.0, 3730.0, 3637.0, 1859.0, -2121.0, 576.0], "sv_cube": [-1167.828125, 749.9658203125, -838.890625, 1722.501953125, -1855.640625, -992.7841796875]}, {"B": [[1806, -4197, -3615, -7185, 3177, 7409], [6285, -8536, 18, 5995, -7015, 4872], [4097, 4540, 4575, 4292, -134, 452], [3600, 7449, -6600, -9887, -2751, -1080], [7530, 4557, 3913, 4492, -2122, 8188], [-2877, 4854, 7503, 4116, -1384, 8971]], "G": [[150555505, 17847150, -56108693, 53393595, 1976234, -20195734], [17847150, 221251479, 15951249, -86313524, 90205238, 18710257], [-56108693, 15951249, 76971158, -24181870, 92706153, 66482536], [53393595, -86313524, -24181870, 218494771, -12190529, -70295742], [1976234, 90205238, 92706153, -12190529, 184503010, 124695575], [-20195734, 18710257, 66482536, -70295742, 124695575, 187469207]], "lincomb_LLL": [-1.0, 0.0, -2.0, 0.0, 1.0, 0.0], "lincomb_cube": [-1.0, -0.7124671936035156, -2.7415199279785156, -0.43227243423461914, 2.1531410217285156, -0.6586484909057617], "LLL.norm": 6612.9609375, "cube.norm": 3869.296875, "sv_LLL": [-2470.0, -326.0, -1622.0, 3093.0, -5031.0, -125.0], "sv_cube": [-963.974609375, 1226.90625, -2603.8828125, 2381.94140625, -279.8916015625, 68.71875]}, {"B": [[-5103, 1619, 6775, 1358, 2329, 8260], [8562, -4942, 3950, -9463, -2869, -2508], [206, 2200, 6313, -3443, 546, 3563], [-2236, -3112, 3118, 3585, 478, 8621], [1369, -385, 3813, -5961, 2793, 2425], [3795, -7456, 7492, -1514, -3074, 4074]], "G": [[150058400, -65180469, 71307577, 104687582, 36664112, 43757033], [-65180469, 217403302, 37906353, -48366733, 70999324, 111862438], [71307577, 37906353, 69583739, 31011374, 54195459, 49725526], [104687582, -48366733, 31011374, 111808514, 10896764, 66302400], [36664112, 70999324, 54195459, 10896764, 65776350, 46951633], [43757033, 111862438, 49725526, 66302400, 46951633, 154463173]], "lincomb_LLL": [-2.0, -2.0, 1.0, 0.0, 2.0, 1.0], "lincomb_cube": [-2.0, -1.60357666015625, 1.4425468444824219, 0.14979934692382812, 0.9914712905883789, 0.8978157043457031], "LLL.norm": 4353.5859375, "cube.norm": 1679.89453125, "sv_LLL": [-179.0, 620.0, -19.0, -669.0, 4138.0, 983.0], "sv_cube": [1202.91796875, 318.4609375, 196.671875, 759.52734375, 811.19140625, -4.99609375]}, {"B": [[-6222, 840, -8851, 2445, 4901, -5218], [4112, 7879, 9230, -9060, 5671, -284], [7023, 3227, -1983, -7213, 9642, -1461], [1896, 6374, 1468, 7698, -7551, -2710], [23, 5742, -2521, -6713, -137, -7264], [-7864, 3108, 7831, -5639, -9184, -7692]], "G": [[174984435, -93537451, 13808262, -23481081, 47812375, -36432936], [-93537451, 278504582, 156445505, -40229223, 84172793, 65622698], [13808262, 156445505, 210798401, -93399644, 81402725, -97368238], [-23481081, -40229223, -93399644, 169998621, 1985541, 63180838], [47812375, 84172793, 81402725, 1985541, 137175368, 92910816], [-36432936, 65622698, -97368238, 63180838, 92910816, 308137762]], "lincomb_LLL": [0.0, -1.0, 2.0, 1.0, -1.0, 1.0], "lincomb_cube": [0.32364845275878906, -0.9827280044555664, 2.7290267944335938, 1.0, -2.207408905029297, 1.5704421997070312], "LLL.norm": 8756.3125, "cube.norm": 6471.6796875, "sv_LLL": [3943.0, 2315.0, -1376.0, 3406.0, -2985.0, -5776.0], "sv_cube": [2606.53125, -84.484375, 1984.171875, 3671.0, 654.921875, -4152.03125]}, {"B": [[-4217, 5449, 2475, -2160, 1268, 8112], [-5520, -1645, 9664, -9862, -3956, -1703], [-7384, -2778, 9571, 9474, -4886, -5587], [1821, -4515, -7341, -438, -3875, 4792], [-5543, -4106, -6138, -5562, 4837, 6128], [-7122, -66, 5081, -5874, -7116, 7815]], "G": [[125678283, 40703611, -32291801, -15545083, 53667259, 109309347], [40703611, 242378510, 73234723, -62079889, 3315386, 161296133], [-32291801, 73234723, 298689022, -83153571, -116975924, 36858542], [-15545083, -62079889, -83153571, 115762280, 66562002, 17625999], [53667259, 3315386, -116975924, 66562002, 177143926, 54702480], [109309347, 161296133, 36858542, 17625999, 54702480, 222759358]], "lincomb_LLL": [4.0, 3.0, 1.0, 4.0, -1.0, -4.0], "lincomb_cube": [5.1344451904296875, 3.8697662353515625, 1.364267349243164, 5.1894378662109375, -1.0, -5.712318420410156], "LLL.norm": 7193.671875, "cube.norm": 3925.26953125, "sv_LLL": [503.0, 393.0, 4913.0, -1446.0, -3555.0, 3532.0], "sv_cube": [2589.25, -1125.423828125, 2180.65625, 514.25, 238.6875, 1536.3125]}, {"B": [[5806, -8899, 6367, 2815, -3484, 5968], [-1904, 9289, -1017, -9289, -5291, -8086], [4758, -8086, 3170, -9778, -6932, 6316], [3513, -7714, 8881, -4862, -9743, 708], [9739, 5377, -3838, 4496, 7395, -3655], [-8429, -7813, -3128, -9155, 3546, 3893]], "G": [[209120031, -156164613, 154085558, 170072117, -50662815, -14219028], [-156164613, 270608624, -10960098, 3612368, -16028816, -18544854], [154085558, -10960098, 281624624, 226793868, -127615728, 102679882], [170072117, 3612368, 226793868, 269785483, -137847126, 15597813], [-50662815, -16028816, -127615728, -137847126, 226749560, -141262393], [-14219028, -18544854, 102679882, 15597813, -141262393, 253418984]], "lincomb_LLL": [3.0, 2.0, -1.0, -1.0, 0.0, 1.0], "lincomb_cube": [4.048500061035156, 2.385417938232422, -1.1060676574707031, -1.6877727508544922, 0.04762923717498779, 1.0], "LLL.norm": 6111.640625, "cube.norm": 2234.16015625, "sv_LLL": [-3090.0, -132.0, 1888.0, -4648.0, -813.0, -1399.0], "sv_cube": [-193.203125, 536.78125, 1544.7109375, -681.40625, 1283.21875, 410.984375]}, {"B": [[-1397, -9756, 5623, -2105, -8018, 9857], [-563, -4977, 9014, 9488, -8153, 1130], [1153, 4236, -2647, 5629, 4855, 6054], [-7596, 5085, 520, -1886, -1174, 2457], [-1577, 762, 2568, 7573, -572, 3152], [3606, 6861, 1322, 3301, -751, 8236]], "G": [[294629072, 156564769, -48923395, 1528123, 28923256, 15715273], [156564769, 264110147, -24925612, -21890553, 100321229, 22488604], [-48923395, -24925612, 118187296, 9964046, 53545620, 94517548], [1528123, -21890553, 9964046, 94798962, 11322336, 23076289], [28923256, 100321229, 53545620, 11322336, 77274814, 54324233], [15715273, 22488604, 94517548, 23076289, 54324233, 141116539]], "lincomb_LLL": [0.0, -2.0, -3.0, -1.0, 4.0, 1.0], "lincomb_cube": [0.3599114418029785, -3.2566986083984375, -4.153541564941406, -1.3367347717285156, 6.464210510253906, 1.0], "LLL.norm": 4015.19921875, "cube.norm": 1126.142578125, "sv_LLL": [2561.0, 2070.0, 987.0, -384.0, -124.0, -2035.0], "sv_cube": [107.4765625, 92.3203125, 889.3125, -262.0, 621.45703125, 48.90625]}, {"B": [[1321, -5204, 2098, -8920, -3856, 824], [3399, -7418, 2682, 2904, -5926, -9852], [4190, 8201, -1674, -3188, -9317, 1361], [-4818, -8805, -4920, -3458, -4215, 6765], [-1844, -1469, 1167, -1816, 3636, 4060], [695, -7162, 4159, 8356, 4686, 7320]], "G": [[128342373, 37549115, 24829710, 81807242, 13180862, -39658331], [37549115, 214385645, -18536858, -15969054, -59060540, -8975593], [24829710, -18536858, 186436931, -24658721, -44288731, -123121548], [81807242, -15969054, -24658721, 200436763, 34497185, 40123882], [13180862, -59060540, -44288731, 34497185, 39922138, 45675951], [-39658331, -8975593, -123121548, 40123882, 45675951, 214438282]], "lincomb_LLL": [-1.0, 1.0, 1.0, 0.0, 3.0, 0.0], "lincomb_cube": [-1.2932796478271484, 1.4324722290039062, 1.0, 0.16151905059814453, 4.0972137451171875, -0.5080022811889648], "LLL.norm": 5239.46875, "cube.norm": 2207.84375, "sv_LLL": [736.0, 1580.0, 2411.0, 3188.0, -479.0, 2865.0], "sv_cube": [-1335.96875, 502.48046875, 1328.578125, 264.0, -982.765625, 191.40625]}, {"B": [[-1102, -1001, 4, -4656, 364, -9697], [-2258, -7368, 263, 2631, 9312, 3040], [-622, -4549, -965, -4309, -7058, 6830], [2731, 7025, 4956, -4714, -9424, -3875], [7222, -7674, 525, -9076, 812, 801], [-924, 773, -429, 7152, 9241, 5058]], "G": [[118059062, -28474512, -43501785, 46072160, 34511257, -78740655], [-28474512, 162332262, -21630162, -168562192, 26490259, 116523525], [-43501785, -21630162, 137043255, 21923021, 68758535, -64022470], [46072160, -168562192, 21923021, 207420119, 443433, -139620705], [34511257, 26490259, 68758535, 443433, 194997906, -66186757], [-78740655, 116523525, -64022470, -139620705, -66186757, 163765895]], "lincomb_LLL": [0.0, 1.0, 0.0, 1.0, 0.0, 0.0], "lincomb_cube": [-1.077493667602539, 1.0, -0.8300685882568359, 0.11096656322479248, -0.1716444492340088, -1.5288677215576172], "LLL.norm": 5712.09375, "cube.norm": 3093.0703125, "sv_LLL": [473.0, -343.0, 5219.0, -2083.0, -112.0, -835.0], "sv_cube": [-78.193359375, -1598.525390625, 2175.42578125, 1324.859375, -534.96875, -481.40625]}, {"B": [[-3821, 8543, -9718, 6953, 8472, 2870], [8040, -5063, -6081, -9125, 1471, -1779], [1070, 6203, 3270, -3042, 6015, -1510], [4213, 5544, 7938, -8544, -5013, -8032], [-8396, 5781, -4046, 9690, 3212, 2866], [936, -1765, -4147, -4065, 9227, 5051]], "G": [[310378307, -70968434, 42600253, -170805373, 223599281, 86049264], [-70968434, 215848437, -3395254, 42411075, -160964329, 83359855], [42600253, -3395254, 98029098, 72820575, -839057, 36731660], [-170805373, 42411075, 72820575, 274140278, -157352460, -90853901], [223599281, -160964329, -839057, -157352460, 232709893, 3440081], [86049264, 83359855, 36731660, -90853901, 3440081, 148363285]], "lincomb_LLL": [1.0, -1.0, -2.0, 1.0, -1.0, 1.0], "lincomb_cube": [1.0, -0.9760351181030273, -0.9310836791992188, 0.37452220916748047, -1.3928909301757812, 0.4605693817138672], "LLL.norm": 5087.4296875, "cube.norm": 2047.736328125, "sv_LLL": [-456.0, -802.0, -2340.0, -137.0, -4027.0, 1822.0], "sv_cube": [1039.09375, 920.2900390625, -128.765625, 122.44140625, -666.0, 1338.44921875]}, {"B": [[-5657, 6597, 7031, 3602, 6978, 1564], [8794, -6098, -4997, -3375, 9042, -220], [3217, 5937, 6768, 4418, 4607, 6092], [-2884, -1469, -1784, -595, -7258, -1408], [7892, 5196, 7824, 8146, 6510, -3657], [-3791, 2306, 2418, -9549, 9887, 9967]], "G": [[189070003, -74515825, 126142798, -60911135, 113692636, 103843703], [-74515825, 232686838, -16327720, -70798237, 30795722, 59950601], [126142798, -16327720, 169258519, -74717245, 152892202, 81940990], [-60911135, -70798237, -74717245, 68673126, -91298862, -76879709], [113692636, 30795722, 152892202, -91298862, 272608121, -48889267], [103843703, 59950601, 81940990, -76879709, -48889267, 313813300]], "lincomb_LLL": [1.0, 1.0, 0.0, 2.0, 0.0, 0.0], "lincomb_cube": [1.0, 1.3082160949707031, 0.5205516815185547, 3.4034881591796875, 0.31279850006103516, 0.16578412055969238], "LLL.norm": 4536.5390625, "cube.norm": 1648.98828125, "sv_LLL": [-2631.0, -2439.0, -1534.0, -963.0, 1504.0, -1472.0], "sv_cube": [-453.4677734375, -1282.111328125, 793.3193359375, 426.4765625, 177.95703125, 163.748046875]}, {"B": [[-4684, 5187, -6642, 8164, 7991, -8296], [950, 226, 7651, -4284, 9592, -1077], [-6025, -431, -6653, -1148, 128, 3758], [8128, -3999, 5118, -4762, -6443, 3494], [-9425, -4880, -5346, 2396, -9073, 7063], [6487, -2266, -9857, 8918, 5587, -8152]], "G": [[292291582, -3485592, 30648937, -212157326, -57193775, 208412605], [-3485592, 171010426, -54624817, 811758, -155858407, -45599877], [30648937, -54624817, 96205647, -63525161, 117086645, -12686852], [-212157326, 811758, -63525161, 184647238, -12726399, -95607701], [-57193775, -155858407, 117086645, -12726399, 279170855, -84287272], [208412605, -45599877, -12686852, -95607701, -84287272, 321576771]], "lincomb_LLL": [-5.0, -1.0, -2.0, -6.0, -1.0, 1.0], "lincomb_cube": [-3.9295425415039062, -1.0, -1.2726593017578125, -4.6025238037109375, -0.8053188323974609, 0.7752599716186523], "LLL.norm": 5670.5625, "cube.norm": 1169.23046875, "sv_LLL": [1664.0, 1309.0, 3646.0, 854.0, 3515.0, -1138.0], "sv_cube": [333.6796875, 518.71875, 23.8125, 565.65625, 136.21875, 804.734375]}, {"B": [[-4301, 4547, -1702, -9058, -4387, 3695], [-7938, 8224, -4343, 3250, 8563, 3742], [3737, 7072, -842, -3279, 5379, 4483], [22, -5351, -4888, 3214, -5047, -2803], [-119, -5194, -3781, -7963, 8191, 5332], [7331, -6262, 7019, 3461, -6937, -8359]], "G": [[157016772, 25749961, 40184825, -33434551, 39226640, -103753907], [25749961, 247397702, 84331641, -66213463, 38862176, -219608342], [40184825, 84331641, 124470088, -83896730, 60080353, -108935054], [-33434551, -66213463, -83896730, 96185043, -35606651, 68925342], [39226640, 38862176, 60080353, -35606651, 200219832, -123837498], [-103753907, -219608342, -108935054, 68925342, -123837498, 272195937]], "lincomb_LLL": [0.0, 0.0, 1.0, 1.0, 0.0, 0.0], "lincomb_cube": [0.7368001937866211, 1.2747554779052734, 1.0, 0.982975959777832, 0.5376615524291992, 1.7052364349365234], "LLL.norm": 7270.609375, "cube.norm": 5065.0703125, "sv_LLL": [3759.0, 1721.0, -5730.0, -65.0, 332.0, 1680.0], "sv_cube": [2907.734375, 2175.109375, -2500.953125, -1030.2734375, 676.078125, -2166.9375]}, {"B": [[-8111, 7708, -1058, 5385, 5600, 9682], [-6954, 3221, 5297, -1286, 4182, 7661], [2002, 5021, -5999, 9217, -5597, 922], [6915, 6786, -1175, 2152, -8252, -2487], [-1306, -8757, 2490, 8771, -809, -2494], [-2156, 4943, 1320, -2120, -986, 6489]], "G": [[280420298, 166295028, 56027737, -61239741, -40985883, 100080098], [166295028, 164625007, -57722244, -88783422, -39704121, 86221364], [56027737, -57722244, 182336028, 118693575, 21549793, 4545271], [-61239741, -88783422, 118693575, 174159423, -39628104, 4519547], [-40985883, -39704121, 21549793, -39628104, 168395743, -71163727], [100080098, 86221364, 4545271, 4519547, -71163727, 78397702]], "lincomb_LLL": [1.0, -2.0, -1.0, 0.0, 1.0, 2.0], "lincomb_cube": [1.7020988464355469, -2.6636085510253906, -2.070953369140625, 0.8345308303833008, 1.0, 1.7362632751464844], "LLL.norm": 6047.890625, "cube.norm": 1769.630859375, "sv_LLL": [-1823.0, -2626.0, -523.0, 3271.0, 52.0, 3922.0], "sv_cube": [1292.3515625, -369.484375, 314.984375, 389.26171875, 576.154296875, 861.515625]}, {"B": [[-6557, 2869, 5963, -4884, -8084, 231], [1089, -6762, 2844, -36, 2872, 9724], [-8747, -215, 4345, 2105, 5313, -8959], [-4233, -6874, 6449, 275, 2913, -2445], [-4974, 3549, -8655, -1254, -5838, 57], [9918, 3515, -8603, 2262, 2316, -3092]], "G": [[176040652, -30377159, 27345838, 21033075, 44518929, -136731884], [-30377159, 157804757, -67648633, 44794263, -70197168, -60931148], [27345838, -67648633, 208357934, 104485265, -29029059, -80120860], [21033075, 44794263, 104485265, 121298985, -76647288, -106697253], [44518929, -70197168, -29029059, -76647288, 147903111, 21067968], [-136731884, -60931148, -80120860, -106697253, 21067968, 204774522]], "lincomb_LLL": [-3.0, -3.0, -2.0, -1.0, -1.0, -4.0], "lincomb_cube": [-1.816183090209961, -1.6078033447265625, -0.808441162109375, -1.0, -0.5410795211791992, -2.472797393798828], "LLL.norm": 5635.2890625, "cube.norm": 3267.45703125, "sv_LLL": [3433.0, 1374.0, 1507.0, 2481.0, -1329.0, 2809.0], "sv_cube": [-371.65625, 2096.96875, 592.34375, 2036.390625, 287.9921875, 1249.0625]}, {"B": [[2054, -3003, -9623, 7077, 5575, 6427], [5935, 4222, -6419, -6958, -2692, -7012], [9543, 8505, -4632, 887, -596, 440], [9895, 8015, -6022, 976, -2478, -8775], [-7126, -3980, 8614, -5743, -2340, 773], [1272, 8514, 4252, -4694, -4141, 710]], "G": [[228309937, -48033929, 44417022, -9099632, -134298026, -115614193], [-48033929, 199081842, 114626029, 192631441, -73550838, 55031744], [44417022, 114626029, 186194883, 188971064, -145112647, 63471860], [-9099632, 192631441, 188971064, 282509419, -160874701, 54670410], [-134298026, -73550838, -145112647, -160874701, 179876450, 30873148], [-115614193, 55031744, 63471860, 54670410, 30873148, 131871301]], "lincomb_LLL": [4.0, -1.0, 0.0, 4.0, 6.0, 1.0], "lincomb_cube": [3.163013458251953, -1.0, -0.04360079765319824, 3.539012908935547, 4.9835205078125, 0.5774736404418945], "LLL.norm": 4339.34375, "cube.norm": 3008.1640625, "sv_LLL": [377.0, 460.0, -225.0, 18.0, -3101.0, 2968.0], "sv_cube": [386.296875, -643.96875, 254.85546875, 1427.05859375, -2470.61328125, 528.923828125]}, {"B": [[-4184, -6394, 1506, -2999, 4670, 1874], [7444, -1027, -9906, 5551, -7637, -305], [8813, 4694, -9461, -62, -7138, -334], [-1651, 9529, -3672, 1797, -420, 2672], [1761, 9290, -9293, -6808, -1805, 5216], [-5312, 9773, 3783, -1433, -4502, 304]], "G": [[94971905, -92381303, -114909732, -61893949, -59000916, -50723033], [-92381303, 243827096, 208774514, 26666232, 70027209, -60719326], [-114909732, 208774514, 240279570, 66913753, 158612068, -4608571], [-61893949, 26666232, 66913753, 117556419, 122202171, 88133880], [-59000916, 70027209, 158612068, 122202171, 252578615, 65748957], [-50723033, -60719326, -4608571, 88133880, 65748957, 160453871]], "lincomb_LLL": [4.0, -2.0, 5.0, 2.0, -3.0, 1.0], "lincomb_cube": [5.341423034667969, -2.1719818115234375, 6.024604797363281, 2.8294105529785156, -3.562602996826172, 1.0], "LLL.norm": 5216.125, "cube.norm": 2960.875, "sv_LLL": [-1456.0, 909.0, 2849.0, -823.0, -1663.0, -3564.0], "sv_cube": [-1679.0390625, -5.03125, -938.3125, -543.5, -731.6015625, -2058.28125]}, {"B": [[6242, -9864, 3545, 3618, 3421, 1650], [-2550, -5062, 7839, -4629, -1414, -4446], [6303, 1693, 872, 670, 1923, -2064], [-3054, -4793, -8341, 7316, -2656, 7273], [9168, 8082, 4941, -4132, -4275, -7704], [-6674, -1982, 6098, -1212, 8958, 3166]], "G": [[176343750, 32882807, 31331857, 28029801, -47264298, 30992952], [32882807, 136770218, -14451016, -95781171, 33866877, 53721506], [31331857, -14451016, 51761367, -49854503, 80689073, -30224722], [28029801, -95781171, -49854503, 215346767, -182855483, -30614418], [-47264298, 33866877, 80689073, -182855483, 268485094, -104753868], [30992952, 53721506, -30224722, -30614418, -104753868, 177394468]], "lincomb_LLL": [0.0, 0.0, 0.0, 1.0, 1.0, 1.0], "lincomb_cube": [-0.6120872497558594, 0.8197546005249023, 1.543924331665039, 1.0, 0.15688514709472656, 0.3869643211364746], "LLL.norm": 4977.828125, "cube.norm": 1472.234375, "sv_LLL": [-560.0, 1307.0, 2698.0, 1972.0, 2027.0, 2735.0], "sv_cube": [-377.9453125, 209.873046875, 396.384765625, 1224.0078125, -144.375, -551.748046875]}, {"B": [[3911, -2635, 1996, -1267, 357, -6278], [4519, -2039, -310, 6490, -9932, -9699], [7232, -3071, 7328, -2623, -3005, 1083], [-1899, -7100, 7383, -661, -1809, 5769], [-4116, 9096, -5267, 9361, -8363, 8740], [-5549, 4221, 1286, 8169, 2213, 1590]], "G": [[67369184, 71549582, 46454607, -10008129, -120294266, -49799720], [71549582, 259510307, 38989870, -38669844, 23530768, -18465326], [46454607, 38989870, 132515492, 75590831, -86254972, -70024633], [-10008129, -38669844, 75590831, 145515653, -36289471, -10167327], [-120294266, 23530768, -86254972, -36289471, 361375651, 126319828], [-49799720, -18465326, -70024633, -10167327, 126319828, 124420068]], "lincomb_LLL": [-11.0, 3.0, 2.0, -2.0, -4.0, 1.0], "lincomb_cube": [-9.893417358398438, 2.535064697265625, 2.0, -1.85174560546875, -3.49530029296875, 0.9393072128295898], "LLL.norm": 3162.9765625, "cube.norm": 173.433837890625, "sv_LLL": [-287.0, -1237.0, -642.0, 208.0, -450.0, -2781.0], "sv_cube": [-82.28125, 77.12890625, 69.13671875, -80.796875, -60.5, -48.908203125]}, {"B": [[-2659, 2875, 5238, -5832, -3264, 3864], [-8329, 5905, -3728, 9282, 4591, -4660], [5856, -8388, 6603, 453, 3115, -2219], [-8892, -4053, 8158, -8974, -4531, -4626], [3611, 49, 6441, 68, 6491, -2410], [8152, 7255, 5233, 8809, -6133, 5512]], "G": [[102368966, -67527466, -26483562, 103973745, -6618256, 16534803], [-67527466, 247087655, -94075497, -62825850, -12136765, -16643242], [-26483562, -94075497, 163083284, 27878093, 88862986, -5908275], [103973745, -62825850, 27878093, 284509950, 1365776, -135963140], [-6618256, -12136765, 88862986, 1365776, 102474008, 11003909], [16534803, -16643242, -5908275, -135963140, 11003909, 292068732]], "lincomb_LLL": [0.0, 0.0, -1.0, 0.0, 1.0, 0.0], "lincomb_cube": [-1.0387840270996094, -0.5000295639038086, -1.0, 0.4575157165527344, 0.7137002944946289, 0.19617819786071777], "LLL.norm": 9371.828125, "cube.norm": 3676.26953125, "sv_LLL": [-2245.0, 8437.0, -162.0, -385.0, 3376.0, -191.0], "sv_cube": [1179.060546875, 2052.75390625, -824.072265625, -1365.1640625, -663.5859375, -2219.875]}, {"B": [[2435, -9447, 4269, -2613, 9498, -4304], [5119, 4093, 7371, 6119, 5886, 1973], [102, -8411, 4930, -8638, -3982, -3355], [-4712, -8495, 5626, -5147, 6240, -1761], [6359, -837, 3742, -4297, 4530, -1261], [6217, -8145, -6333, 1853, 6873, -4972]], "G": [[228963584, 36689482, 99943235, 173091914, 99047247, 146885986], [36689482, 173268337, -80478444, -15661823, 54590446, -6209976], [99943235, -80478444, 196787618, 124227262, 49446366, 11226599], [173091914, -15661823, 124227262, 194550175, 50803679, 46373634], [99047247, 54590446, 49446366, 50803679, 95715244, 52095223], [146885986, -6209976, 11226599, 46373634, 52095223, 220491525]], "lincomb_LLL": [6.0, -2.0, -1.0, -4.0, -1.0, -3.0], "lincomb_cube": [4.8465576171875, -1.6712760925292969, -1.0, -3.0733299255371094, -0.5862312316894531, -2.439922332763672], "LLL.norm": 4912.0859375, "cube.norm": 4009.47265625, "sv_LLL": [-1892.0, 2795.0, -1305.0, 48.0, -911.0, -3194.0], "sv_cube": [-1271.21875, 2256.78125, -591.203125, -436.31640625, 1574.6875, -2519.375]}, {"B": [[-8798, -1405, 6727, 909, 5835, -9063], [-9456, -5294, 8974, 3936, -5039, -1285], [5747, 9210, 7335, -7411, -5902, -4187], [4171, -6837, -9977, -5414, 6960, 2851], [-1970, 2258, 8622, 3300, -6295, 3233], [-3386, -6540, -8077, 3141, -9330, 6921]], "G": [[241642833, 136821270, -17387599, -84354091, 9127460, -129665655], [136821270, 240509890, -31326305, -152823975, 124603196, 44641139], [-17387599, -31326305, 278941828, -125071231, 71877179, -136128055], [-84354091, -152823975, -125071231, 249563536, -162138627, 48964800], [9127460, 124603196, 71877179, -162138627, 144287662, 13736449], [-129665655, 44641139, -136128055, 48964800, 13736449, 264289547]], "lincomb_LLL": [2.0, -2.0, 0.0, 1.0, 3.0, 1.0], "lincomb_cube": [1.6151409149169922, -1.5647296905517578, 0.25902271270751953, 0.6934652328491211, 1.8041133880615234, 1.0], "LLL.norm": 6703.9453125, "cube.norm": 2913.28125, "sv_LLL": [-3809.0, 1175.0, 3318.0, 1573.0, 493.0, 3915.0], "sv_cube": [-1972.9921875, 1192.46875, -717.546875, -1270.0859375, -80.140625, 1018.8828125]}, {"B": [[-4827, -9812, 32, -3519, 2997, 5320], [109, -5221, 5837, 8896, 6091, 3345], [4274, -5773, -7109, 9843, 7171, -8166], [-2465, 8222, 4433, -648, 6792, -2111], [5561, 6713, 7497, -7522, 5863, -329], [-3998, -2719, 9009, -7119, 453, 6722]], "G": [[169244067, 55634196, -20802560, -57228437, -50179950, 108435904], [55634196, 188769413, 93038085, 11223843, -22987119, 28259339], [-20802560, 93038085, 317123932, -29949619, -97591467, -187151352], [-57228437, 11223843, -29949619, 144336487, 120110893, 20936095], [-50179950, -22987119, -97591467, 120110893, 223257593, 81048467], [108435904, 28259339, -187151352, 20936095, 81048467, 200609700]], "lincomb_LLL": [0.0, -1.0, 1.0, 0.0, 0.0, 1.0], "lincomb_cube": [-1.0722274780273438, -1.0, 1.354543685913086, 0.1390380859375, -0.6347732543945312, 2.226055145263672], "LLL.norm": 9466.015625, "cube.norm": 6583.1796875, "sv_LLL": [167.0, -3271.0, -3937.0, -6172.0, 1533.0, -4789.0], "sv_cube": [-1916.5, -1248.78125, 411.21875, -2952.65625, -1359.95703125, -5231.546875]}, {"B": [[-227, -8859, -7483, 2380, -2938, -690], [9870, -498, -5803, -7904, 7220, -5741], [8067, 3708, 2053, 1210, -2303, 9487], [7640, -6821, -2463, -5260, 3408, -1091], [1126, 6618, -8491, 3024, -3654, 845], [-3208, 1595, 5516, 5432, -2304, 658]], "G": [[149301043, 9532551, -46942996, 55344874, 22003211, -35434825], [9532551, 278900410, -14795220, 165540678, 1956408, -127813604], [-46942996, -14795220, 179811640, 6719532, 36281680, 9480950], [55344874, 165540678, 6719532, 151434355, -44906372, -86116753], [22003211, 1956408, 36281680, -44906372, 140373198, -14491660], [-35434825, -127813604, 9480950, -86116753, -14491660, 78509549]], "lincomb_LLL": [-3.0, -3.0, -2.0, 6.0, 3.0, 1.0], "lincomb_cube": [-1.3531532287597656, -1.3952980041503906, -0.9537324905395508, 3.0969772338867188, 1.5720386505126953, 1.0], "LLL.norm": 4698.5625, "cube.norm": 2504.2109375, "sv_LLL": [947.0, 1178.0, 1017.0, -2904.0, -1058.0, -3034.0], "sv_cube": [1064.8359375, 20.28125, 804.5, 549.671875, -1395.765625, -1496.4140625]}, {"B": [[-6282, 9923, 6139, -9780, 1039, -9713], [-9529, 5147, 7365, 8513, -7827, -8466], [-8874, -8822, -517, 8042, 3136, -7402], [-5780, 6458, 4453, 4333, 641, -660], [8302, 6267, 7676, 6090, 9303, -7429], [3526, -220, -4422, -9794, -2036, -9809]], "G": [[366687064, 146989459, -38464931, 92429500, 79420735, 137464683], [146989459, 376942929, 141927213, 158570573, 51603734, -51697180], [-38464931, 141927213, 286140713, 33758525, 211532, -39604736], [92429500, 158570573, 33758525, 114564743, 63922287, -78760744], [79420735, 51603734, 211532, 63922287, 345943419, -11764467], [137464683, -51697180, -39604736, -78760744, -11764467, 228319373]], "lincomb_LLL": [-1.0, 0.0, 0.0, 1.0, 0.0, 1.0], "lincomb_cube": [-1.0, -0.3291358947753906, -0.05457198619842529, 2.2007408142089844, -0.08465194702148438, 1.2728843688964844], "LLL.norm": 9605.28125, "cube.norm": 6426.5390625, "sv_LLL": [4028.0, -3685.0, -6108.0, 4319.0, -2434.0, -756.0], "sv_cube": [967.734375, 2266.21484375, -5013.453125, 3092.84375, -602.421875, -405.921875]}, {"B": [[6866, -5611, 7385, 1615, -6353, -1692], [-4875, 643, -3147, 7545, -9663, 3045], [-4508, 6943, -3100, 1437, 1293, 9066], [6245, -4487, 8375, 7446, -3250, -799], [7921, -4180, -3674, 7968, -1337, 3353], [2729, 2056, 4748, -9055, 8195, 8825]], "G": [[178995200, 8101856, -114035947, 163928550, 66396081, -39353482], [8101856, 193655302, 62150425, 25466224, 53507339, -147559958], [-114035947, 62150425, 164066487, -86014283, -13220635, 64845226], [163928550, 25466224, -86014283, 195917636, 98448486, -53526622], [66396081, 53507339, -13220635, 98448486, 170232119, -57938553], [-39353482, -147559958, 64845226, -53526622, -57938553, 261249756]], "lincomb_LLL": [-1.0, 0.0, 0.0, 1.0, 0.0, 0.0], "lincomb_cube": [-1.0, 0.788914680480957, -1.0053424835205078, 0.45995664596557617, 0.0166323184967041, 0.6424274444580078], "LLL.norm": 6859.71875, "cube.norm": 2595.34375, "sv_LLL": [-621.0, 1124.0, 990.0, 5831.0, 3103.0, 893.0], "sv_cube": [-1422.5234375, -1674.337890625, 90.12109375, 632.859375, 1177.41015625, 337.4921875]}, {"B": [[9154, 2769, -9632, 4234, -8737, 107], [8987, 7581, 410, -1468, -2740, -5148], [58, -4228, -8581, -541, 5843, -9979], [-7654, 4891, -1063, 8126, 8663, -5327], [7776, 4416, 4888, -8566, -6047, -749], [9499, 2577, -4840, 8801, 1727, 125]], "G": [[278511875, 116482699, 17067154, -88135857, 52812244, 162896449], [116482699, 174570358, 1106828, -40385849, 138364208, 84624002], [17067154, 1106828, 225526680, 87378399, -83387912, 35269571], [-88135857, -40385849, 87378399, 253091940, -161117346, 30855733], [52812244, 138364208, -83387912, -161117346, 214363342, -24339824], [162896449, 84624002, 35269571, 30855733, -24339824, 200753285]], "lincomb_LLL": [0.0, -2.0, 0.0, 1.0, 2.0, 1.0], "lincomb_cube": [0.6156635284423828, -3.2928390502929688, 0.4748353958129883, 1.6287708282470703, 3.4961891174316406, 1.0], "LLL.norm": 6752.5234375, "cube.norm": 2072.89453125, "sv_LLL": [-577.0, 1138.0, 3053.0, 2731.0, 3776.0, 3596.0], "sv_cube": [289.3125, 716.671875, -836.6875, -728.21875, 1113.34375, 1108.91796875]}, {"B": [[7104, -3281, 7086, 2105, -6094, 1585], [8669, 3388, -1918, 3573, -3066, -6373], [-3499, -5326, 2837, -9095, 6691, -9555], [8353, 9304, -3506, 5546, 4420, -3924], [-9260, 3780, -1493, 7718, -8987, -9789], [7933, -8223, 2753, -9848, -8599, -7004]], "G": [[155523259, 52981764, -62343912, -17510918, -33267015, 123414379], [52981764, 153090643, -45935711, 141930407, 52911127, 71445521], [-62343912, -45935711, 267444377, -72099603, -28760513, 122803263], [-17510918, 141930407, -72099603, 234321353, 4548322, -85035353], [-33267015, 52911127, -28760513, 4548322, 338423263, -38818244], [123414379, 71445521, 122803263, -85035353, -38818244, 358111148]], "lincomb_LLL": [1.0, -4.0, 0.0, 3.0, 1.0, 1.0], "lincomb_cube": [1.0, -2.2895965576171875, 0.10257148742675781, 1.6754646301269531, 0.5031900405883789, 0.5293817520141602], "LLL.norm": 10001.6875, "cube.norm": 6861.2265625, "sv_LLL": [-3840.0, 6636.0, 5500.0, 2321.0, 1844.0, -1488.0], "sv_cube": [431.8125, 1553.015625, 6600.3828125, 953.7734375, -56.5625, -11.515625]}, {"B": [[1202, 4890, -2802, -9792, 7517, -4523], [3063, 3046, -6583, -6381, -8723, 3418], [-1342, -2725, 529, -5690, -8910, 8223], [2441, 1491, 6519, 4599, -9516, 9878], [-3510, 5368, 6067, -770, 5734, 4185], [-9499, -1336, 2215, 6277, 264, 1042]], "G": [[206054190, 18474579, -64873211, -169284540, 36744329, -88350130], [18474579, 190486588, 126242731, 56528645, -65139245, -86541091], [-64873211, 126242731, 188888359, 135955798, -19003322, -11940011], [-169284540, 56528645, 135955798, 259958864, 22220007, 25909125], [36744329, -65139245, -19003322, 22220007, 128929894, 40649503], [-88350130, -86541091, -11940011, 25909125, 40649503, 137478311]], "lincomb_LLL": [-1.0, 1.0, 0.0, -1.0, 1.0, 0.0], "lincomb_cube": [-2.1152992248535156, 1.0, -0.17099785804748535, -1.5526504516601562, 1.6465072631835938, -0.9389810562133789], "LLL.norm": 6974.7265625, "cube.norm": 4007.390625, "sv_LLL": [-4090.0, 2033.0, -4233.0, -1958.0, -990.0, 2248.0], "sv_cube": [100.0, 946.087890625, -2958.609375, 1002.546875, 868.109375, 2154.52734375]}, {"B": [[1167, 4003, -7160, -6315, 6083, 2489], [6392, 6567, -9780, 2137, -4836, -4241], [6229, -921, 6142, -4157, 610, -934], [-4486, 1543, 1555, -8259, -4615, 8332], [-1153, 6350, -8225, 2970, 1788, 4860], [-9445, -2671, -6402, 9820, 1532, -777]], "G": [[151728733, 50303573, -12756881, 34628555, 87181893, -30504105], [50303573, 225571299, -34173574, -64416886, 91859836, 1570508], [-12756881, -34173574, 95897951, 3921838, -79343187, -134855500], [34628555, -64416886, 3921838, 183854600, 9893203, -66353717], [87181893, 91859836, -79343187, 9893203, 144939978, 74714081], [-30504105, 1570508, -134855500, -66353717, 74714081, 236711023]], "lincomb_LLL": [0.0, 1.0, 3.0, 1.0, 0.0, 2.0], "lincomb_cube": [0.34345006942749023, 1.0, 4.7251434326171875, 1.287109375, 0.07810401916503906, 3.0657081604003906], "LLL.norm": 5622.1484375, "cube.norm": 3232.734375, "sv_LLL": [1703.0, 5.0, -2603.0, 1047.0, -4557.0, -265.0], "sv_cube": [1406.03125, -2116.5703125, -1484.84375, 32.71875, -968.15625, 922.28125]}, {"B": [[-3176, 5340, 2953, -2951, -1210, 2689], [-1241, 8070, -7817, -4157, 4065, -887], [4006, -9230, -5929, -825, -5396, 1280], [8500, -5448, 6046, 1671, -8256, -7998], [5434, -4636, -5952, 2518, 4291, -5305], [3175, -3519, 5518, -65, -9948, 3729]], "G": [[64726007, 28915129, -67113938, -54682465, -86478753, 9675570], [28915129, 162362113, -52751128, -135188203, 14051794, -118948749], [-67113938, -52751128, 167829818, 81422667, 67826306, 70989351], [-54682465, -135188203, 81422667, 273406601, 46670608, 131718371], [-86478753, 14051794, 67826306, 46670608, 139343186, -61908985], [9675570, -118948749, 70989351, 131718371, -61908985, 165784680]], "lincomb_LLL": [-3.0, 1.0, -1.0, 0.0, -1.0, 1.0], "lincomb_cube": [-1.5061664581298828, 0.3655567169189453, -0.11078417301177979, 0.1159207820892334, -1.0, -0.06790661811828613], "LLL.norm": 4663.3203125, "cube.norm": 1361.98046875, "sv_LLL": [2022.0, 2397.0, 723.0, 2938.0, -1148.0, -1200.0], "sv_cube": [-778.150390625, 173.07275390625, -370.27099609375, 696.59375, -666.265625, -391.4892578125]}, {"B": [[5344, 2609, 5217, -2797, -3245, 1519], [-3033, -9575, -588, -2006, 1255, 6012], [-4167, -4125, -1253, -926, -311, 3732], [4064, 988, 178, -4483, -5757, -270], [-4898, -9826, -7389, 2998, -6490, -9585], [8759, 2373, -3711, -9530, 6510, 4787]], "G": [[83242901, -33586588, -30299349, 56034620, -92244330, 46440879], [-33586588, 142968663, 76776185, -21746253, 41500358, 8961220], [-30299349, 76776185, 50831544, -16299177, 33671655, -16972241], [56034620, -21746253, -16299177, 70837162, -4417956, 41232972], [-92244330, 41500358, 33671655, -4417956, 318118330, -155502336], [46440879, 8961220, -16972241, 41232972, -155502336, 252239100]], "lincomb_LLL": [2.0, -2.0, 3.0, -2.0, 1.0, 1.0], "lincomb_cube": [3.2971839904785156, -2.0, 3.5391082763671875, -2.8855438232421875, 1.269998550415039, 0.9567594528198242], "LLL.norm": 5480.6328125, "cube.norm": 1364.115234375, "sv_LLL": [-14.0, 2564.0, -3605.0, -1926.0, 1601.0, -2048.0], "sv_cube": [-628.359375, 94.015625, 494.73046875, -862.015625, 288.2578125, -621.4609375]}, {"B": [[1463, -190, 225, 1025, -2536, -5053], [-3834, -1072, -1669, -7420, 7367, -6574], [-8920, -4562, -9698, -8004, 4176, 2385], [9388, -7402, -4767, -8888, 2887, -6307], [-4416, 187, 2394, 7171, -1334, 7782], [-9411, 6125, -786, -7014, 104, 3064]], "G": [[35241824, 1149223, -45211071, 29506088, -34546635, -38044379], [1149223, 171180866, 129750988, 108577182, -101460372, 63494920], [-45211071, 129750988, 281620665, 64410799, -29086784, 127508498], [29506088, 108577182, 64410799, 292757999, -170921960, -86624824], [-34546635, -101460372, -29086784, -170921960, 139029582, 14230585], [-38044379, 63494920, 127508498, -86624824, 14230585, 185295450]], "lincomb_LLL": [1.0, 0.0, 0.0, 0.0, 0.0, 0.0], "lincomb_cube": [1.0, 0.20250225067138672, -0.20694994926452637, 0.7005100250244141, 1.1612892150878906, 0.5166349411010742], "LLL.norm": 5936.484375, "cube.norm": 2393.01171875, "sv_LLL": [1463.0, -190.0, 225.0, 1025.0, -2536.0, -5053.0], "sv_cube": [-881.3046875, -1266.59375, 928.7412109375, -343.33984375, -1381.4453125, -675.8125]}, {"B": [[4705, 3346, 3607, 5470, 7007, 5758], [-6157, 6035, -9227, -2420, -376, -2638], [7854, -715, -7042, 7512, 7623, 785], [-7011, -7212, -6700, -8045, -2459, -5607], [2643, -9623, -6125, -637, -1862, -1879], [5157, -4732, 3431, -6714, -3538, -3071]], "G": [[158516703, -73119000, 108185217, -174806476, -69206824, -58393134], [-73119000, 172424223, -10811687, 96647957, -10633927, -66287640], [108185217, -10811687, 226942803, -86306906, 50316632, -60091121], [-174806476, 96647957, -86306906, 248264220, 112147379, 54916926], [-69206824, -10633927, 50316632, 112147379, 144506657, 54786095], [-58393134, -66287640, -60091121, 54916926, 54786095, 127784515]], "lincomb_LLL": [1.0, 0.0, 0.0, 1.0, 0.0, 0.0], "lincomb_cube": [-0.24206089973449707, -0.7316370010375977, 0.6864051818847656, 1.0, -1.1444873809814453, -0.10643887519836426], "LLL.norm": 7560.953125, "cube.norm": 5140.890625, "sv_LLL": [-2306.0, -3866.0, -3093.0, -2575.0, 4548.0, 151.0], "sv_cube": [-1827.97265625, -1411.08203125, 988.83203125, -998.564453125, 3860.0625, -2054.53125]}, {"B": [[-5949, -4383, 6958, -5049, 1314, 2770], [8392, 6739, -6698, -3110, 5978, 7664], [-9287, -4932, -8014, -3957, -7313, 6525], [-4401, -7357, -9667, -5650, -2453, -825], [1355, -8153, -3318, 5805, -7473, 2788], [2804, 9935, -4302, -9257, 6596, -2490]], "G": [[137906951, -81278967, 49547768, 14182652, -26819147, -41650980], [-81278967, 264848469, -38898724, -25177783, -62707855, 168434727], [49547768, -38898724, 286510632, 189540863, 104088527, -68417789], [14182652, -25177783, 189540863, 205565473, 69326291, -5668453], [-26819147, -62707855, 104088527, 69326291, 176633256, -172897512], [-41650980, 168434727, -68417789, -5668453, -172897512, 260473210]], "lincomb_LLL": [-1.0, 1.0, 0.0, 1.0, -3.0, -3.0], "lincomb_cube": [-1.0, 0.29326629638671875, 0.1728379726409912, 0.5208044052124023, -1.828948974609375, -1.5068378448486328], "LLL.norm": 9318.359375, "cube.norm": 5829.3125, "sv_LLL": [-2537.0, -1581.0, -463.0, 6645.0, 4842.0, 3175.0], "sv_cube": [-2190.5078125, 1616.3125, -2791.1640625, 3842.21875, 1626.265625, -1171.38671875]}, {"B": [[3719, 1219, -3536, -8854, -2452, 2890], [-2669, -6199, 725, 2011, -4781, -1411], [839, -9551, -7560, 752, 8747, 1804], [-4459, -7436, 1824, -4206, 4391, 5612], [7437, -4974, -7330, -1254, -6332, 2033], [8607, 2722, -6598, 3716, 5371, 677]], "G": [[120577938, -30206364, -4682560, 10594703, 80018127, 14543453], [-30206364, 74969790, 8633779, 21949066, 30553158, -63790433], [-4682560, 8633779, 229409051, 98859908, 56499637, 82100208], [10594703, 21949066, 98859908, 146969614, -20665131, -58900268], [80018127, 30553158, 56499637, -20665131, 179578374, 61541676], [14543453, -63790433, 82100208, -58900268, 61541676, 168137963]], "lincomb_LLL": [-2.0, -4.0, 1.0, -1.0, 2.0, -3.0], "lincomb_cube": [-2.9583892822265625, -5.84429931640625, 1.2703227996826172, -1.0, 3.204578399658203, -4.104927062988281], "LLL.norm": 3883.75, "cube.norm": 2334.0, "sv_LLL": [-2411.0, 2129.0, -78.0, 966.0, -393.0, -1909.0], "sv_cube": [-1377.6875, 812.5, -1609.15625, 329.546875, -422.875, 112.09765625]}, {"B": [[9034, 6716, -7825, 3183, -9809, 7942], [-5811, 4687, 9353, -4471, -2169, -8141], [925, 13, 3625, 1911, -713, 6828], [-9297, 1041, 4523, 3861, 5967, -818], [-6083, 6622, -4401, 4178, 568, -76], [8281, 2809, -6905, -9597, -9614, -4003]], "G": [[357371771, -151817201, 47382639, -165127513, 31080825, 179672072], [-151817201, 234184582, -33993951, 77662037, 5929960, -3188197], [47382639, -33993951, 64778293, 5348279, -14434068, -56151752], [-165127513, 77662037, 5348279, 159156953, 63124112, -196441904], [31080825, 5929960, -14434068, 63124112, 118006658, -46636010], [179672072, -3188197, -56151752, -196441904, -46636010, 324699881]], "lincomb_LLL": [16.0, -6.0, -13.0, 46.0, -25.0, 13.0], "lincomb_cube": [16.358001708984375, -6.134529113769531, -13.0, 47.29150390625, -25.518280029296875, 13.585952758789062], "LLL.norm": 2595.203125, "cube.norm": 1193.74609375, "sv_LLL": [-549.0, -1982.0, -125.0, 1306.0, 639.0, -613.0], "sv_cube": [-535.0, -649.8125, -108.0, 244.75, -802.25, -37.125]}, {"B": [[5799, -2288, 480, -3211, 1060, -8435], [-9600, 440, 4020, -2078, 8646, -4234], [3116, -8775, 232, -5436, -6023, 4917], [6605, 7554, 8818, 9455, -4052, -7709], [3275, -5150, 7920, -364, -302, 5132], [-4075, 5061, -4126, 4540, 3147, 7590]], "G": [[121677091, -3196512, 7853965, 55621773, -7863211, -112454743], [-3196512, 205512156, -94439388, -46677056, -25451188, 10399102], [7853965, -94439388, 176767419, -108556731, 86265284, -64378998], [55621773, -46677056, -108556731, 343690475, 10786331, -53404903], [-7863211, -25451188, 86265284, 10786331, 126535649, -35738769], [-112454743, 10399102, -64378998, -53404903, -35738769, 147366531]], "lincomb_LLL": [-1.0, -1.0, -2.0, -1.0, 1.0, -2.0], "lincomb_cube": [-1.7992782592773438, -1.4797039031982422, -3.0732154846191406, -1.3562812805175781, 1.0, -2.8601722717285156], "LLL.norm": 5563.7109375, "cube.norm": 906.524414062