[{"B": [[-337, -71, 816, -173, 972, 908], [-262, 954, 252, -192, 384, 57], [586, -494, -681, -934, -8, -481], [-611, -362, -922, 690, -972, 379], [87, -969, 985, -126, -423, 233], [-448, -557, 526, -383, -579, -322]], "G": [[2583643, 684412, -1001046, -1240765, 665446, -169166], [684412, 1229833, -647581, -901735, -823959, -448604], [-1001046, -647581, 2154974, -370319, -132122, 171660], [-1240765, -901735, -370319, 2918974, -198026, 166870], [665446, -823959, -132122, -198026, 2165849, 1237016], [-169166, -448604, 171660, 166870, 1237016, 1373243]], "lincomb_LLL": [0.0, 0.0, 0.0, 0.0, 1.0, -1.0], "lincomb_cube": [-0.2607846260070801, 1.01422119140625, 0.3610043525695801, 0.3555459976196289, 1.0, -0.6899347305297852], "LLL.norm": 1032.017578125, "cube.norm": 430.197265625, "sv_LLL": [535.0, -412.0, 459.0, 257.0, 156.0, 555.0], "sv_cube": [212.55908203125, 94.33251953125, 91.22021484375, -103.22119140625, -236.02783203125, 237.285888671875]}, {"B": [[568, 933, 562, 609, -313, -894], [-819, -115, 372, -288, -50, -252], [908, 954, -545, 572, 376, -101], [-371, -313, 352, 309, 699, -191], [688, -860, -447, -948, 689, 672], [918, 55, 195, 877, -537, -242]], "G": [[2777043, -297877, 1420490, -164785, -2056567, 1600851], [-297877, 971318, -1214186, 394978, -561626, -850369], [1420490, -1214186, 2510366, -368447, -303185, 1103913], [-164785, 394978, -368447, 980077, -83085, -347301], [-2056567, -561626, -303185, -83085, 3237762, -866894], [1600851, -850369, 1103913, -347301, -866894, 1999836]], "lincomb_LLL": [-1.0, 2.0, 1.0, 0.0, 0.0, 1.0], "lincomb_cube": [-1.0, 3.698558807373047, 1.6390323638916016, -0.4058856964111328, 0.5925006866455078, 1.6547927856445312], "LLL.norm": 520.52734375, "cube.norm": 230.40673828125, "sv_LLL": [-380.0, -154.0, -168.0, 264.0, 52.0, 47.0], "sv_cube": [-31.5546875, -86.1925048828125, -164.4443359375, 27.484375, -19.7568359375, -128.3544921875]}, {"B": [[-401, -95, 54, -691, 444, -649], [-984, 170, 827, 407, 717, -547], [-808, -297, -401, -480, -182, -828], [746, -701, 204, 269, 20, 906], [538, -175, 483, -356, 721, -162], [476, -974, -688, 390, -999, -944]], "G": [[1268560, 815206, 1118813, -986528, 498227, -235888], [815206, 2660032, 540017, -1056285, 300978, -1244125], [1118813, 540017, 1850982, -1359303, -402618, 956808], [-986528, -1056285, -1359303, 1983130, 394439, 127184], [498227, 300978, -402618, 394439, 1226179, -611957], [-235888, -1244125, 956808, 127184, -611957, 3689833]], "lincomb_LLL": [24.0, 1.0, -18.0, 3.0, -15.0, 4.0], "lincomb_cube": [25.537689208984375, 1.0, -19.157135009765625, 2.969806671142578, -15.761032104492188, 4.221076965332031], "LLL.norm": 289.408203125, "cube.norm": 33.33367919921875, "sv_LLL": [8.0, -138.0, -44.0, 170.0, -102.0, 153.0], "sv_cube": [-0.369140625, -1.390625, -22.7890625, 11.916015625, 21.15625, 0.37890625]}, {"B": [[-268, 365, 230, -602, -209, -112], [-625, 553, -963, 691, 15, 397], [-577, 990, 470, -121, 454, 672], [-417, -837, -478, 674, -471, -182], [-357, -458, -919, 216, -710, -528], [-451, -572, 315, 805, 678, 929]], "G": [[676578, -315726, 526778, -590614, -205370, -745822], [-315726, 2259118, 645468, 644493, 783838, 597452], [526778, 645468, 2206270, -1230373, -1382653, 676692], [-590614, 644493, -1230373, 1812183, 1547587, 570415], [-205370, 783838, -1382653, 1547587, 2011314, -664514], [-745822, 597452, 676692, 570415, -664514, 2600560]], "lincomb_LLL": [-5.0, -3.0, 4.0, -2.0, 5.0, 0.0], "lincomb_cube": [-3.3239212036132812, -2.1302871704101562, 2.7140159606933594, -2.0, 3.9906654357910156, 0.2883310317993164], "LLL.norm": 383.90869140625, "cube.norm": 257.09033203125, "sv_LLL": [-44.0, -140.0, -20.0, 185.0, 208.0, -219.0], "sv_cube": [-64.449462890625, -23.05615234375, -58.046875, -53.3359375, 199.027587890625, -124.8359375]}, {"B": [[24, 680, 122, -567, -855, 713], [318, 245, 440, -749, 760, 547], [898, -230, -590, -518, -450, -722], [448, -384, -249, 581, 236, 349], [430, -25, 328, -790, 974, -497], [-533, -584, -386, 787, 910, -579]], "G": [[2038743, 392806, -43158, -563116, -705865, -2094110], [392806, 1792559, -379338, -126082, 1335026, -696990], [-43158, -379338, 2199512, -21602, 528124, -515702], [-563116, -126082, -21602, 925219, -282011, 551522], [-705865, 1335026, 528124, -282011, 2112894, 211175], [-2094110, -696990, -515702, 551522, 211175, 2556851]], "lincomb_LLL": [1.0, 0.0, 0.0, 0.0, 0.0, 1.0], "lincomb_cube": [2.291015625, -1.5365314483642578, -0.43000125885009766, 1.157449722290039, 1.898244857788086, 1.0], "LLL.norm": 638.2587890625, "cube.norm": 301.88037109375, "sv_LLL": [-509.0, 96.0, -264.0, 220.0, 55.0, 134.0], "sv_cube": [-17.9912109375, 204.4248046875, -194.45068359375, 34.4609375, 98.96875, -15.005859375]}, {"B": [[-873, 753, 407, 858, -725, 627], [-49, 88, -893, -47, -170, -594], [-946, -453, -26, 287, -867, 121], [273, -599, 249, 521, 250, -999], [510, -356, -261, -78, 369, -939], [135, 888, -552, -105, 541, -105]], "G": [[3149705, -543924, 1424855, -948638, -1742727, -222005], [-543924, 1191539, 91735, 237973, 675457, 539800], [1424855, 91735, 1949500, -181487, -770334, -1027509], [-948638, 237973, -181487, 1827273, 1277158, -447065], [-1742727, 675457, -770334, 1277158, 1478923, 203208], [-222005, 539800, -1027509, -447065, 203208, 1426204]], "lincomb_LLL": [0.0, -1.0, 1.0, 0.0, 1.0, 1.0], "lincomb_cube": [0.40741395950317383, -1.0, 0.6294536590576172, -0.9444789886474609, 2.0378494262695312, 0.3089790344238281], "LLL.norm": 492.86083984375, "cube.norm": 192.0751953125, "sv_LLL": [-252.0, -9.0, 54.0, 151.0, 213.0, -329.0], "sv_cube": [-78.961669921875, 48.2822265625, 104.840087890625, -106.25390625, 11.89404296875, -76.83740234375]}, {"B": [[-686, -20, 785, 35, -335, -476], [757, 887, 494, 791, 884, -159], [-494, -429, -433, -551, -973, 26], [-692, -836, -570, -494, 333, -40], [-602, 82, 717, 222, -854, -482], [736, -505, 635, 252, -697, 598]], "G": [[1427247, -342023, 301853, -65823, 1497469, -38654], [-342023, 3036272, -2268490, -1636978, -531478, -88991], [301853, -2268490, 1866572, 894447, 647837, 132983], [-65823, -1636978, 894447, 1859185, -435428, -829591], [1497469, -531478, 647837, -435428, 1894141, 333759], [-38654, -88991, 132983, -829591, 333759, 2106863]], "lincomb_LLL": [-1.0, 0.0, 0.0, 0.0, 1.0, 0.0], "lincomb_cube": [-1.0, -1.5983200073242188, -1.8553886413574219, -0.467531681060791, 0.9218769073486328, -0.29888010025024414], "LLL.norm": 571.3583984375, "cube.norm": 133.53125, "sv_LLL": [84.0, 102.0, -68.0, 187.0, -519.0, -6.0], "sv_cube": [-58.779541015625, 15.6376953125, -33.497802734375, 83.3475341796875, -7.2724609375, 77.518798828125]}, {"B": [[-917, 740, 150, -643, 715, -729], [693, 319, 60, -783, -794, 619], [-322, -879, 562, -604, -247, 914], [-62, -521, 652, 146, 413, -685], [-183, 833, -287, 592, -547, -210], [970, -238, 523, -841, 341, 283]], "G": [[2867104, -905913, -725425, 469896, 122510, -408889], [-905913, 2212296, 764989, -1036300, -37520, 1190594], [-725425, 764989, 2453390, 28062, -1248974, 873187], [469896, -1036300, 28062, 1361499, -605400, 229046], [122510, -37520, -1248974, -605400, 1503520, -1269694], [-408889, 1190594, 873187, 229046, -1269694, 2174724]], "lincomb_LLL": [0.0, -2.0, 1.0, -1.0, 2.0, 2.0], "lincomb_cube": [0.01859411597251892, -1.0750923156738281, 0.3501601219177246, -1.0, 0.651118278503418, 0.9369525909423828], "LLL.norm": 857.841796875, "cube.norm": 639.060546875, "sv_LLL": [-72.0, 194.0, 262.0, 318.0, 516.0, 507.0], "sv_cube": [-23.15234375, 203.40185546875, -213.7705078125, 69.828125, 330.76806640625, 454.43212890625]}, {"B": [[-278, 813, 461, -669, 238, -92], [838, -940, 798, 141, 243, -718], [985, 881, 830, 182, -976, -818], [-891, 514, -452, 522, 887, -414], [969, -631, 862, -977, -285, 198], [88, -7, -671, 473, -547, -927]], "G": [[1463443, -599745, 546263, 357184, 182564, -700825], [-599745, 2817102, 1035448, -1004119, 1743862, 144224], [546263, 1035448, 4090110, -1232017, 1052396, 901827], [357184, -1004119, -1232017, 2493030, -2422098, 366781], [182564, 1743862, 1052396, -2422098, 3155124, -978485], [-700825, 144224, 901827, 366781, -978485, 1840301]], "lincomb_LLL": [-3.0, -2.0, 1.0, 4.0, 4.0, 0.0], "lincomb_cube": [-2.2813682556152344, -1.5691394805908203, 1.0, 3.1214370727539062, 2.9765777587890625, -0.27533912658691406], "LLL.norm": 741.427734375, "cube.norm": 507.63037109375, "sv_LLL": [455.0, -146.0, -509.0, 87.0, 232.0, 30.0], "sv_cube": [383.15673828125, 229.363037109375, -134.21240234375, 78.0263671875, 170.735595703125, 70.85546875]}, {"B": [[-524, -506, -498, 148, 448, 437], [-834, 567, -639, 298, 106, 671], [154, -62, 486, 337, 59, -436], [-978, -561, 406, 661, 813, -735], [-44, 624, -79, -986, -544, 35], [404, -283, 321, -726, 546, 759]], "G": [[1192193, 853155, -405576, 735007, -627691, 240487], [853155, 1975647, -660020, 28102, 112978, -351699], [-405576, -660020, 570902, 672670, -463496, -307604], [735007, 28102, 672670, 3074156, -1458849, -699876], [-627691, 112978, -463496, -1458849, 1666910, 225650], [240487, -351699, -307604, -699876, 225650, 1747619]], "lincomb_LLL": [1.0, 0.0, 2.0, 0.0, 1.0, 0.0], "lincomb_cube": [1.9164142608642578, 0.13946247100830078, 3.087139129638672, -0.68194580078125, 1.0, -0.09449136257171631], "LLL.norm": 641.125, "cube.norm": 149.687255859375, "sv_LLL": [-260.0, -6.0, 395.0, -164.0, 22.0, -400.0], "sv_cube": [-60.32489013671875, -48.7198486328125, 70.657470703125, -2.6102294921875, -94.53564453125, 49.570556640625]}, {"B": [[290, 345, -149, -367, -122, -934], [682, 738, -145, -327, 263, 83], [244, 169, 656, -64, 29, -371], [-377, -789, 663, -888, -539, 595], [-459, 432, -742, 118, 436, 462], [-599, 934, 528, -846, 433, -169]], "G": [[1247255, 484396, 397785, -644398, -401518, 485350], [484396, 1213780, 193772, -737527, 227796, 580708], [397785, 193772, 661011, 30055, -692050, 487458], [-644398, -737527, 30055, 2637309, -724649, 256267], [-401518, 227796, -692050, -724649, 1365333, 297535], [485350, 580708, 487458, 256267, 297535, 2441707]], "lincomb_LLL": [-1.0, 0.0, -2.0, -1.0, -2.0, 1.0], "lincomb_cube": [-1.0, 0.22245240211486816, -3.4570236206054688, -1.07769775390625, -2.94036865234375, 1.3074321746826172], "LLL.norm": 435.8173828125, "cube.norm": 70.8026123046875, "sv_LLL": [-82.0, 176.0, 186.0, 301.0, 164.0, -12.0], "sv_cube": [-9.0322265625, 36.140625, 6.5, 19.453125, -54.751953125, 14.3818359375]}, {"B": [[-905, 503, -561, 43, -896, 472], [-91, -3, -530, 679, -996, -368], [112, -247, 509, 992, -24, 511], [95, -525, -337, 260, -713, 470], [-685, 6, 424, -707, 162, -177], [-664, -654, -955, 49, -830, 910]], "G": [[2414204, 1126093, -205798, 710875, 125982, 1983020], [1126093, 1877671, 230203, 885268, -738672, 1093607], [-205798, 230203, 1578395, 483984, -658065, 134613], [710875, 885268, 483984, 1195088, -593629, 1634335], [125982, -738672, -658065, -593629, 1206459, -284177], [1983020, 1093607, 134613, 1634335, -284177, 3300038]], "lincomb_LLL": [0.0, 0.0, 0.0, -2.0, -1.0, 1.0], "lincomb_cube": [0.2334139347076416, -0.36759328842163086, -0.20197296142578125, -0.4640340805053711, -1.0, 0.13349413871765137], "LLL.norm": 971.2607421875, "cube.norm": 731.494140625, "sv_LLL": [-169.0, 390.0, -705.0, 236.0, 434.0, 147.0], "sv_cube": [351.86669921875, 318.71044921875, -434.03271484375, 152.976806640625, 219.8876953125, 222.62158203125]}, {"B": [[662, -772, 514, -120, 341, -649], [451, -272, -342, -245, -840, -722], [488, 811, -571, -453, 92, 824], [538, 38, 535, -545, 591, -200], [593, -250, -441, 302, -522, -676], [625, -840, 819, -513, -306, 223]], "G": [[1850306, 544296, -1045574, 998541, 583374, 1295683], [544296, 1681258, -366445, -169183, 1338827, 451976], [-1045574, -366445, 2114555, 124334, -403409, -455900], [998541, -169183, 124334, 1263419, -264293, 796634], [583374, 1338827, -403409, -264293, 1429294, 73504], [1295683, 451976, -455900, 796634, 73504, 2173520]], "lincomb_LLL": [0.0, -1.0, 0.0, 0.0, 1.0, 0.0], "lincomb_cube": [-1.2345867156982422, -1.0, -0.45758533477783203, 0.8935251235961914, 1.4524421691894531, 0.47131967544555664], "LLL.norm": 657.9501953125, "cube.norm": 423.24267578125, "sv_LLL": [142.0, 22.0, -99.0, 547.0, 318.0, 46.0], "sv_cube": [144.99169921875, 128.93505859375, 192.2236328125, 310.31640625, 2.582763671875, 90.743896484375]}, {"B": [[223, -956, 84, 470, 87, -985], [-90, 802, -346, -137, -887, -650], [516, 510, -612, -751, -394, -130], [-33, -651, -436, -224, -702, 684], [-161, 787, 219, 60, -547, 594], [692, -227, 841, 943, -906, 938]], "G": [[2169415, -317155, -683098, -261721, -1374358, -117570], [-317155, 1999058, 1111197, -159514, 660759, -470589], [-683098, 1111197, 1637037, 273686, 277504, -746559], [-261721, -159514, 273686, 1625822, 174342, 824637], [-1374358, 660759, 277504, 174342, 1348896, 1003452], [-117570, -470589, -746559, 824637, 1003452, 3827603]], "lincomb_LLL": [6.0, -4.0, 3.0, 0.0, 9.0, -2.0], "lincomb_cube": [6.731880187988281, -4.599029541015625, 3.0, 0.31334733963012695, 10.35540771484375, -2.555816650390625], "LLL.norm": 676.734375, "cube.norm": 457.08984375, "sv_LLL": [413.0, 123.0, 341.0, -231.0, -223.0, -230.0], "sv_cube": [16.935546875, -68.205078125, 302.515625, -317.94921875, -85.7890625, -63.4453125]}, {"B": [[-841, 670, 144, -650, 508, 249], [370, -259, 368, 864, -791, -163], [341, 292, -834, 546, -269, -907], [-158, 128, -733, -865, -630, 808], [375, -656, -285, -150, 83, -643], [-134, 651, 216, 366, 154, 75]], "G": [[1919482, -1435723, -928632, 556488, -816378, 438975], [-1435723, 1738151, 575994, -742090, 113330, 43484], [-928632, 575994, 2090227, -440856, 652987, 54639], [556488, -742090, -440856, 2376626, -376397, -406838], [-816378, 113330, 652987, -376397, 1095024, -629209], [438975, 43484, 54639, -406838, -629209, 651710]], "lincomb_LLL": [-1.0, -1.0, 0.0, 0.0, 0.0, 1.0], "lincomb_cube": [-1.0, -0.9948940277099609, 0.28719615936279297, -0.5052042007446289, -1.7010383605957031, -1.2418098449707031], "LLL.norm": 687.734375, "cube.norm": 441.99853515625, "sv_LLL": [337.0, 240.0, -296.0, 152.0, 437.0, -11.0], "sv_cube": [179.158447265625, -85.6640625, -162.76318359375, 184.87451171875, 187.55908203125, 245.107421875]}, {"B": [[771, 541, 398, -93, 707, 36], [977, -675, -428, -335, 173, 608], [-193, -140, 386, -948, 642, 903], [460, 234, -139, -980, -547, 186], [627, 971, -548, 401, -457, -799], [606, -458, 819, 675, 145, -292]], "G": [[1555320, 393102, 503651, 137039, 401468, 574638], [393102, 2105156, 718401, 697719, -507490, 172104], [503651, 718401, 2332122, 570630, -1863518, -547190], [137039, 697719, 570630, 1579882, 300191, -737380], [401468, -507490, -1863518, 300191, 2644325, -75850], [574638, 172104, -547190, -737380, -75850, 1809675]], "lincomb_LLL": [-1.0, 0.0, 1.0, 0.0, 1.0, 1.0], "lincomb_cube": [-1.5777130126953125, 0.1256272792816162, 2.251026153564453, -0.6356115341186523, 1.9508342742919922, 1.0], "LLL.norm": 639.3837890625, "cube.norm": 116.870361328125, "sv_LLL": [269.0, -168.0, 259.0, 221.0, -377.0, -224.0], "sv_cube": [8.66796875, 34.04296875, 25.4921875, 50.8544921875, -47.40234375, 83.31640625]}, {"B": [[825, -871, -794, 959, 684, 412], [-918, -192, -719, 799, -78, 164], [561, -12, 792, 208, -930, -206], [-381, -162, -775, -415, 206, 970], [686, -558, -16, 408, 698, -35], [-879, 63, 276, -534, 387, -571]], "G": [[3626983, 761225, -677091, 584686, 1918956, -1481842], [761225, 2067930, -877194, 749514, -245300, 45886], [-677091, -877194, 1892729, -1303317, -178196, -628639], [584686, 749514, -1303317, 1927591, -218052, -141745], [1918956, -245300, -178196, -218052, 1437109, -570325], [-1481842, 45886, -628639, -141745, -570325, 1613752]], "lincomb_LLL": [3.0, -1.0, 1.0, 0.0, -3.0, 2.0], "lincomb_cube": [1.0651683807373047, -0.25026464462280273, 1.0, 0.4388279914855957, -0.8299722671508789, 1.1199874877929688], "LLL.norm": 732.701171875, "cube.norm": 512.779296875, "sv_LLL": [138.0, -633.0, -271.0, -6.0, -120.0, -171.0], "sv_cube": [-51.517578125, -429.1171875, 108.500732421875, -89.2802734375, -237.39111328125, 7.0048828125]}, {"B": [[895, -978, -306, -118, 680, 906], [454, -825, 418, -607, -677, -626], [961, 670, 561, -616, -92, -163], [-297, -561, 883, 549, -959, -563], [-593, 353, -736, 874, -81, -793], [-367, -906, -47, 696, -150, -69]], "G": [[3148305, 129382, -104381, -1214335, -1527423, 325343], [129382, 2280119, 656276, 1365519, -847358, 283458], [-104381, 656276, 2101631, -324111, -1147932, -1389763], [-1214335, 1365519, -324111, 2720670, 332164, 1140565], [-1527423, -847358, -1147932, 332164, 2417240, 607576], [325343, 283458, -1389763, 1140565, 607576, 1469411]], "lincomb_LLL": [2.0, 0.0, -3.0, 3.0, 1.0, -6.0], "lincomb_cube": [1.656515121459961, 0.02786770462989807, -1.7457199096679688, 2.1002883911132812, 1.0, -4.066978454589844], "LLL.norm": 635.9619140625, "cube.norm": 306.6533203125, "sv_LLL": [-375.0, 140.0, -100.0, -43.0, -422.0, 233.0], "sv_cube": [93.390625, 46.7265625, -164.89111328125, 59.421875, -216.9609375, 73.06884765625]}, {"B": [[690, -321, 567, -601, -235, 821], [287, 617, -487, 785, 167, 124], [-775, -190, 760, -467, 694, 73], [-858, -177, -360, -831, 842, -937], [-314, 758, -98, 997, 584, -127], [214, 287, 427, -91, -20, 692]], "G": [[1991097, -685382, 134670, -1207039, -1356248, 925165], [-685382, 1359717, -951420, -808044, 1289719, 41581], [134670, -951420, 1919379, 1329004, -44724, 183273], [-1207039, -808044, 1329004, 3174587, -47254, -977754], [-1356248, 1289719, -44724, -47254, 2033958, -81787], [925165, 41581, 183273, -977754, -81787, 798039]], "lincomb_LLL": [-1.0, 2.0, 1.0, 0.0, -2.0, 1.0], "lincomb_cube": [-0.4205946922302246, -0.5822153091430664, -0.496945858001709, 0.20975136756896973, 0.12288188934326172, 1.0], "LLL.norm": 628.9384765625, "cube.norm": 280.17529296875, "sv_LLL": [-49.0, 136.0, -158.0, -381.0, 75.0, 446.0], "sv_cube": [-76.724609375, 213.22216796875, 6.82958984375, -114.978271484375, -114.8968505859375, 26.0771484375]}, {"B": [[-466, -561, -745, 280, 429, 259], [922, -343, -768, 131, -363, -543], [583, 192, -114, -347, 965, -258], [-705, -713, 7, -250, 502, 363], [938, -34, -994, -76, 266, 195], [-916, -764, 596, -924, -951, 202]], "G": [[1416424, 75247, -44457, 962683, 465835, -202941], [75247, 2001336, 303564, -822912, 1427491, -925745], [-44457, 303564, 1507947, -71183, 886394, -1397863], [962683, -822912, -71183, 1451716, -420689, 1021608], [465835, 1427491, 886394, -420689, 1983593, -1569008], [-202941, -925745, -1397863, 1021608, -1569008, 3576949]], "lincomb_LLL": [-2.0, 1.0, -1.0, 3.0, 0.0, -1.0], "lincomb_cube": [-1.3532676696777344, 1.0, -0.6674337387084961, 1.8679733276367188, -0.2936391830444336, -0.741114616394043], "LLL.norm": 884.9912109375, "cube.norm": 653.171875, "sv_LLL": [72.0, -788.0, 261.0, 92.0, 271.0, 84.0], "sv_cube": [250.015625, -467.6318359375, 179.5205078125, 223.7978515625, -23.2109375, -250.1884765625]}, {"B": [[-775, 117, -858, 852, -119, -713], [317, -391, -573, -209, -916, 881], [18, 366, 576, -616, 357, 199], [-37, -513, 254, 844, 51, 875], [-819, 70, -348, 364, -511, 663], [-912, 410, 690, 731, -719, -540]], "G": [[2598912, -497005, -1174538, -160134, 839717, 1256143], [-497005, 2240597, -490397, 591075, 888514, -814699], [-1174538, -490397, 1012562, -369692, -464284, -283355], [-160134, 591075, -369692, 1809616, 767281, 106469], [839717, 888514, -464284, 767281, 1629951, 810981], [1256143, -814699, -283355, 106469, 810981, 2818866]], "lincomb_LLL": [-3.0, -2.0, -4.0, -1.0, 2.0, 0.0], "lincomb_cube": [-2.1160926818847656, -1.6612377166748047, -2.8861160278320312, -1.0, 1.7968502044677734, -0.30644702911376953], "LLL.norm": 710.1748046875, "cube.norm": 199.091796875, "sv_LLL": [18.0, -380.0, 466.0, 210.0, -312.0, 32.0], "sv_cube": [-93.7314453125, -141.22119140625, 14.341552734375, -91.822265625, -5.69091796875, -47.3193359375]}, {"B": [[-792, 208, -893, -327, -375, 127], [-511, 716, -936, -471, -224, 320], [-157, 47, 249, 229, -796, 303], [-806, -132, 724, 99, 690, 276], [-973, -748, -408, 301, 500, 125], [-22, 594, -269, -60, -949, 332]], "G": [[1731660, 1668145, 173861, -291707, 709324, 798852], [1668145, 2024290, 48220, -473179, 129752, 1035406], [173861, 48220, 866725, -142327, -275183, 806651], [-291707, -473179, -142327, 1753313, 996881, -824550], [709324, 129752, -275183, 996881, 2028923, -764214], [798852, 1035406, 806651, -824550, -764214, 1440106]], "lincomb_LLL": [-1.0, 2.0, 3.0, -1.0, 0.0, -3.0], "lincomb_cube": [-1.0064315795898438, 3.0732688903808594, 4.281837463378906, -1.0, -0.6419477462768555, -4.96295166015625], "LLL.norm": 520.5693359375, "cube.norm": 266.650390625, "sv_LLL": [171.0, -285.0, -149.0, 153.0, -304.0, 150.0], "sv_cube": [94.2064208984375, -143.4453125, -38.7109375, -132.314453125, -20.4765625, 149.083984375]}, {"B": [[-321, -247, -511, -334, -537, 207], [17, -276, -445, -444, 642, -854], [-134, 405, -199, -643, -326, 19], [608, -608, 438, -483, 304, -819], [595, -446, 246, 321, -279, 592], [837, -593, 69, -91, -435, 728]], "G": [[867945, -83126, 438425, -440269, -41386, 257220], [-83126, 1613106, 34471, 1092280, -803469, -713386], [438425, 34471, 741668, -218970, -413515, -151899], [-440269, 1092280, -218970, 1927638, 15969, 215143], [-41386, -803469, -413515, 15969, 1144803, 1302597], [257220, -713386, -151899, 215143, 1302597, 1784469]], "lincomb_LLL": [0.0, 1.0, 2.0, 0.0, 5.0, -3.0], "lincomb_cube": [0.1245049238204956, 1.0, 1.5538997650146484, -0.13304448127746582, 3.932598114013672, -2.3405113220214844], "LLL.norm": 343.7470703125, "cube.norm": 144.7958984375, "sv_LLL": [213.0, 83.0, 180.0, 148.0, -100.0, -40.0], "sv_cube": [68.806640625, 37.451171875, -70.197509765625, 54.867431640625, -50.9501953125, -65.53515625]}, {"B": [[-348, 773, 288, -120, -537, -741], [995, 87, -791, 797, -341, 625], [627, 221, 887, -960, -495, 271], [432, -900, -67, -249, 21, 728], [-423, 235, 751, -771, -373, -563], [245, 361, -489, 782, 673, -64]], "G": [[1653427, -882465, 388297, -1386177, 1255151, -354856], [-882465, 2765390, -485475, 653923, -1833650, 1015742], [388297, -485475, 2468805, 438468, 1225073, -1301546], [-1386177, 653923, 438468, 1593539, -670271, -413474], [1255151, -1833650, 1225073, -670271, 1848694, -1203958], [-354856, 1015742, -1301546, -413474, -1203958, 1498016]], "lincomb_LLL": [-65.0, 30.0, -10.0, -45.0, 57.0, -11.0], "lincomb_cube": [-65.51318359375, 30.42236328125, -10.223556518554688, -45.0, 58.11932373046875, -10.739883422851562], "LLL.norm": 165.208984375, "cube.norm": 121.939453125, "sv_LLL": [-46.0, 79.0, -119.0, -34.0, 16.0, 58.0], "sv_cube": [2.94921875, 26.57421875, -85.7578125, -80.78125, 15.7421875, -5.1474609375]}, {"B": [[350, -33, -921, -475, 110, -629], [135, 697, 9, -49, -289, -514], [226, -640, -556, -975, 93, -767], [260, -167, 609, -919, 529, -273], [-125, -286, 69, 556, -18, 652], [-531, -385, 33, -567, -341, 845]], "G": [[1605196, 330751, 1568094, 202054, -774049, -503228], [330751, 854233, -5438, -43346, -572766, -647731], [1568094, -5438, 2317375, 981649, -927432, -18957], [202054, -43346, 981649, 1665301, -641199, 56331], [-774049, -572766, -927432, -641199, 836746, 420588], [-503228, -647731, -18957, 56331, 420588, 1583070]], "lincomb_LLL": [-1.0, 1.0, 1.0, 0.0, 1.0, 0.0], "lincomb_cube": [-0.3321871757507324, 1.5229911804199219, 1.0, 0.29570627212524414, 2.0881805419921875, -0.035778820514678955], "LLL.norm": 593.8740234375, "cube.norm": 377.4990234375, "sv_LLL": [-114.0, -196.0, 443.0, 7.0, -324.0, 0.0], "sv_cube": [150.1982421875, -200.33935546875, 86.640380859375, 17.724090576171875, -252.64306640625, -90.338623046875]}, {"B": [[-880, 344, 167, -55, -562, 886], [975, 895, 565, 53, -33, 902], [-828, 367, 824, 693, -492, 268], [-864, -756, 424, 572, -164, -800], [387, 327, 894, 979, -875, -149], [467, 676, 513, 704, -633, -228]], "G": [[2024490, 359038, 1468333, -77028, 227117, 22273], [359038, 2888377, 281426, -1965332, 1121464, 1202735], [1468333, 281426, 2293386, 1050000, 1605244, 1022332], [-77028, -1965332, 1050000, 2491888, 620164, -8132], [227117, 1121464, 1605244, 620164, 2802201, 2137466], [22273, 1202735, 1022332, -8132, 2137466, 1886523]], "lincomb_LLL": [0.0, 0.0, 0.0, 0.0, -1.0, 1.0], "lincomb_cube": [0.7559661865234375, 0.8982095718383789, -1.0495052337646484, 1.426553726196289, -1.0, 1.1263389587402344], "LLL.norm": 643.2666015625, "cube.norm": 125.30712890625, "sv_LLL": [80.0, 349.0, -381.0, -275.0, 242.0, -79.0], "sv_cube": [-14.048828125, 34.7119140625, 57.6123046875, -91.3486328125, -10.0654296875, -50.34423828125]}, {"B": [[-14, -576, -690, 708, -505, 583], [-280, 258, 612, 873, 168, 335], [928, 304, 483, 41, 455, 372], [589, 337, 113, 140, 376, 490], [-702, -667, -697, -655, 126, 893], [592, -732, 179, 115, -112, 363]], "G": [[1904250, 161581, -505237, -85418, 868199, 639443], [161581, 1422086, 351041, 340720, -653582, -41884], [-505237, 351041, 1533979, 1062719, -828204, 502096], [-85418, 340720, 1062719, 874335, -323772, 274089], [868199, -653582, -828204, -323772, 2665852, 182619], [639443, -41884, 502096, 274089, 182619, 1075867]], "lincomb_LLL": [2.0, 0.0, 7.0, -7.0, 1.0, -3.0], "lincomb_cube": [2.4988479614257812, 0.04802370071411133, 8.30242919921875, -8.436477661132812, 1.0, -3.3784408569335938], "LLL.norm": 370.23095703125, "cube.norm": 205.861328125, "sv_LLL": [-133.0, 146.0, -24.0, -277.0, 5.0, 144.0], "sv_cube": [-14.896484375, 59.91796875, 60.1943359375, -73.1201171875, -143.97412109375, 94.171875]}, {"B": [[442, 378, 842, 657, -743, -741], [798, -486, -930, 662, 302, -545], [352, -291, 749, -616, 302, -650], [262, 557, -397, 840, -383, -95], [-276, -669, -899, 194, -776, 383], [-354, 891, -303, -447, -323, -205]], "G": [[2579991, 341, 528796, 898920, -711609, 23419], [341, 2564373, -236586, 799773, 626297, -715463], [528796, -236586, 1662746, -938572, -1178630, -299780], [898920, 799773, -938572, 1397816, 335741, 291534], [-711609, 626297, -1178630, 335741, 2118439, -140563], [23419, -715463, -299780, 291534, -140563, 1357169]], "lincomb_LLL": [1.0, 1.0, -1.0, -2.0, 0.0, 1.0], "lincomb_cube": [1.238698959350586, 1.0, -2.1363258361816406, -2.7804832458496094, -0.589634895324707, 0.5701208114624023], "LLL.norm": 819.8056640625, "cube.norm": 263.20556640625, "sv_LLL": [10.0, -40.0, -346.0, -192.0, -300.0, -651.0], "sv_cube": [-174.05224609375, -42.38671875, -25.93603515625, 86.962158203125, 74.81005859375, -152.822509765625]}, {"B": [[-826, -158, -432, -275, -697, 44], [161, -380, 968, -591, 663, -172], [-649, -509, 575, -649, 965, -84], [-450, -328, -136, 412, 687, -599], [333, -309, -831, -447, 557, -332], [215, 957, -194, -893, -870, 677]], "G": [[1457234, -798276, -129730, -136219, -147156, 636765], [-798276, 1925779, 1683333, 235559, 57197, -682328], [-129730, 1683333, 2370389, 826685, 318835, -1055059], [-136219, 235559, 826685, 1329094, 461881, -1755391], [-147156, 57197, 318835, 461881, 1517213, -373087], [636765, -682328, -1055059, -1755391, -373087, 3012388]], "lincomb_LLL": [0.0, 1.0, -1.0, 2.0, 0.0, 1.0], "lincomb_cube": [0.41732025146484375, 1.0, -0.8240041732788086, 0.7666597366333008, 0.015927672386169434, 0.2984180450439453], "LLL.norm": 785.9130859375, "cube.norm": 428.31591796875, "sv_LLL": [125.0, 430.0, -73.0, -11.0, 202.0, -609.0], "sv_cube": [75.53857421875, 2.68115234375, 138.52099609375, -128.7275390625, -147.0927734375, -346.9091796875]}, {"B": [[481, -606, -361, 829, 733, 100], [-794, -776, 615, -405, -459, 685], [980, 820, 526, -484, -501, 942], [-930, -39, 851, -406, 309, -597], [-568, -512, -617, 141, -875, -552], [692, -136, 683, 100, 889, 834]], "G": [[1963448, -737365, -889695, -900684, -319885, 986642], [-737365, 2454768, -19701, 905703, 435249, 98872], [-889695, -19701, 3282097, -1016433, -1450875, 1217737], [-900684, 905703, -1016433, 2207348, 25064, -320820], [-319885, 435249, -1450875, 25064, 2055667, -1968978], [986642, 98872, 1217737, -320820, -1968978, 2459726]], "lincomb_LLL": [1.0, 0.0, 1.0, 1.0, 1.0, 0.0], "lincomb_cube": [2.400531768798828, 0.6914396286010742, 1.3461647033691406, 1.0, -1.2742919921875, -2.546764373779297], "LLL.norm": 635.2509765625, "cube.norm": 297.1416015625, "sv_LLL": [-37.0, -337.0, 399.0, 80.0, -334.0, -107.0], "sv_cube": [-43.669921875, 72.37158203125, 164.525390625, 218.113037109375, -72.27734375, -35.8125]}, {"B": [[561, -832, 109, 70, 40, -869], [-740, 525, 423, -907, 909, -753], [-895, 219, -692, -906, -705, 90], [-582, 566, 533, 731, 43, -281], [893, -120, -75, -445, -489, -277], [-964, -391, -14, -255, 592, -562]], "G": [[1780487, -178606, -929561, -442238, 782641, 277190], [-178606, 3218093, 597686, 540952, -587850, 1694762], [-929561, 597686, 2653811, -441883, -50630, 549929], [-442238, 540952, -441883, 1558340, -896106, 329253], [782641, -587850, -50630, -896106, 1331349, -833221], [277190, 1694762, 549929, 329253, -833221, 1813706]], "lincomb_LLL": [7.0, 3.0, 3.0, -2.0, -10.0, -9.0], "lincomb_cube": [6.658149719238281, 2.8840866088867188, 3.0, -1.5689754486083984, -8.838134765625, -8.3975830078125], "LLL.norm": 638.3642578125, "cube.norm": 237.24853515625, "sv_LLL": [-68.0, -5.0, -234.0, 334.0, 368.0, 318.0], "sv_cube": [31.9609375, 87.5546875, -186.130126953125, 59.6328125, 55.9765625, -79.15625]}, {"B": [[-490, 775, 351, 981, 217, 573], [865, -440, 81, -759, -473, -61], [-970, 492, -683, 9, -138, -377], [796, 169, 264, 925, -732, 504], [-248, -560, -418, -439, 260, -807], [-834, -300, -449, -215, 604, -633]], "G": [[2301705, -1618592, 379729, 870972, -1295848, -423995], [-1618592, 1751917, -1029413, 248981, 257470, -709673], [379729, -1029413, 1810707, -949951, 514942, 1121401], [870972, 248981, -949951, 2377338, -1405523, -1793135], [-1295848, 257470, 514942, -1405523, 1461398, 1324770], [-423995, -709673, 1121401, -1793135, 1324770, 1798887]], "lincomb_LLL": [0.0, 2.0, 0.0, 1.0, -3.0, 4.0], "lincomb_cube": [1.3941230773925781, 2.0, 0.11701297760009766, 0.42687416076660156, -0.2393639087677002, 1.6464481353759766], "LLL.norm": 406.046875, "cube.norm": 78.43994140625, "sv_LLL": [-66.0, -231.0, -116.0, -136.0, -42.0, 271.0], "sv_cube": [-40.609375, -29.7333984375, 44.912109375, -3.359375, -39.873046875, -1.171875]}, {"B": [[-457, -97, 287, 1, -156, -627], [536, 264, -581, 699, -321, -898], [569, 946, -911, -196, 252, 838], [546, 756, -147, -203, -610, -552], [-231, 428, 46, 970, -660, 467], [94, -390, 541, -798, 363, 744]], "G": [[718093, 176514, -1178186, 76018, -111626, -373775], [176514, 2092599, 113599, 1127256, 432974, -1709334], [-1178186, 113599, 2852762, 583259, 266449, 63051], [76018, 1127256, 583259, 1609274, 138586, -793167], [-111626, 432974, 266449, 138586, 1833250, -829940], [-373775, -1709334, 63051, -793167, -829940, 1775726]], "lincomb_LLL": [5.0, 3.0, 2.0, -1.0, 1.0, 4.0], "lincomb_cube": [3.4437522888183594, 2.3674850463867188, 1.3902606964111328, -1.0, 0.8363628387451172, 2.898712158203125], "LLL.norm": 546.6845703125, "cube.norm": 226.04833984375, "sv_LLL": [60.0, 311.0, 227.0, -309.0, 163.0, -158.0], "sv_cube": [19.515625, 77.625, 99.99609375, 86.921875, 163.3916015625, -20.97265625]}, {"B": [[-189, -753, 432, 316, 622, -118], [-948, -246, 611, 323, -782, -730], [335, 471, 76, 264, -733, -760], [79, -120, -58, 764, 962, 88], [59, -940, -247, 566, -240, -976], [-196, 529, 839, -221, -788, -849]], "G": [[1290018, 330166, -667968, 879777, 734709, -458635], [330166, 2581294, 826268, -650562, 1107369, 1732906], [-667968, 826268, 1524427, -604793, 625357, 1411763], [879777, -650562, -604793, 1540889, 247443, -1129238], [734709, 1107369, 625357, 247443, 2278622, 176601], [-458635, 1732906, 1411763, -1129238, 176601, 2412764]], "lincomb_LLL": [-2.0, 0.0, -2.0, 1.0, 1.0, 1.0], "lincomb_cube": [-0.9924631118774414, -0.2791295051574707, -1.2459430694580078, 0.5872268676757812, 0.6563282012939453, 1.0], "LLL.norm": 619.0400390625, "cube.norm": 279.3740234375, "sv_LLL": [-350.0, 33.0, -482.0, -51.0, 156.0, 19.0], "sv_cube": [-76.08642578125, 70.73681640625, -51.15625, -133.5830078125, 133.6376953125, -170.107421875]}, {"B": [[-278, -186, 291, -159, -461, -825], [-956, -303, 748, -748, 235, 861], [-104, -430, 779, 744, -438, 930], [-581, 114, -575, 260, -708, -279], [-182, 947, -480, 112, 804, 666], [-751, -904, 656, -757, -519, -986]], "G": [[1114988, -159934, -348047, 488212, -1203128, 1740890], [-159934, 2921299, 953694, -510285, 206601, 1077881], [-348047, 953694, 2412837, -192447, -411646, -275018], [488212, -510285, -192447, 1327887, -236226, 401801], [-1203128, 206601, -411646, -236226, 2262849, -2193022], [1740890, 1077881, -275018, 401801, -2193022, 3626159]], "lincomb_LLL": [-2.0, -1.0, 1.0, 0.0, 1.0, 2.0], "lincomb_cube": [-0.7969779968261719, -0.7665224075317383, 0.49226856231689453, -0.13587665557861328, 1.0, 1.2676429748535156], "LLL.norm": 933.7294921875, "cube.norm": 335.92041015625, "sv_LLL": [-276.0, -616.0, 281.0, 408.0, 15.0, 413.0], "sv_cube": [-151.896484375, -45.62109375, 7.900390625, 183.392578125, 213.955078125, -90.646484375]}, {"B": [[-282, 920, -724, 301, 332, -126], [814, -533, 666, -67, 704, 429], [-68, -258, -775, -30, 977, 259], [826, 886, 698, -626, -766, -748], [865, -812, -19, -988, 322, -456], [261, 881, 695, 676, -819, -898]], "G": [[1666801, -1042585, 625616, -271654, -1110242, 278454], [-1042585, 2074387, 366941, -153220, 1221512, -801359], [625616, 366941, 1694323, -1749040, 391531, -1836696], [-271654, -153220, -1749040, 3492612, 694720, 2357144], [-1110242, 1221512, 391531, 694720, 2695694, -1024930], [278454, -801359, -1836696, 2357144, -1024930, 3261448]], "lincomb_LLL": [-7.0, -2.0, 9.0, 4.0, -4.0, 1.0], "lincomb_cube": [-7.432075500488281, -2.2818527221679688, 10.049270629882812, 4.156440734863281, -4.0, 1.4721450805664062], "LLL.norm": 491.12939453125, "cube.norm": 146.540771484375, "sv_LLL": [-161.0, -23.0, 324.0, -119.0, -110.0, 289.0], "sv_cube": [-87.48486328125, 13.568359375, 73.25390625, -40.408203125, 66.74609375, -46.716796875]}, {"B": [[464, -469, 214, -368, 208, 585], [833, -913, -744, -578, 713, 421], [-148, -677, 941, 572, -564, 512], [-558, 677, 755, -808, 684, -500], [-733, 459, 301, 812, 782, 980], [-291, -316, -899, 367, 530, 263]], "G": [[1001966, 1262786, 421927, -267739, -53829, -50167], [1262786, 3100688, -722483, -900419, -752790, 991448], [421927, -722483, 2273138, -769242, 606158, -543299], [-267739, -900419, -769242, 2710438, 335804, -795815], [-53829, -752790, 606158, 335804, 3069839, 767864], [-50167, 991448, -543299, -795815, 767864, 1477496]], "lincomb_LLL": [-4.0, 3.0, 1.0, 0.0, 1.0, -2.0], "lincomb_cube": [-2.9850692749023438, 2.0558929443359375, 1.0, 0.22994780540466309, 0.5478887557983398, -1.2740955352783203], "LLL.norm": 837.455078125, "cube.norm": 612.978515625, "sv_LLL": [344.0, -449.0, -48.0, 388.0, 465.0, -111.0], "sv_cube": [20.3349609375, -344.2607421875, 256.546875, 273.69384765625, 191.419921875, -281.8642578125]}, {"B": [[9, 507, -724, -773, -68, 549], [959, -182, -711, -22, 756, 323], [668, -167, -672, -192, 940, 91], [291, -29, -237, -623, 435, 899], [409, 277, -469, 326, -613, 230], [-201, 254, -631, 451, 229, -355]], "G": [[1684860, 574046, 542326, 1105054, 399632, 24723], [574046, 2134675, 1893055, 1085797, 278966, 258191], [542326, 1893055, 1854442, 968820, -75761, 343709], [1105054, 1085797, 968820, 1527246, -40844, -416813], [399632, 278966, -75761, -40844, 998916, 209087], [24723, 258191, 343709, -416813, 209087, 884945]], "lincomb_LLL": [3.0, 12.0, -12.0, -3.0, -6.0, 1.0], "lincomb_cube": [3.0, 11.0137939453125, -10.931137084960938, -2.9882659912109375, -5.3981170654296875, 0.816349983215332], "LLL.norm": 329.12451171875, "cube.norm": 168.747802734375, "sv_LLL": [-9.0, 20.0, 254.0, 85.0, 190.0, -1.0], "sv_cube": [45.73388671875, 140.723876953125, 67.734375, 7.548828125, 43.248779296875, -8.10107421875]}, {"B": [[-150, 814, 971, -186, 774, -938], [-631, -763, 542, 438, -143, 972], [-186, 304, 496, 595, 118, 157], [273, 617, 443, 927, 550, -559], [-630, 824, -61, 897, 18, 99], [980, 201, -54, 507, -198, -745]], "G": [[3141453, -1104036, 590368, 1669061, 460233, 415436], [-1104036, 2431171, 550586, -618900, 222296, -1274771], [590368, 550586, 765626, 885220, 888802, 13376], [1669061, -618900, 885220, 2125777, 1095473, 1145179], [460233, 222296, 888802, 1095473, 1894331, -71022], [415436, -1274771, 13376, 1145179, -71022, 1854995]], "lincomb_LLL": [-1.0, -1.0, 2.0, 1.0, -1.0, -1.0], "lincomb_cube": [-0.31849050521850586, -0.031486690044403076, -0.6058530807495117, 1.0, -0.23441195487976074, -0.572265625], "LLL.norm": 770.2138671875, "cube.norm": 406.48779296875, "sv_LLL": [332.0, 149.0, 37.0, 461.0, 335.0, 367.0], "sv_cube": [40.189453125, -110.587158203125, -138.621826171875, 111.5595703125, 345.5888671875, 17.1513671875]}, {"B": [[-876, -625, 70, 870, 667, -553], [106, -381, 557, -273, -38, -441], [-824, 690, 755, 293, 847, -876], [372, -748, 567, -728, -408, -20], [-625, 49, 239, -800, 478, -198], [-538, 566, 965, 162, 636, 880]], "G": [[2670499, 165276, 1647711, -713118, 265925, 263600], [165276, 737100, 344442, 863307, 335758, -191643], [1647711, 344442, 3295735, -935923, 1073169, 1377705], [-713118, 863307, -935923, 1716225, 257697, -471373], [265925, 335758, 1073169, 257697, 1357835, 594787], [263600, -191643, 1377705, -471373, 594787, 2746165]], "lincomb_LLL": [0.0, 7.0, -3.0, -5.0, 1.0, 1.0], "lincomb_cube": [-0.2295985221862793, 5.428253173828125, -2.1540260314941406, -3.9915504455566406, 1.0, 0.5797643661499023], "LLL.norm": 672.380859375, "cube.norm": 352.06591796875, "sv_LLL": [191.0, -382.0, 3.0, 212.0, 347.0, 323.0], "sv_cube": [129.6708984375, -48.115234375, -83.5625, -113.0234375, 291.40771484375, 12.06103515625]}, {"B": [[368, 409, -375, -490, -219, -279], [210, -519, -32, 284, -872, -583], [-31, -873, -952, -637, 602, 110], [35, 44, -842, -582, 17, 943], [-859, 960, 414, 441, -812, 746], [-857, -123, 394, 493, 639, 845]], "G": [[809232, 91474, 138137, 364986, -325118, -1130699], [91474, 1495414, -292941, -718423, -293488, -1038572], [138137, -292941, 2449667, 1246785, -1893260, -77555], [364986, -718423, 1246785, 1940387, 96599, 153617], [-325118, -293488, -1893260, 96599, 3241218, 1110114], [-1130699, -1038572, -77555, 153617, 1110114, 2270209]], "lincomb_LLL": [-6.0, -3.0, 2.0, -1.0, 2.0, -5.0], "lincomb_cube": [-7.959503173828125, -3.6278648376464844, 2.0, -0.721064567565918, 2.3409996032714844, -6.651588439941406], "LLL.norm": 550.95703125, "cube.norm": 307.62353515625, "sv_LLL": [-368.0, -152.0, 142.0, -187.0, 298.0, -33.0], "sv_cube": [-88.6953125, -84.7998046875, 152.484375, -231.3515625, -52.8828125, 1.578125]}, {"B": [[126, -118, 572, -683, 187, -195], [-594, -897, -589, 96, 76, 825], [-13, 597, -660, 234, 21, 730], [-870, 631, 289, -506, -913, -152], [118, -963, -490, 405, 365, 910], [11, 122, 250, 761, -508, 185]], "G": [[896467, -518137, -747849, 185737, -537588, -520844], [-518137, 2199983, 487263, -462812, 1899699, -76145], [-747849, 487263, 1380275, -51260, 513690, 210147], [185737, -462812, -51260, 2351291, -1528418, 190280], [-537588, 1899699, 513690, -1528418, 2306743, 52447], [-520844, -76145, 210147, 190280, 52447, 948915]], "lincomb_LLL": [-2.0, -4.0, -1.0, 3.0, 5.0, -2.0], "lincomb_cube": [-2.0, -3.091644287109375, -1.0422286987304688, 2.1017532348632812, 3.74432373046875, -1.7434444427490234], "LLL.norm": 701.44140625, "cube.norm": 502.150390625, "sv_LLL": [95.0, 61.0, -211.0, -267.0, -597.0, 84.0], "sv_cube": [192.113037109375, -105.2861328125, -298.32421875, -48.4765625, -297.40234375, -156.099609375]}, {"B": [[-839, -957, 545, -43, -445, 644], [-913, 116, 708, 260, -940, -167], [55, 375, 939, 181, 241, 366], [-538, -44, -124, 35, -825, -566], [855, -334, 317, 404, 513, -64], [-452, 766, -86, 202, -980, -57]], "G": [[2531405, 1340427, 227411, 427026, -511815, -9998], [1340427, 2327378, 417495, 1277420, -961415, 1423883], [227411, 417495, 1250169, -562172, 392771, -38844], [427026, 1277420, -562172, 1308962, -857463, 1067968], [-511815, -961415, 392771, -857463, 1373551, -1087050], [-9998, 1423883, -38844, 1067968, -1087050, 1802909]], "lincomb_LLL": [1.0, -4.0, 3.0, 4.0, 0.0, 1.0], "lincomb_cube": [0.9464120864868164, -2.8581161499023438, 1.9296741485595703, 2.6576805114746094, 0.25084066390