[{"B": [[-405, 243, 57], [159, -137, 206], [-765, 650, 875]], "G": [[226323, -85944, 517650], [-85944, 86486, -30435], [517650, -30435, 1773350]], "lincomb_LLL": [0.0, 1.0, 0.0], "lincomb_cube": [1.0244827270507812, 1.0, -0.2818894386291504], "LLL.norm": 294.0849609375, "cube.norm": 83.768310546875, "sv_LLL": [159.0, -137.0, 206.0], "sv_cube": [-40.27001953125, -71.27880859375, 17.7421875]}, {"B": [[153, 956, -594], [-66, 326, 15], [-377, 685, 153]], "G": [[1290181, 292648, 506297], [292648, 110857, 250487], [506297, 250487, 634763]], "lincomb_LLL": [0.0, -2.0, 1.0], "lincomb_cube": [0.29935741424560547, -3.049816131591797, 1.0], "LLL.norm": 276.12158203125, "cube.norm": 149.625244140625, "sv_LLL": [-245.0, 33.0, 123.0], "sv_cube": [-129.910400390625, -23.0546875, -70.565673828125]}, {"B": [[-232, 348, -549], [-103, 179, 813], [-356, 487, -933]], "G": [[476329, -360149, 764285], [-360149, 703619, -634688], [764285, -634688, 1234394]], "lincomb_LLL": [-12.0, 1.0, 8.0], "lincomb_cube": [-10.534500122070312, 1.0, 7.0366973876953125], "LLL.norm": 205.0830078125, "cube.norm": 177.495849609375, "sv_LLL": [-167.0, -101.0, -63.0], "sv_cube": [-164.05859375, -60.13671875, 31.1953125]}, {"B": [[-597, -855, 774], [-242, -159, -351], [-790, -655, -728]], "G": [[1686510, 8745, 468183], [8745, 207046, 550853], [468183, 550853, 1583109]], "lincomb_LLL": [-3.0, -29.0, 11.0], "lincomb_cube": [-3.0, -30.084075927734375, 11.35516357421875], "LLL.norm": 194.429931640625, "cube.norm": 137.71630859375, "sv_LLL": [119.0, -29.0, -151.0], "sv_cube": [100.765625, -89.265625, -29.046875]}, {"B": [[-522, -339, -725], [-116, -380, 381], [932, 655, 742]], "G": [[913030, -86853, -1246499], [-86853, 303017, -74310], [-1246499, -74310, 1848213]], "lincomb_LLL": [3.0, 1.0, 2.0], "lincomb_cube": [1.893218994140625, 1.0, 1.3170585632324219], "LLL.norm": 369.85546875, "cube.norm": 201.776611328125, "sv_LLL": [182.0, -87.0, -310.0], "sv_cube": [123.236328125, -159.126953125, -14.326171875]}, {"B": [[719, -992, 677], [47, 406, -630], [-502, -237, 255]], "G": [[1959354, -795469, 46801], [-795469, 563945, -280466], [46801, -280466, 373198]], "lincomb_LLL": [0.0, 0.0, 1.0], "lincomb_cube": [0.4165821075439453, 1.0849361419677734, 1.0], "LLL.norm": 610.8994140625, "cube.norm": 297.3330078125, "sv_LLL": [-502.0, -237.0, 255.0], "sv_cube": [-151.4853515625, -209.765625, -146.48388671875]}, {"B": [[332, -87, 178], [198, -281, -250], [326, 894, 783]], "G": [[149477, 45683, 169828], [45683, 180665, -382416], [169828, -382416, 1518601]], "lincomb_LLL": [1.0, 0.0, 0.0], "lincomb_cube": [1.0, -1.0484180450439453, -0.37584590911865234], "LLL.norm": 386.62255859375, "cube.norm": 194.301513671875, "sv_LLL": [332.0, -87.0, 178.0], "sv_cube": [1.8875732421875, -128.40087890625, 145.8173828125]}, {"B": [[-490, 187, 995], [-943, -285, -64], [650, 203, 61]], "G": [[1265094, 345095, -219844], [345095, 974570, -674709], [-219844, -674709, 467430]], "lincomb_LLL": [1.0, -44.0, -63.0], "lincomb_cube": [1.0, -41.72406005859375, -59.7559814453125], "LLL.norm": 87.0172119140625, "cube.norm": 57.73162841796875, "sv_LLL": [52.0, -62.0, -32.0], "sv_cube": [14.4375, -52.109375, 20.2265625]}, {"B": [[233, -148, -483], [562, -448, -741], [978, -473, -929]], "G": [[309482, 555153, 746585], [555153, 1065629, 1449929], [746585, 1449929, 2043254]], "lincomb_LLL": [-2.0, 1.0, 0.0], "lincomb_cube": [-0.6913356781005859, 1.0, -0.45701026916503906], "LLL.norm": 288.001953125, "cube.norm": 138.562255859375, "sv_LLL": [96.0, -152.0, 225.0], "sv_cube": [-46.037109375, -129.516845703125, 17.4775390625]}, {"B": [[200, -353, 215], [-985, 669, -924], [-615, 425, -281]], "G": [[210834, -631817, -333440], [-631817, 2271562, 1149744], [-333440, 1149744, 637811]], "lincomb_LLL": [2.0, 0.0, 1.0], "lincomb_cube": [0.3888363838195801, -0.3979949951171875, 1.0], "LLL.norm": 383.91015625, "cube.norm": 224.866943359375, "sv_LLL": [-215.0, -281.0, 149.0], "sv_cube": [-145.2080078125, 21.48193359375, 170.34765625]}, {"B": [[900, 910, 947], [-201, -390, -126], [282, -907, 576]], "G": [[2534909, -655122, -26098], [-655122, 208377, 224472], [-26098, 224472, 1233949]], "lincomb_LLL": [-1.0, -4.0, 1.0], "lincomb_cube": [-1.4300270080566406, -5.573143005371094, 1.0], "LLL.norm": 343.9970703125, "cube.norm": 142.322998046875, "sv_LLL": [186.0, -257.0, 133.0], "sv_cube": [115.177734375, -34.796875, -76.0205078125]}, {"B": [[217, 172, 408], [539, 62, -214], [-859, -431, 959]], "G": [[243137, 40315, 130737], [40315, 340161, -694949], [130737, -694949, 1843323]], "lincomb_LLL": [1.0, 0.0, 0.0], "lincomb_cube": [1.0, -1.1464309692382812, -0.5031394958496094], "LLL.norm": 493.08935546875, "cube.norm": 362.13232421875, "sv_LLL": [217.0, 172.0, 408.0], "sv_cube": [31.27001953125, 317.7744140625, 170.8251953125]}, {"B": [[-94, 81, -328], [360, -430, 659], [-257, 813, 821]], "G": [[122981, -284822, -179277], [-284822, 748781, 98929], [-179277, 98929, 1401059]], "lincomb_LLL": [11.0, 4.0, 1.0], "lincomb_cube": [9.675201416015625, 3.5481414794921875, 1.0], "LLL.norm": 212.7392578125, "cube.norm": 132.41064453125, "sv_LLL": [149.0, -16.0, -151.0], "sv_cube": [110.861328125, 70.990234375, -14.23828125]}, {"B": [[338, -152, 477], [-556, 185, -608], [283, 138, 91]], "G": [[364877, -506064, 118085], [-506064, 713025, -187146], [118085, -187146, 107414]], "lincomb_LLL": [1.0, 1.0, 1.0], "lincomb_cube": [2.58514404296875, 2.0972557067871094, 1.0], "LLL.norm": 187.25927734375, "cube.norm": 142.084716796875, "sv_LLL": [65.0, 171.0, -40.0], "sv_cube": [-9.2958984375, 133.05029296875, 48.982421875]}, {"B": [[-988, -144, -461], [61, 9, 51], [-213, -68, 958]], "G": [[1209401, -85075, -221402], [-85075, 6403, 35253], [-221402, 35253, 967757]], "lincomb_LLL": [-3.0, -45.0, 1.0], "lincomb_cube": [-3.1252784729003906, -47.03045654296875, 1.0], "LLL.norm": 61.9112548828125, "cube.norm": 41.65631103515625, "sv_LLL": [6.0, -41.0, 46.0], "sv_cube": [5.9140625, -41.23388671875, 0.19921875]}, {"B": [[612, 225, -988], [306, 328, -519], [982, -847, -830]], "G": [[1401313, 773844, 1230449], [773844, 470581, 453446], [1230449, 453446, 2370633]], "lincomb_LLL": [-3.0, 4.0, 1.0], "lincomb_cube": [-3.7647132873535156, 5.227272033691406, 1.0], "LLL.norm": 429.37646484375, "cube.norm": 329.59033203125, "sv_LLL": [370.0, -210.0, 58.0], "sv_cube": [277.541015625, 20.484375, 176.58203125]}, {"B": [[-155, 93, -137], [444, 518, 703], [749, -226, 702]], "G": [[51443, -116957, -233287], [-116957, 959669, 708994], [-233287, 708994, 1104881]], "lincomb_LLL": [-16.0, 1.0, -4.0], "lincomb_cube": [-14.975982666015625, 1.0, -3.803752899169922], "LLL.norm": 130.80126953125, "cube.norm": 119.901123046875, "sv_LLL": [-72.0, -66.0, 87.0], "sv_cube": [-83.734375, -15.1171875, 84.4765625]}, {"B": [[-159, -301, 280], [-191, -792, 686], [778, 394, -249]], "G": [[194282, 460841, -312016], [460841, 1134341, -631460], [-312016, -631460, 822521]], "lincomb_LLL": [9.0, -3.0, 1.0], "lincomb_cube": [7.858757019042969, -2.63604736328125, 1.0], "LLL.norm": 235.563232421875, "cube.norm": 187.1435546875, "sv_LLL": [-80.0, 61.0, 213.0], "sv_cube": [31.94140625, 116.265625, 143.125]}, {"B": [[784, 775, 667], [-177, -71, -115], [449, 278, 463]], "G": [[1660170, -270498, 876287], [-270498, 49595, -152456], [876287, -152456, 493254]], "lincomb_LLL": [0.0, 3.0, 1.0], "lincomb_cube": [-0.2422187328338623, 1.7529239654541016, 1.0], "LLL.norm": 157.711669921875, "cube.norm": 117.2901611328125, "sv_LLL": [-82.0, 65.0, 118.0], "sv_cube": [-51.1669921875, -34.17724609375, 99.85400390625]}, {"B": [[-791, -420, -374], [-372, -188, -89], [-936, -422, -688]], "G": [[941957, 406498, 1174928], [406498, 181649, 488760], [1174928, 488760, 1527524]], "lincomb_LLL": [-3.0, 4.0, 1.0], "lincomb_cube": [-2.514019012451172, 2.9352455139160156, 1.0], "LLL.norm": 126.8109130859375, "cube.norm": 91.4405517578125, "sv_LLL": [-51.0, 86.0, 78.0], "sv_cube": [-39.322265625, 82.0625, -8.994140625]}, {"B": [[-988, 741, 576], [786, -562, -563], [-309, 213, -118]], "G": [[1857001, -1517298, 395157], [-1517298, 1250609, -296146], [395157, -296146, 154774]], "lincomb_LLL": [-1.0, -1.0, 1.0], "lincomb_cube": [-2.2212753295898438, -2.4581527709960938, 1.0], "LLL.norm": 172.5283203125, "cube.norm": 70.6689453125, "sv_LLL": [-107.0, 34.0, -131.0], "sv_cube": [-46.486328125, -51.482421875, -13.515625]}, {"B": [[-446, 192, -155], [908, -674, -75], [-520, 17, -989]], "G": [[259805, -522751, 388479], [-522751, 1284365, -409443], [388479, -409443, 1248810]], "lincomb_LLL": [-6.0, -2.0, 1.0], "lincomb_cube": [-4.715850830078125, -1.6006145477294922, 1.0], "LLL.norm": 411.400390625, "cube.norm": 268.62890625, "sv_LLL": [340.0, 213.0, 91.0], "sv_cube": [129.912109375, 190.37109375, -137.9970703125]}, {"B": [[-263, -327, -144], [497, 332, 455], [-768, -786, -66]], "G": [[196834, -304795, 468510], [-304795, 564258, -672678], [468510, -672678, 1211976]], "lincomb_LLL": [-4.0, -1.0, 1.0], "lincomb_cube": [-2.846691131591797, -1.0, 0.5454111099243164], "LLL.norm": 290.6787109375, "cube.norm": 251.96630859375, "sv_LLL": [-213.0, 190.0, 55.0], "sv_cube": [-167.1962890625, 170.1748046875, -81.07373046875]}, {"B": [[190, 16, 140], [470, 55, -336], [-113, -49, -934]], "G": [[55956, 43140, -153014], [43140, 336821, 258019], [-153014, 258019, 887526]], "lincomb_LLL": [4.0, -1.0, 1.0], "lincomb_cube": [2.9627037048339844, -1.0, 0.8015022277832031], "LLL.norm": 185.399658203125, "cube.norm": 46.9793701171875, "sv_LLL": [177.0, -40.0, -38.0], "sv_cube": [2.3443603515625, -46.870361328125, 2.1748046875]}, {"B": [[721, 571, 590], [-473, -540, 230], [959, 639, 898]], "G": [[1193982, -513673, 1586128], [-513673, 568229, -592127], [1586128, -592127, 2134406]], "lincomb_LLL": [3.0, 1.0, -2.0], "lincomb_cube": [4.8160552978515625, 1.0, -3.3015060424804688], "LLL.norm": 323.4580078125, "cube.norm": 221.950439453125, "sv_LLL": [-228.0, -105.0, 204.0], "sv_cube": [-166.76953125, 100.3046875, 106.71875]}, {"B": [[-286, -176, 140], [-98, -241, -86], [-602, -278, 602]], "G": [[132372, 58404, 305380], [58404, 75081, 74222], [305380, 74222, 802092]], "lincomb_LLL": [-3.0, 1.0, 1.0], "lincomb_cube": [-1.871826171875, 1.0, 0.6201238632202148], "LLL.norm": 185.09716796875, "cube.norm": 108.5616455078125, "sv_LLL": [158.0, 9.0, 96.0], "sv_cube": [64.02734375, -83.953125, 25.2587890625]}, {"B": [[-403, 514, 24], [804, -830, 675], [310, 525, 234]], "G": [[427181, -734432, 150536], [-734432, 1790941, -28560], [150536, -28560, 426481]], "lincomb_LLL": [0.0, 0.0, 1.0], "lincomb_cube": [-1.1017436981201172, -0.43585824966430664, 1.0], "LLL.norm": 653.0546875, "cube.norm": 522.5673828125, "sv_LLL": [310.0, 525.0, 234.0], "sv_cube": [403.57275390625, 320.46630859375, -86.64599609375]}, {"B": [[945, -320, 856], [256, -258, -128], [489, -638, -488]], "G": [[1728161, 214912, 248537], [214912, 148484, 352252], [248537, 352252, 884309]], "lincomb_LLL": [1.0, -13.0, 5.0], "lincomb_cube": [1.0, -14.188430786132812, 5.370704650878906], "LLL.norm": 185.95703125, "cube.norm": 117.121826171875, "sv_LLL": [62.0, -156.0, 80.0], "sv_cube": [-60.96484375, -85.89453125, 51.21484375]}, {"B": [[-564, 430, 407], [791, -613, -299], [-725, 703, -780]], "G": [[668645, -831407, 393730], [-831407, 1090851, -771194], [393730, -771194, 1628234]], "lincomb_LLL": [-10.0, -9.0, -2.0], "lincomb_cube": [-11.095703125, -9.87066650390625, -2.0], "LLL.norm": 263.29248046875, "cube.norm": 161.094970703125, "sv_LLL": [-29.0, -189.0, 181.0], "sv_cube": [-99.71875, -126.4375, -4.625]}, {"B": [[-638, 683, -102], [395, -378, 268], [793, -983, 179]], "G": [[883937, -537520, -1195581], [-537520, 370733, 732781], [-1195581, 732781, 1627179]], "lincomb_LLL": [2.0, 1.0, 1.0], "lincomb_cube": [-0.16361594200134277, 1.0, -0.570556640625], "LLL.norm": 258.49169921875, "cube.norm": 201.462890625, "sv_LLL": [-88.0, 5.0, 243.0], "sv_cube": [46.935546875, 71.10791015625, 182.559326171875]}, {"B": [[-849, 725, -945], [400, 389, 85], [-717, -412, -256]], "G": [[2139451, -137900, 551953], [-137900, 318546, -468828], [551953, -468828, 749369]], "lincomb_LLL": [1.0, -7.0, -5.0], "lincomb_cube": [1.0, -8.220138549804688, -5.879325866699219], "LLL.norm": 274.84521484375, "cube.norm": 167.021728515625, "sv_LLL": [-64.0, 62.0, -260.0], "sv_cube": [78.421875, -50.3515625, -138.603515625]}, {"B": [[334, -14, -834], [-369, -238, -765], [-836, -497, -952]], "G": [[807308, 518096, 521702], [518096, 778030, 1155050], [521702, 1155050, 1852209]], "lincomb_LLL": [1.0, -2.0, 1.0], "lincomb_cube": [1.0, -3.3388023376464844, 1.8004341125488281], "LLL.norm": 349.9384765625, "cube.norm": 129.532470703125, "sv_LLL": [236.0, -35.0, -256.0], "sv_cube": [60.85546875, -114.1806640625, 6.169921875]}, {"B": [[979, -72, -779], [-573, 199, 646], [238, -221, -311]], "G": [[1570466, -1078529, 491183], [-1078529, 785246, -381259], [491183, -381259, 202206]], "lincomb_LLL": [1.0, 2.0, 1.0], "lincomb_cube": [0.3643951416015625, 0.9860219955444336, 1.0], "LLL.norm": 238.47412109375, "cube.norm": 72.532470703125, "sv_LLL": [71.0, 105.0, 202.0], "sv_cube": [29.75244140625, -51.01806640625, 42.10595703125]}, {"B": [[-613, -877, 547], [630, 469, -790], [973, 820, -883]], "G": [[1444107, -1229633, -1798590], [-1229633, 1240961, 1695140], [-1798590, 1695140, 2398818]], "lincomb_LLL": [1.0, -2.0, 2.0], "lincomb_cube": [1.0, -0.9599008560180664, 1.4281005859375], "LLL.norm": 407.76806640625, "cube.norm": 236.351806640625, "sv_LLL": [73.0, -175.0, 361.0], "sv_cube": [171.802734375, -156.150390625, 44.306640625]}, {"B": [[293, 178, 329], [800, 714, 572], [969, -87, 750]], "G": [[225774, 549680, 515181], [549680, 1476980, 1142082], [515181, 1142082, 1509030]], "lincomb_LLL": [-2.0, 1.0, 0.0], "lincomb_cube": [-3.2024192810058594, 1.0, 0.3364701271057129], "LLL.norm": 425.859375, "cube.norm": 317.7275390625, "sv_LLL": [214.0, 358.0, -86.0], "sv_cube": [187.73095703125, 114.69677734375, -229.2431640625]}, {"B": [[796, 449, -110], [-551, 398, -987], [-990, -875, 397]], "G": [[847317, -151324, -1224585], [-151324, 1436174, -194599], [-1224585, -194599, 1903334]], "lincomb_LLL": [6.0, 1.0, 4.0], "lincomb_cube": [4.65283203125, 1.0, 3.0958251953125], "LLL.norm": 490.0712890625, "cube.norm": 360.06298828125, "sv_LLL": [265.0, -408.0, -59.0], "sv_cube": [87.7890625, -221.7265625, -269.76953125]}, {"B": [[0, -114, 284], [925, -50, 58], [-367, 478, -975]], "G": [[93652, 22172, -331392], [22172, 861489, -419925], [-331392, -419925, 1313798]], "lincomb_LLL": [7.0, 1.0, 2.0], "lincomb_cube": [8.32354736328125, 1.0, 2.4191551208496094], "LLL.norm": 239.50146484375, "cube.norm": 173.707275390625, "sv_LLL": [191.0, 108.0, 96.0], "sv_cube": [37.169921875, 157.470703125, 63.2109375]}, {"B": [[-216, 678, -154], [-163, 600, 125], [343, -833, -289]], "G": [[530056, 422758, -594356], [422758, 402194, -591834], [-594356, -591834, 895059]], "lincomb_LLL": [-1.0, 4.0, 2.0], "lincomb_cube": [-1.0, 2.740081787109375, 1.14776611328125], "LLL.norm": 267.23046875, "cube.norm": 232.04638671875, "sv_LLL": [250.0, 56.0, 76.0], "sv_cube": [163.05029296875, 9.9599609375, 164.8056640625]}, {"B": [[-861, 638, 467], [-648, 245, 455], [-495, -366, 911]], "G": [[1366454, 926723, 618124], [926723, 686954, 645595], [618124, 645595, 1208902]], "lincomb_LLL": [3.0, -5.0, 1.0], "lincomb_cube": [2.1741943359375, -3.872852325439453, 1.0], "LLL.norm": 363.23828125, "cube.norm": 229.19482421875, "sv_LLL": [162.0, 323.0, 37.0], "sv_cube": [142.62890625, 72.2880859375, 164.2001953125]}, {"B": [[638, -181, -721], [963, -167, -945], [-788, -734, -342]], "G": [[959646, 1325966, -123308], [1325966, 1848283, -313076], [-123308, -313076, 1276664]], "lincomb_LLL": [-11.0, 8.0, 1.0], "lincomb_cube": [-12.069717407226562, 8.8282470703125, 1.0], "LLL.norm": 132.234619140625, "cube.norm": 32.2972412109375, "sv_LLL": [-102.0, -79.0, 29.0], "sv_cube": [13.1328125, -23.69921875, 17.578125]}, {"B": [[-285, 112, -154], [501, 580, -713], [798, 840, -696]], "G": [[117485, 31977, -26166], [31977, 1095770, 1383246], [-26166, 1383246, 1826820]], "lincomb_LLL": [1.0, 0.0, 0.0], "lincomb_cube": [1.0, -1.0701904296875, 0.8246583938598633], "LLL.norm": 342.7607421875, "cube.norm": 248.365234375, "sv_LLL": [-285.0, 112.0, -154.0], "sv_cube": [-163.087890625, 184.001953125, 35.083984375]}, {"B": [[280, 907, 419], [180, -397, -189], [676, -456, -588]], "G": [[1076610, -388870, -470684], [-388870, 225730, 413844], [-470684, 413844, 1010656]], "lincomb_LLL": [-1.0, -4.0, 1.0], "lincomb_cube": [-0.5956649780273438, -2.8595237731933594, 1.0], "LLL.norm": 467.548828125, "cube.norm": 328.06884765625, "sv_LLL": [-324.0, 225.0, -251.0], "sv_cube": [-5.5, 138.9619140625, -297.1337890625]}, {"B": [[349, 697, -669], [-765, -898, 638], [-474, -177, -465]], "G": [[1055171, -1319713, 22290], [-1319713, 1798673, 224886], [22290, 224886, 472230]], "lincomb_LLL": [-1.0, -1.0, 1.0], "lincomb_cube": [-2.1558074951171875, -1.7067756652832031, 1.0], "LLL.norm": 438.51611328125, "cube.norm": 200.867919921875, "sv_LLL": [-58.0, 24.0, -434.0], "sv_cube": [79.306640625, -146.9140625, -111.689453125]}, {"B": [[151, 641, 746], [710, -194, -335], [-134, 996, 951]], "G": [[990198, -267054, 1327648], [-267054, 653961, -606949], [1327648, -606949, 1914373]], "lincomb_LLL": [-1.0, 1.0, 1.0], "lincomb_cube": [-2.2155189514160156, 1.0, 1.8535480499267578], "LLL.norm": 472.70068359375, "cube.norm": 347.29833984375, "sv_LLL": [425.0, 161.0, -130.0], "sv_cube": [127.0810546875, 231.986328125, -225.052734375]}, {"B": [[388, -57, -357], [114, 128, 88], [907, 773, 244]], "G": [[281242, 5520, 220747], [5520, 37124, 223814], [220747, 223814, 1479714]], "lincomb_LLL": [-1.0, -6.0, 1.0], "lincomb_cube": [-1.0, -8.51995849609375, 1.4378662109375], "LLL.norm": 190.78271484375, "cube.norm": 104.2464599609375, "sv_LLL": [-165.0, 62.0, 73.0], "sv_cube": [-55.130859375, 77.916015625, -41.91650390625]}, {"B": [[-838, 581, 404], [-318, 279, -195], [923, -517, -89]], "G": [[1203021, 349803, -1109807], [349803, 216990, -420402], [-1109807, -420402, 1127139]], "lincomb_LLL": [1.0, 0.0, 1.0], "lincomb_cube": [1.0, 1.065572738647461, 1.3820610046386719], "LLL.norm": 332.484375, "cube.norm": 204.792236328125, "sv_LLL": [85.0, 64.0, 315.0], "sv_cube": [98.791015625, 163.76953125, 73.2099609375]}, {"B": [[-219, 141, 593], [604, -902, -832], [507, -738, -712]], "G": [[419491, -752834, -637307], [-752834, 1870644, 1564288], [-637307, 1564288, 1308637]], "lincomb_LLL": [1.0, -13.0, 16.0], "lincomb_cube": [1.0, -11.780548095703125, 14.568954467773438], "LLL.norm": 73.8309326171875, "cube.norm": 58.21868896484375, "sv_LLL": [41.0, 59.0, 17.0], "sv_cube": [52.0078125, 15.15625, 21.328125]}, {"B": [[418, -176, 804], [-377, -466, 579], [449, 628, -999]], "G": [[852116, 389946, -726042], [389946, 694526, -1040342], [-726042, -1040342, 1593986]], "lincomb_LLL": [1.0, 4.0, 3.0], "lincomb_cube": [1.0, 5.403877258300781, 3.982421875], "LLL.norm": 324.8291015625, "cube.norm": 260.63720703125, "sv_LLL": [257.0, -156.0, 123.0], "sv_cube": [168.845703125, -193.24609375, -45.59375]}, {"B": [[-774, -977, -773], [-391, -222, 68], [-656, -203, 344]], "G": [[2151134, 466964, 440163], [466964, 206789, 324954], [440163, 324954, 589881]], "lincomb_LLL": [1.0, -7.0, 3.0], "lincomb_cube": [1.0, -8.0814208984375, 3.705707550048828], "LLL.norm": 219.40380859375, "cube.norm": 92.29541015625, "sv_LLL": [-5.0, -32.0, -217.0], "sv_cube": [-45.109375, 64.8173828125, -47.7734375]}, {"B": [[-433, 429, 79], [-663, -275, 842], [719, -989, 506]], "G": [[377771, 235622, -695634], [235622, 1224158, 221330], [-695634, 221330, 1751118]], "lincomb_LLL": [2.0, -1.0, 1.0], "lincomb_cube": [3.1898574829101562, -1.0, 1.3935699462890625], "LLL.norm": 564.513671875, "cube.norm": 405.115234375, "sv_LLL": [516.0, 144.0, -178.0], "sv_cube": [283.767578125, 265.208984375, 115.1455078125]}, {"B": [[-266, -441, 48], [-996, -731, 939], [-281, 367, 194]], "G": [[267541, 632379, -77789], [632379, 2408098, 193765], [-77789, 193765, 251286]], "lincomb_LLL": [0.0, 0.0, 1.0], "lincomb_cube": [1.2680244445800781, -0.4134535789489746, 1.0], "LLL.norm": 501.2841796875, "cube.norm": 269.32275390625, "sv_LLL": [-281.0, 367.0, 194.0], "sv_cube": [-206.49462890625, 110.03515625, -133.36767578125]}, {"B": [[-722, 313, -177], [-956, 575, 62], [531, -117, 825]], "G": [[650582, 859233, -566028], [859233, 1248405, -523761], [-566028, -523761, 976275]], "lincomb_LLL": [-2.0, 1.0, -1.0], "lincomb_cube": [-3.4718551635742188, 1.970010757446289, -1.0], "LLL.norm": 416.5166015625, "cube.norm": 207.177734375, "sv_LLL": [-43.0, 66.0, -409.0], "sv_cube": [92.349609375, 163.064453125, -88.3408203125]}, {"B": [[598, -770, 206], [228, -282, 0], [864, -783, 471]], "G": [[992940, 353484, 1216608], [353484, 131508, 417798], [1216608, 417798, 1581426]], "lincomb_LLL": [1.0, -3.0, 0.0], "lincomb_cube": [1.0, -1.5176544189453125, -0.3683609962463379], "LLL.norm": 235.8134765625, "cube.norm": 91.2305908203125, "sv_LLL": [-86.0, 76.0, 206.0], "sv_cube": [-66.2890625, -53.5947265625, 32.501953125]}, {"B": [[211, 76, 113], [667, 383, 79], [-953, -157, -614]], "G": [[63066, 178772, -282397], [178772, 597819, -744288], [-282397, -744288, 1309854]], "lincomb_LLL": [7.0, -1.0, 1.0], "lincomb_cube": [8.387176513671875, -1.0, 1.2400054931640625], "LLL.norm": 173.54248046875, "cube.norm": 146.10791015625, "sv_LLL": [-143.0, -8.0, 98.0], "sv_cube": [-79.03125, 59.744873046875, 107.3876953125]}, {"B": [[435, 735, 250], [-229, 54, -9], [-797, -164, -93]], "G": [[791950, -62175, -490485], [-62175, 55438, 174494], [-490485, 174494, 670754]], "lincomb_LLL": [1.0, -5.0, 2.0], "lincomb_cube": [1.0, -6.5135650634765625, 2.4257240295410156], "LLL.norm": 175.63037109375, "cube.norm": 84.5609130859375, "sv_LLL": [-14.0, 137.0, 109.0], "sv_cube": [-6.697265625, -14.55126953125, 83.02978515625]}, {"B": [[525, -642, 936], [25, -453, 360], [563, -269, 997]], "G": [[1563885, 640911, 1401465], [640911, 335434, 494852], [1401465, 494852, 1383339]], "lincomb_LLL": [-1.0, 0.0, 1.0], "lincomb_cube": [-1.3438053131103516, 1.0923385620117188, 1.0], "LLL.norm": 379.8603515625, "cube.norm": 201.46630859375, "sv_LLL": [38.0, 373.0, 61.0], "sv_cube": [-115.189453125, 98.89306640625, 132.439453125]}, {"B": [[-566, -625, 634], [90, 131, -130], [-476, -907, 983]], "G": [[1112937, -215235, 1459513], [-215235, 42161, -289447], [1459513, -289447, 2015514]], "lincomb_LLL": [1.0, 12.0, 1.0], "lincomb_cube": [1.0, 9.492111206054688, 0.6390180587768555], "LLL.norm": 79.3284912109375, "cube.norm": 50.5743408203125, "sv_LLL": [38.0, 40.0, 57.0], "sv_cube": [-15.88232421875, 38.876953125, 28.1796875]}, {"B": [[-75, -223, -313], [573, 685, 461], [986, 956, 750]], "G": [[153323, -340023, -521888], [-340023, 1010075, 1565588], [-521888, 1565588, 2448632]], "lincomb_LLL": [-1.0, -2.0, 1.0], "lincomb_cube": [-1.0, -0.6983938217163086, 0.2333991527557373], "LLL.norm": 252.16455078125, "cube.norm": 194.0654296875, "sv_LLL": [-85.0, -191.0, 141.0], "sv_cube": [-95.048095703125, -32.270263671875, 166.08984375]}, {"B": [[60, -261, -266], [656, -336, 730], [-815, 610, -937]], "G": [[142477, -67124, 41132], [-67124, 1076132, -1423610], [41132, -1423610, 1914294]], "lincomb_LLL": [1.0, 4.0, 3.0], "lincomb_cube": [1.0, 2.096019744873047, 1.5372676849365234], "LLL.norm": 363.861328125, "cube.norm": 254.97998046875, "sv_LLL": [239.0, 225.0, -157.0], "sv_cube": [182.115234375, -27.529296875, -176.326171875]}, {"B": [[-540, -556, 972], [410, 319, -760], [75, -430, -408]], "G": [[1545520, -1137484, -197996], [-1137484, 847461, 203660], [-197996, 203660, 356989]], "lincomb_LLL": [-5.0, -7.0, 1.0], "lincomb_cube": [-4.017219543457031, -5.6323394775390625, 1.0], "LLL.norm": 159.43017578125, "cube.norm": 72.8094482421875, "sv_LLL": [-95.0, 117.0, 52.0], "sv_cube": [-64.9609375, 6.857421875, -32.16015625]}, {"B": [[-673, -683, 604], [820, 796, -806], [-629, -556, 128]], "G": [[1284234, -1582352, 880377], [-1582352, 1955652, -1061524], [880377, -1061524, 721161]], "lincomb_LLL": [-8.0, -6.0, 1.0], "lincomb_cube": [-5.471763610839844, -3.884502410888672, 1.0], "LLL.norm": 249.14453125, "cube.norm": 165.6435546875, "sv_LLL": [-165.0, 132.0, 132.0], "sv_cube": [-131.796875, 89.15234375, -46.03515625]}, {"B": [[-196, -446, -562], [-81, 724, 686], [384, 682, 862]], "G": [[553176, -692560, -863880], [-692560, 1001333, 1053996], [-863880, 1053996, 1355624]], "lincomb_LLL": [-9.0, -1.0, -5.0], "lincomb_cube": [-7.846214294433594, -1.0, -4.2225494384765625], "LLL.norm": 154.495849609375, "cube.norm": 133.8310546875, "sv_LLL": [-75.0, -120.0, 62.0], "sv_cube": [-2.6015625, -104.3671875, 83.734375]}, {"B": [[745, -404, 279], [663, -911, 634], [-386, -351, -148]], "G": [[796082, 1038865, -187058], [1038865, 1671446, -29989], [-187058, -29989, 294101]], "lincomb_LLL": [0.0, 0.0, 1.0], "lincomb_cube": [1.1198844909667969, -0.6781082153320312, 1.0], "LLL.norm": 542.310546875, "cube.norm": 323.96435546875, "sv_LLL": [-386.0, -351.0, -148.0], "sv_cube": [-1.2724609375, -185.67626953125, -265.47265625]}, {"B": [[382, -520, -803], [-969, -920, -402], [-805, 486, 980]], "G": [[1061133, 431048, -1347170], [431048, 1946965, -61035], [-1347170, -61035, 1844621]], "lincomb_LLL": [-4.0, 1.0, -3.0], "lincomb_cube": [-5.0020294189453125, 1.0, -3.620014190673828], "LLL.norm": 335.302734375, "cube.norm": 108.61279296875, "sv_LLL": [-82.0, -298.0, -130.0], "sv_cube": [34.33984375, -78.271484375, 67.015625]}]