{
 "cells": [
  {
   "cell_type": "code",
   "execution_count": 9,
   "id": "2228db58",
   "metadata": {
    "slideshow": {
     "slide_type": "slide"
    }
   },
   "outputs": [],
   "source": [
    "dimension = 6\n",
    "perimeter = 50\n",
    "sensitivity = 1.7\n",
    "jsonfilename = \"noname.json\""
   ]
  },
  {
   "cell_type": "code",
   "execution_count": 19,
   "id": "9d981872",
   "metadata": {},
   "outputs": [],
   "source": [
    "# UNINTERESTING TOOLS\n",
    "from random import randint, seed\n",
    "\n",
    "\n",
    "def shortestVector(matrix): \n",
    "    \"\"\"\n",
    "    Returns the 3-tuple: norm of the shortest vector, the shortest vector and its index.\n",
    "    \"\"\"\n",
    "    return sorted([(matrix[idx].norm().n(), matrix[idx], idx) for idx in range(matrix.nrows())])[0]\n",
    "\n",
    "def randomMatrix(dimension, per) -> matrix:\n",
    "    list = [randint(-per, per) for _ in range(dimension**2)]\n",
    "    M = matrix(ZZ, dimension, dimension, list)\n",
    "    while M.rank() != dimension:\n",
    "        list = [randint(-per, per) for _ in range(dimension**2)]\n",
    "        M = matrix(ZZ, dimension, dimension, list)\n",
    "    return M\n",
    "\n",
    "def gram_matrix(matrix) -> matrix:\n",
    "    return matrix * matrix.transpose()\n",
    "\n",
    "def matrix_to_list(A) -> list:\n",
    "    return [[int(A.list()[row * A.ncols() + col]) for col in range(A.ncols())] for row in range(A.nrows())]\n",
    "\n",
    "def vector_to_list(vector) -> list:\n",
    "    return [float(num) for num in vector.list()]\n",
    "\n",
    "\n",
    "def into_dict(B, G, x, solutions) -> dict:\n",
    "    result = {}\n",
    "    result[\"B\"] = B\n",
    "    result[\"G\"] = G\n",
    "    result[\"lincomb_LLL\"] = x\n",
    "    result[\"lincomb_cube\"] = solutions\n",
    "    result[\"sv_LLL\"] = x*B\n",
    "    result[\"sv_cube\"] = vector(solutions)*B\n",
    "    result[\"lincomb_diff\"] = x - vector(solutions)\n",
    "    result[\"Diff impact\"] = multiply_B_by_diff(G, x - vector(solutions))[0]\n",
    "#     result[\"Diff impact sum\"] = multiply_B_by_diff(B, x - vector(solutions))[1]\n",
    "#     result[\"LLL.norm\"] = vector(x*B).norm().n(digits=5)\n",
    "#     result[\"cube.norm\"] = (vector(solutions)*B).norm().n(digits=5)\n",
    "    return result"
   ]
  },
  {
   "cell_type": "code",
   "execution_count": 18,
   "id": "15788a4a",
   "metadata": {},
   "outputs": [],
   "source": [
    "### batshit cool math\n",
    "def innerComparsion(dimension, perimeter, B, B_red, v_min, x, G,i) -> dict:\n",
    "    solutions = find_real_minimum(G, i, x[i])\n",
    "    for j in range(dimension - 1):  # zbytecny forcyklus???\n",
    "        difference = x[j] - solutions[j]\n",
    "        if abs(difference) > sensitivity: \n",
    "            if all([sol == 0 for sol in solutions]):# FIME fuj\n",
    "                break  \n",
    "            return into_dict(B, G, x, solutions)\n",
    "        \n",
    "def find_real_minimum(G, i, x) -> vector:\n",
    "    matrixA = matrix(G.nrows() - 1, G.nrows() - 1, 0)\n",
    "    matrixB = matrix(G.nrows() - 1, 1, 0)\n",
    "    matrixA[0,0] = 1\n",
    "    a, b = 0, 0\n",
    "    for row in range(G.nrows()):\n",
    "        if row != i:\n",
    "            matrixA[a] = [G[row, j] for j in range(len(G[row])) if j != i]\n",
    "            matrixB[b] = sum([x * G[row,j] for j in range(len(G[row])) if j == i])\n",
    "            a += 1\n",
    "            b += 1\n",
    "    # insert indices\n",
    "    result = (matrixA.solve_right((-1)*matrixB)).list()\n",
    "    result.insert(i,x)\n",
    "    return vector(result).n(digits=5) \n",
    "\n",
    "\n",
    "def multiply_B_by_diff(B, diff) -> (matrix, float):\n",
    "    B = matrix_to_list(B)\n",
    "    n = len(B)\n",
    "    diff = vector_to_list(diff)\n",
    "    for i in range(n):\n",
    "        for j in range(n):\n",
    "            B[i][j] = round(B[i][j]*  diff[i] * diff[j], 2)\n",
    "    return matrix(B), round(sum(sum(B, [])), 2)"
   ]
  },
  {
   "cell_type": "code",
   "execution_count": 17,
   "id": "7bdeacaf",
   "metadata": {},
   "outputs": [],
   "source": [
    "### output formatting\n",
    "import json\n",
    "\n",
    "def format_data(output_data):\n",
    "    for dic in output_data:\n",
    "        for key, value in dic.items():\n",
    "            if isinstance(value, sage.matrix.matrix_integer_dense.Matrix_integer_dense):\n",
    "                dic[key] = matrix_to_list(value)\n",
    "            else:\n",
    "            # FIXME here I assume that output_data consits only of matrices and one-line entries (vectors, free modules)\n",
    "            # it IS going to break if I try to save integers/floats\n",
    "                dic[key] = vector_to_list(value)\n",
    "    return output_data\n",
    "\n",
    "def into_json(output_data):\n",
    "    out_file = open(jsonfilename, \"w+\") \n",
    "    json.dump(output_data, out_file) \n",
    "    out_file.close() \n",
    "\n",
    "def from_json(input_data):\n",
    "    out_file = open(jsonfilename)\n",
    "    return json.load(out_file) # close it maybe?\n",
    "\n",
    "def print_dict(dictionary) -> None:\n",
    "    for pair in dictionary.items():\n",
    "        print(pair[1], \": \", pair[0])\n",
    "    print()\n",
    "    \n",
    "    "
   ]
  },
  {
   "cell_type": "code",
   "execution_count": 22,
   "id": "4d82b33f",
   "metadata": {
    "scrolled": true
   },
   "outputs": [],
   "source": [
    "# MAIN \n",
    "def generate_new_examples(iterations) -> None:\n",
    "    output_data = []\n",
    "    for _ in range(iterations):\n",
    "        B = randomMatrix(dimension, perimeter)\n",
    "        data = abnormality_check(B)\n",
    "        if data != None: #FIXME terrible, can I get rid of these ifs somehow?\n",
    "            output_data.append(abnormality_check(B))\n",
    "    for dictionary in output_data:\n",
    "        print_dict(dictionary)\n",
    "    into_json(format_data(output_data))\n",
    "\n",
    "\n",
    "def abnormality_check(B) -> dict:\n",
    "    B_red = B.LLL()\n",
    "    v_min = shortestVector(B_red)[1]\n",
    "    x = B.solve_left(v_min) # find linear combination corresponding to shortest vector found by LLL\n",
    "    G = gram_matrix(B)\n",
    "    for i in range(G.nrows()):\n",
    "        data = innerComparsion(dimension, perimeter, B, B_red, v_min, x, G,i) # terrible\n",
    "        if data != None:\n",
    "            return data"
   ]
  },
  {
   "cell_type": "code",
   "execution_count": 23,
   "id": "432ac9ce",
   "metadata": {},
   "outputs": [
    {
     "name": "stdout",
     "output_type": "stream",
     "text": [
      "[-11 -20  47 -44 -15  16]\n",
      "[-30 -42 -39  44 -44 -17]\n",
      "[ 12  -2   0  26  43  47]\n",
      "[  1 -20 -40 -33  34   2]\n",
      "[  1  18   5 -20 -28 -39]\n",
      "[ 15 -35   5  42 -27  32] :  B\n",
      "[ 5147 -2211 -1129  -517   540  -161]\n",
      "[-2211  8346 -1823  -612    34  3317]\n",
      "[-1129 -1823  4882   750 -3581  1685]\n",
      "[ -517  -612   750  4250  -929 -1725]\n",
      "[  540    34 -3581  -929  3055 -1922]\n",
      "[ -161  3317  1685 -1725 -1922  4992] :  G\n",
      "(-4, -5, -16, -2, -18, 1) :  lincomb_LLL\n",
      "(-3.5051, -4.4767, -14.175, -1.6195, -15.810, 1.0000) :  lincomb_cube\n",
      "(-3, 3, 2, 8, 1, -1) :  sv_LLL\n",
      "(0.32111, -0.71875, 0.57874, 0.33545, 0.62500, -0.86914) :  sv_cube\n",
      "(-0.49488, -0.52333, -1.8245, -0.38050, -2.1899, 0.00000) :  lincomb_diff\n",
      "[  1260.54   -572.62   -1019.4    -97.35    585.21       0.0]\n",
      "[  -572.62   2285.76  -1740.65   -121.87     38.96      -0.0]\n",
      "[  -1019.4  -1740.65  16251.63    520.67 -14307.75      -0.0]\n",
      "[   -97.35   -121.87    520.67    615.32   -774.08       0.0]\n",
      "[   585.21     38.96 -14307.75   -774.08  14650.28       0.0]\n",
      "[      0.0      -0.0      -0.0       0.0       0.0       0.0] :  Diff impact\n",
      "\n",
      "[ -5   4  35 -24 -33  49]\n",
      "[ 16  18 -14  20  12 -47]\n",
      "[ 13 -26  32  43  17 -24]\n",
      "[ 21  49 -32 -40  38  39]\n",
      "[-47 -45  46   4 -40 -29]\n",
      "[ 23  28  26  -4  40 -25] :  B\n",
      "[ 5332 -3677 -1818   588  1468 -1542]\n",
      "[-3677  3529  1484  -511 -1243  2083]\n",
      "[-1818  1484  4583 -4035  2219  1511]\n",
      "[  588  -511 -4035  8431 -7475  1728]\n",
      "[ 1468 -1243  2219 -7475  8807 -2036]\n",
      "[-1542  2083  1511  1728 -2036  4230] :  G\n",
      "(1, 3, 3, 5, 3, -3) :  lincomb_LLL\n",
      "(1.0000, 2.4618, 2.2083, 3.2458, 1.9065, -2.0448) :  lincomb_cube\n",
      "(-23, 6, -11, -11, 4, 19) :  sv_LLL\n",
      "(-5.3798, 6.8909, 1.8691, 6.1669, -0.63245, 2.7136) :  sv_cube\n",
      "(0.00000, 0.53820, 0.79171, 1.7542, 1.0935, -0.95516) :  lincomb_diff\n",
      "[      0.0      -0.0      -0.0       0.0       0.0       0.0]\n",
      "[     -0.0   1022.21    632.33   -482.45   -731.52   -1070.8]\n",
      "[     -0.0    632.33   2872.67   -5604.0   1921.05  -1142.64]\n",
      "[      0.0   -482.45   -5604.0  25944.92 -14338.73  -2895.38]\n",
      "[      0.0   -731.52   1921.05 -14338.73  10530.61    2126.5]\n",
      "[      0.0   -1070.8  -1142.64  -2895.38    2126.5   3859.14] :  Diff impact\n",
      "\n",
      "[-47   8 -25  46 -37  20]\n",
      "[-30  46 -50  -4 -33   9]\n",
      "[-19  29 -47 -31  -3 -44]\n",
      "[-24 -43  43  -2 -17  17]\n",
      "[  5  28  -4   5  29 -43]\n",
      "[-40  42  46  23  10 -50] :  B\n",
      "[ 6783  4245   105   586 -1614   754]\n",
      "[ 4245  6702  4081 -2686   -26   -40]\n",
      "[  105  4081  6317 -3447  2555  1273]\n",
      "[  586 -2686 -3447  4856 -2730    66]\n",
      "[-1614   -26  2555 -2730  3540  3347]\n",
      "[  754   -40  1273    66  3347  8609] :  G\n",
      "(-1, 5, -3, 6, 9, -3) :  lincomb_LLL\n",
      "(-1.0000, 3.7122, -2.2627, 4.2132, 6.4336, -2.0941) :  lincomb_cube\n",
      "(-25, 3, 0, -9, 10, 22) :  sv_LLL\n",
      "(-6.5591, 8.1628, 4.8407, -15.127, 15.292, 12.657) :  sv_cube\n",
      "(0.00000, 1.2878, -0.73727, 1.7868, 2.5664, -0.90588) :  lincomb_diff\n",
      "[      0.0       0.0      -0.0       0.0      -0.0      -0.0]\n",
      "[      0.0  11114.26  -3874.62  -6180.46    -85.93     46.66]\n",
      "[     -0.0  -3874.62   3433.68   4540.91  -4834.42     850.2]\n",
      "[      0.0  -6180.46   4540.91   15503.6 -12518.98   -106.83]\n",
      "[     -0.0    -85.93  -4834.42 -12518.98  23316.42  -7781.36]\n",
      "[     -0.0     46.66     850.2   -106.83  -7781.36    7064.7] :  Diff impact\n",
      "\n",
      "[ 36  49  30   6  36 -34]\n",
      "[ 50 -25  40 -26  35  26]\n",
      "[ 22 -17 -46  18 -22  25]\n",
      "[-18  19  43  34  15 -41]\n",
      "[ 35  26  -8 -49 -15   0]\n",
      "[-34 -49  -5  49  27  25] :  B\n",
      "[ 7085  1995 -2955  3711  1460 -3359]\n",
      "[ 1995  7302  -903 -1080  1529  -354]\n",
      "[-2955  -903  4322 -3440   144  1228]\n",
      "[ 3711 -1080 -3440  5596 -2371   512]\n",
      "[ 1460  1529   144 -2371  4591 -5230]\n",
      "[-3359  -354  1228   512 -5230  7337] :  G\n",
      "(2, 1, -2, -9, -18, -11) :  lincomb_LLL\n",
      "(2.0000, 0.98672, -1.4801, -7.9664, -16.065, -9.6848) :  lincomb_cube\n",
      "(-16, 7, 4, -13, -11, 2) :  sv_LLL\n",
      "(-0.83008, 3.9917, 1.9447, 1.4863, -0.90967, 5.1538) :  sv_cube\n",
      "(0.00000, 0.013280, -0.51989, -1.0336, -1.9348, -1.3152) :  lincomb_diff\n",
      "[      0.0       0.0       0.0      -0.0      -0.0       0.0]\n",
      "[      0.0      1.29      6.23     14.82    -39.29      6.18]\n",
      "[      0.0      6.23   1168.16  -1848.53    144.85    839.66]\n",
      "[     -0.0     14.82  -1848.53   5978.54  -4741.65    696.03]\n",
      "[     -0.0    -39.29    144.85  -4741.65  17186.44 -13308.78]\n",
      "[      0.0      6.18    839.66    696.03 -13308.78  12691.49] :  Diff impact\n",
      "\n",
      "[ 27  50  37  13   7  45]\n",
      "[ 30  -7 -17   8   6  -8]\n",
      "[ 12  -3 -11  18 -25  15]\n",
      "[-28  24  -2  34  -7  33]\n",
      "[ 17  28  -8  38 -28  42]\n",
      "[-15  40  -1 -17 -32 -32] :  B\n",
      "[ 6841  -383   501  2248  3751  -327]\n",
      "[ -383  1402   442 -1008   250  -785]\n",
      "[  501   442  1448   896  2222  -275]\n",
      "[ 2248 -1008   896  3658  3086   -28]\n",
      "[ 3751   250  2222  3086  5129  -221]\n",
      "[ -327  -785  -275   -28  -221  4163] :  G\n",
      "(1, 0, 4, 1, -3, 0) :  lincomb_LLL\n",
      "(0.67468, 0.74502, 2.0431, 1.0000, -2.0067, 0.22864) :  lincomb_cube\n",
      "(-4, -22, 15, 5, -16, 12) :  sv_LLL\n",
      "(-0.45903, -0.65099, 3.6489, 5.3663, -0.013779, -3.5495) :  sv_cube\n",
      "(0.32532, -0.74502, 1.9569, 0.00000, -0.99334, -0.22864) :  lincomb_diff\n",
      "[  723.99    92.83   318.95      0.0 -1212.14    24.32]\n",
      "[   92.83   778.19  -644.42      0.0   185.02  -133.72]\n",
      "[  318.95  -644.42  5545.28      0.0 -4319.37   123.05]\n",
      "[     0.0      0.0      0.0      0.0     -0.0      0.0]\n",
      "[-1212.14   185.02 -4319.37     -0.0  5060.94   -50.19]\n",
      "[   24.32  -133.72   123.05      0.0   -50.19   217.63] :  Diff impact\n",
      "\n",
      "[-26 -18 -30   0  -3  27]\n",
      "[ -4 -37 -42  28 -18  39]\n",
      "[-41  26  31  -9  35  20]\n",
      "[-46  31   3 -25 -19 -50]\n",
      "[-50  -9 -21  30 -11  28]\n",
      "[-16  26  -8  26 -34 -49] :  B\n",
      "[ 2638  3137   103  -745  2881 -1033]\n",
      "[ 3137  5778 -2202 -3397  3545 -1133]\n",
      "[  103 -2202  5024  1345  1070 -1320]\n",
      "[ -745 -3397  1345  6572    17  3964]\n",
      "[ 2881  3545  1070    17  4827   516]\n",
      "[-1033 -1133 -1320  3964   516  5229] :  G\n",
      "(-2, 7, 4, 2, -5, 1) :  lincomb_LLL\n",
      "(-2.0000, 3.5587, 1.6289, 1.2953, -1.7834, -0.018791) :  lincomb_cube\n",
      "(2, 14, -7, -14, 3, 10) :  sv_LLL\n",
      "(0.87023, 2.3972, 2.5201, -1.3917, -5.3993, 3.5845) :  sv_cube\n",
      "(0.00000, 3.4413, 2.3711, 0.70470, -3.2166, 1.0188) :  lincomb_diff\n",
      "[      0.0       0.0       0.0      -0.0      -0.0      -0.0]\n",
      "[      0.0  68428.03 -17968.03   -8238.1  -39240.7  -3972.31]\n",
      "[      0.0 -17968.03  28246.18    2247.4  -8160.77   -3188.7]\n",
      "[     -0.0   -8238.1    2247.4   3263.66    -38.53   2845.92]\n",
      "[     -0.0  -39240.7  -8160.77    -38.53  49941.52  -1690.94]\n",
      "[     -0.0  -3972.31   -3188.7   2845.92  -1690.94   5427.36] :  Diff impact\n",
      "\n",
      "[ 27   7 -23 -26 -25 -34]\n",
      "[ 12  43 -45 -39 -18 -24]\n",
      "[-16 -36 -23  35 -28  15]\n",
      "[-46 -47  13 -32  -1   8]\n",
      "[ 35  12  31  -6  42 -34]\n",
      "[ 18 -25  50   1  38 -28] :  B\n",
      "[ 3764  3940  -875 -1285   578  -863]\n",
      "[ 3940  6439 -1926 -2084  -165 -3160]\n",
      "[ -875 -1926  4315  1157 -3601 -1987]\n",
      "[-1285 -2084  1157  5583 -1893   703]\n",
      "[  578  -165 -3601 -1893  5286  4422]\n",
      "[ -863 -3160 -1987   703  4422  5678] :  G\n",
      "(-1, 1, 1, 0, 1, 0) :  lincomb_LLL\n",
      "(-1.0000, 1.5961, -0.0085085, -0.74525, -2.3075, 2.6227) :  lincomb_cube\n",
      "(4, 12, -14, 16, 21, -9) :  sv_LLL\n",
      "(-6.9838, 3.7090, 1.2827, 3.7689, -0.00085449, -5.3762) :  sv_cube\n",
      "(0.00000, -0.59614, 1.0085, 0.74525, 3.3075, -2.6227) :  lincomb_diff\n",
      "[      0.0      -0.0      -0.0      -0.0       0.0       0.0]\n",
      "[     -0.0   2288.28   1157.93    925.86    325.34  -4940.63]\n",
      "[     -0.0   1157.93   4388.74    869.59  -12011.8   5255.66]\n",
      "[     -0.0    925.86    869.59   3100.81  -4666.16  -1374.07]\n",
      "[      0.0    325.34  -12011.8  -4666.16  57827.92 -38359.58]\n",
      "[      0.0  -4940.63   5255.66  -1374.07 -38359.58  39056.66] :  Diff impact\n",
      "\n",
      "[-36   1  28 -28  22 -38]\n",
      "[ 35  31 -28 -41   1 -45]\n",
      "[ 16 -39 -19  30 -28 -35]\n",
      "[ 49 -27 -27  47   8  31]\n",
      "[ 43  -7   6  30 -46  33]\n",
      "[ 33 -50  10  47  22  28] :  B\n",
      "[ 4793   867 -1273 -4865 -4493 -2854]\n",
      "[  867  6677   200 -1680 -1641 -3840]\n",
      "[-1273   200  5047  2451  1880  2102]\n",
      "[-4865 -1680  2451  7093  4199  5950]\n",
      "[-4493 -1641  1880  4199  6039  3151]\n",
      "[-2854 -3840  2102  5950  3151  7166] :  G\n",
      "(1, 0, 0, 0, 1, 0) :  lincomb_LLL\n",
      "(2.5707, -0.42661, -0.25349, 2.6267, 1.0000, -1.7511) :  lincomb_cube\n",
      "(7, -6, 34, 2, -24, -5) :  sv_LLL\n",
      "(2.3890, 8.8663, 6.3098, 9.0593, -0.28387, -4.2205) :  sv_cube\n",
      "(-1.5707, 0.42661, 0.25349, -2.6267, 0.00000, 1.7511) :  lincomb_diff\n",
      "[ 11824.77   -580.95    506.86 -20071.59       0.0   7849.72]\n",
      "[  -580.95   1215.16     21.63   1882.53      -0.0  -2868.57]\n",
      "[   506.86     21.63    324.32  -1631.99       0.0    933.06]\n",
      "[-20071.59   1882.53  -1631.99  48937.58      -0.0 -27367.21]\n",
      "[      0.0      -0.0       0.0      -0.0       0.0       0.0]\n",
      "[  7849.72  -2868.57    933.06 -27367.21       0.0   21973.1] :  Diff impact\n",
      "\n",
      "[-23 -10  -4  42  36  46]\n",
      "[-31  21 -31  34   9   8]\n",
      "[ 34 -40 -38   3   0  46]\n",
      "[-10 -25  31  -9  28 -39]\n",
      "[ 45  39  22   2 -26  27]\n",
      "[ -5 -49  13  -9  43  -2] :  B\n",
      "[ 5821  2747  2012  -808 -1123  1631]\n",
      "[ 2747  3664  -246 -1542 -1208 -1212]\n",
      "[ 2012  -246  6325 -2339   382  1177]\n",
      "[ -808 -1542 -2339  4072 -2542  3041]\n",
      "[-1123 -1208   382 -2542  5439 -3040]\n",
      "[ 1631 -1212  1177  3041 -3040  4529] :  G\n",
      "(-1, 1, -1, -2, 1, 3) :  lincomb_LLL\n",
      "(-0.66538, 1.0000, -0.061208, -0.21671, 0.57849, 1.0569) :  lincomb_cube\n",
      "(8, 13, 10, -18, 20, 15) :  sv_LLL\n",
      "(5.1370, 6.2907, -6.2637, -0.53476, 9.3862, -3.4662) :  sv_cube\n",
      "(-0.33462, 0.00000, -0.93879, -1.7833, 0.42151, 1.9431) :  lincomb_diff\n",
      "[   651.77      -0.0    632.04   -482.15    158.39  -1060.45]\n",
      "[     -0.0       0.0       0.0       0.0      -0.0      -0.0]\n",
      "[   632.04       0.0   5574.42  -3915.81   -151.16   -2147.0]\n",
      "[  -482.15       0.0  -3915.81  12949.45   1910.77 -10537.17]\n",
      "[   158.39      -0.0   -151.16   1910.77    966.37  -2489.84]\n",
      "[ -1060.45      -0.0   -2147.0 -10537.17  -2489.84  17099.12] :  Diff impact\n",
      "\n",
      "[ 20 -48  32 -25 -16   3]\n",
      "[ -8  38 -47  -7  13 -30]\n",
      "[-24  43 -34  44 -43 -49]\n",
      "[ 20  43 -27 -32  24 -20]\n",
      "[  4 -49   9 -13   8   3]\n",
      "[-40  24 -44 -38  -4 -30] :  B\n",
      "[ 4618 -3611 -4191 -2172  2926 -2436]\n",
      "[-3611  4835  4027  3879 -2212  4414]\n",
      "[-4191  4027  9767   827 -3572  3458]\n",
      "[-2172  3879   827  4978 -1722  3140]\n",
      "[ 2926 -2212 -3572 -1722  2740 -1360]\n",
      "[-2436  4414  3458  3140 -1360  6472] :  G\n",
      "(-2, -4, 1, 2, 2, 1) :  lincomb_LLL\n",
      "(-2.9600, -5.7640, 1.7023, 3.4622, 3.3992, 1.0000) :  lincomb_cube\n",
      "(-24, -1, 10, -6, -3, 1) :  sv_LLL\n",
      "(-11.103, 2.5647, 11.421, -3.7291, 5.5137, -8.4220) :  sv_cube\n",
      "(0.95998, 1.7640, -0.70234, -1.4622, -1.3992, 0.00000) :  lincomb_diff\n",
      "[  4255.81   -6114.8   2825.72   3048.82  -3930.11      -0.0]\n",
      "[  -6114.8  15044.53  -4989.07 -10005.04   5459.38       0.0]\n",
      "[  2825.72  -4989.07   4817.87     849.3  -3510.15      -0.0]\n",
      "[  3048.82 -10005.04     849.3  10643.17  -3522.96      -0.0]\n",
      "[ -3930.11   5459.38  -3510.15  -3522.96   5363.95       0.0]\n",
      "[     -0.0       0.0      -0.0      -0.0       0.0       0.0] :  Diff impact\n",
      "\n",
      "[-23  44  15  41 -47  -5]\n",
      "[ 16 -15   5   7  38   6]\n",
      "[-18   3 -12  44 -15  -2]\n",
      "[ 20 -20  26   0  33  10]\n",
      "[ 32 -40 -21 -19 -44  -8]\n",
      "[ 16 -35 -13   2  16   3] :  B\n",
      "[ 6605 -2482  2885 -2551 -1482 -2788]\n",
      "[-2482  2035  -667  2064  -846  1356]\n",
      "[ 2885  -667  2642 -1247  -604  -395]\n",
      "[-2551  2064 -1247  2665  -638  1240]\n",
      "[-1482  -846  -604  -638  5426  1419]\n",
      "[-2788  1356  -395  1240  1419  1919] :  G\n",
      "(-4, 1, 5, 2, 2, -8) :  lincomb_LLL\n",
      "(-1.6979, 1.0000, 2.0426, 0.60865, 1.0090, -3.8924) :  lincomb_cube\n",
      "(-6, -16, -1, 9, 1, -4) :  sv_LLL\n",
      "(0.46942, 0.11914, 0.25647, 0.30110, 0.57294, -3.2587) :  sv_cube\n",
      "(-2.3021, 0.00000, 2.9574, 1.3914, 0.99096, -4.1076) :  lincomb_diff\n",
      "[ 35002.93       0.0 -19641.47   8170.78    3380.8  -26362.8]\n",
      "[      0.0       0.0      -0.0       0.0      -0.0      -0.0]\n",
      "[-19641.47      -0.0  23107.76  -5131.17  -1770.13   4798.36]\n",
      "[  8170.78       0.0  -5131.17   5159.08   -879.66  -7086.67]\n",
      "[   3380.8      -0.0  -1770.13   -879.66   5328.31  -5775.91]\n",
      "[ -26362.8      -0.0   4798.36  -7086.67  -5775.91  32377.33] :  Diff impact\n",
      "\n",
      "[ 16  -6   3 -14  31  24]\n",
      "[ -5 -41  47   1  21  13]\n",
      "[ -7 -20  17 -34 -47 -22]\n",
      "[ 46   9 -24  -1  48  37]\n",
      "[  2 -18  50 -27  16  48]\n",
      "[-45 -43 -17  21  11 -49] :  B\n",
      "[ 2034  1256 -1450  3000  2316 -1642]\n",
      "[ 1256  4526   347  -239  4011   804]\n",
      "[-1450   347  4587 -3946   306   733]\n",
      "[ 3000  -239 -3946  6447  1301 -3355]\n",
      "[ 2316  4011   306  1301  6117 -2909]\n",
      "[-1642   804   733 -3355 -2909  7126] :  G\n",
      "(4, 1, 0, -2, -2, -1) :  lincomb_LLL\n",
      "(1.8124, 1.0000, -0.11267, -0.96214, -1.4849, -0.74277) :  lincomb_cube\n",
      "(8, -4, 24, -20, 6, -12) :  sv_LLL\n",
      "(10.983, 0.38666, 11.996, 4.9131, 4.3684, -11.502) :  sv_cube\n",
      "(2.1876, 0.00000, 0.11267, -1.0379, -0.51513, -0.25723) :  lincomb_diff\n",
      "[ 9734.03      0.0  -357.41 -6811.31  -2609.9    924.0]\n",
      "[     0.0      0.0      0.0      0.0     -0.0     -0.0]\n",
      "[ -357.41      0.0    58.23   461.44   -17.76   -21.24]\n",
      "[-6811.31      0.0   461.44  6944.39   695.55  -895.69]\n",
      "[ -2609.9     -0.0   -17.76   695.55  1623.18  -385.47]\n",
      "[   924.0     -0.0   -21.24  -895.69  -385.47   471.52] :  Diff impact\n",
      "\n",
      "[ -1 -33  -6  41  28  28]\n",
      "[-49  20 -22  -1  -9  -1]\n",
      "[  9  12 -13 -30 -21 -36]\n",
      "[-38  44  24 -15 -18  34]\n",
      "[ 20 -10  25 -20  -9  -7]\n",
      "[-38  -7  34 -44  10  31] :  B\n",
      "[ 4375  -800 -3153 -1725 -1108  -591]\n",
      "[ -800  3368   340  2357 -1622   897]\n",
      "[-3153   340  3031  -522   776  -874]\n",
      "[-1725  2357  -522  5661  -376  3486]\n",
      "[-1108 -1622   776  -376  1655   733]\n",
      "[ -591   897  -874  3486   733  5646] :  G\n",
      "(2, 0, 2, 1, 1, 0) :  lincomb_LLL\n",
      "(0.29881, 0.58616, -0.069608, 0.051095, 1.0000, -0.23400) :  lincomb_cube\n",
      "(-2, -8, 11, -13, -13, 11) :  sv_LLL\n",
      "(-2.6968, -5.0867, 4.4870, 3.2828, -7.7066, -2.2302) :  sv_cube\n",
      "(1.7012, -0.58616, 2.0696, 0.94890, 0.00000, 0.23400) :  lincomb_diff\n",
      "[ 12661.44    797.73 -11101.06  -2784.61      -0.0   -235.26]\n",
      "[   797.73   1157.18   -412.46  -1310.98       0.0   -123.03]\n",
      "[-11101.06   -412.46   12982.6  -1025.13       0.0   -423.26]\n",
      "[ -2784.61  -1310.98  -1025.13   5097.27      -0.0    774.03]\n",
      "[     -0.0       0.0       0.0      -0.0       0.0       0.0]\n",
      "[  -235.26   -123.03   -423.26    774.03       0.0    309.14] :  Diff impact\n",
      "\n",
      "[-18 -28   8  26  49  37]\n",
      "[ 22 -41   7   7 -37  23]\n",
      "[  1  40 -31 -50 -43 -48]\n",
      "[ -8  28  33  17   7 -25]\n",
      "[  5  35  13  39  20 -45]\n",
      "[ 38  -6  27  13 -40  19] :  B\n",
      "[ 5618    28 -6569  -516  -637 -1219]\n",
      "[   28  4161 -1698 -1808 -2736  3279]\n",
      "[-6569 -1698  9215   138   352  -881]\n",
      "[ -516 -1808   138  2900  3297  -115]\n",
      "[ -637 -2736   352  3297  5365  -817]\n",
      "[-1219  3279  -881  -115  -817  4339] :  G\n",
      "(4, 1, 3, 0, 1, 1) :  lincomb_LLL\n",
      "(5.7012, 1.3406, 4.4261, 0.56973, 1.0000, 1.6907) :  lincomb_cube\n",
      "(-4, -4, -14, 13, 10, 1) :  sv_LLL\n",
      "(-4.0144, 3.2543, -4.7654, 6.9753, -4.2040, 2.2052) :  sv_cube\n",
      "(-1.7012, -0.34058, -1.4261, -0.56973, 0.00000, -0.69067) :  lincomb_diff\n",
      "[ 16258.12     16.22 -15936.03    -500.1       0.0  -1432.25]\n",
      "[    16.22    482.66    -824.7   -350.82       0.0    771.32]\n",
      "[-15936.03    -824.7  18739.95    112.12      -0.0   -867.72]\n",
      "[   -500.1   -350.82    112.12     941.3      -0.0    -45.25]\n",
      "[      0.0       0.0      -0.0      -0.0       0.0       0.0]\n",
      "[ -1432.25    771.32   -867.72    -45.25       0.0    2069.8] :  Diff impact\n",
      "\n",
      "[-42 -33   5  38  24 -49]\n",
      "[ -1 -25   0 -29  -3 -22]\n",
      "[-44  18  24  29  37   9]\n",
      "[ 30  35  10  39 -41  26]\n",
      "[ 42   7  34   6 -22 -50]\n",
      "[ 31  49  24  35   5  18] :  B\n",
      "[ 7299   771  2923 -3141   325 -2231]\n",
      "[  771  1960 -1556 -2485   775 -2682]\n",
      "[ 2923 -1556  5127  -602 -1996  1456]\n",
      "[-3141 -2485  -602  6103  1681  4513]\n",
      "[  325   775 -1996  1681  5989  1661]\n",
      "[-2231 -2682  1456  4513  1661  5512] :  G\n",
      "(-1, -2, 1, 0, 1, -2) :  lincomb_LLL\n",
      "(-1.0000, -4.7037, 0.42909, -1.0294, 1.7891, -2.5031) :  lincomb_cube\n",
      "(-20, 10, 5, -15, -13, 16) :  sv_LLL\n",
      "(-5.5121, 12.159, -4.2410, -6.1696, -3.6841, -4.9312) :  sv_cube\n",
      "(0.00000, 2.7037, 0.57091, 1.0294, -0.78909, 0.50311) :  lincomb_diff\n",
      "[     0.0      0.0      0.0     -0.0     -0.0     -0.0]\n",
      "[     0.0 14327.23 -2401.75 -6915.91 -1653.41 -3648.16]\n",
      "[     0.0 -2401.75  1671.07  -353.78   899.19    418.2]\n",
      "[    -0.0 -6915.91  -353.78   6466.7 -1365.41  2337.21]\n",
      "[    -0.0 -1653.41   899.19 -1365.41   3729.1  -659.41]\n",
      "[    -0.0 -3648.16    418.2  2337.21  -659.41  1395.19] :  Diff impact\n",
      "\n",
      "[ 37 -15 -15 -10  34 -21]\n",
      "[ 17  16  14  35  -9  17]\n",
      "[-45 -30  32  36   8  30]\n",
      "[-27 -41  37 -47 -15   3]\n",
      "[  5  23  -9  38  21  26]\n",
      "[-24 -10 -23  38  41 -48] :  B\n",
      "[ 3516  -834 -2413 -1042  -237  1629]\n",
      "[ -834  2336   901 -2056  1910  -745]\n",
      "[-2413   901  6209  1907  1113   900]\n",
      "[-1042 -2056  1907  6222 -3434 -2338]\n",
      "[ -237  1910  1113 -3434  3196   914]\n",
      "[ 1629  -745   900 -2338   914  6634] :  G\n",
      "(0, -1, 0, 0, 1, 0) :  lincomb_LLL\n",
      "(0.19759, -1.0000, 0.86815, -1.2902, -0.90215, -0.60900) :  lincomb_cube\n",
      "(-12, 7, -23, 3, 30, 9) :  sv_LLL\n",
      "(-3.8159, -6.7705, -14.793, -2.5076, -1.8981, 6.8005) :  sv_cube\n",
      "(-0.19759, 0.00000, -0.86815, 1.2902, 1.9022, 0.60900) :  lincomb_diff\n",
      "[  137.27      0.0  -413.92   265.63    89.08  -196.02]\n",
      "[     0.0      0.0     -0.0     -0.0      0.0     -0.0]\n",
      "[ -413.92     -0.0  4679.64 -2135.98 -1837.96  -475.83]\n",
      "[  265.63     -0.0 -2135.98 10356.95 -8427.46 -1837.01]\n",
      "[   89.08      0.0 -1837.96 -8427.46 11563.72  1058.78]\n",
      "[ -196.02     -0.0  -475.83 -1837.01  1058.78   2460.4] :  Diff impact\n",
      "\n",
      "[ 42   6  25   9  10  46]\n",
      "[ 15 -19 -20   2   5  37]\n",
      "[ 16 -49 -15 -26 -28  38]\n",
      "[ -4  15  20  22  21  -5]\n",
      "[ 32  -5 -21  45 -13 -13]\n",
      "[ 45  49  28  26 -41  -2] :  B\n",
      "[ 4722  1786  1237   600   466  2616]\n",
      "[ 1786  2384  2685  -781   539 -1043]\n",
      "[ 1237  2685  5786 -2449  -228 -1705]\n",
      "[  600  -781 -2449  1591   159   836]\n",
      "[  466   539  -228   159  3853  2336]\n",
      "[ 2616 -1043 -1705   836  2336  7571] :  G\n",
      "(0, -1, 1, 1, 0, 0) :  lincomb_LLL\n",
      "(0.70899, -1.0000, -0.11662, -0.74496, 0.33961, -0.43153) :  lincomb_cube\n",
      "(-3, -15, 25, -6, -12, -4) :  sv_LLL\n",
      "(7.3404, -5.0491, 5.3602, -4.9134, 2.9887, -8.6451) :  sv_cube\n",
      "(-0.70899, 0.00000, 1.1166, 1.7450, -0.33961, 0.43153) :  lincomb_diff\n",
      "[ 2373.59     -0.0   -979.3   -742.3    112.2  -800.36]\n",
      "[    -0.0      0.0      0.0     -0.0     -0.0     -0.0]\n",
      "[  -979.3      0.0  7214.21 -4771.78    86.46  -821.56]\n",
      "[  -742.3     -0.0 -4771.78  4844.43   -94.22   629.51]\n",
      "[   112.2     -0.0    86.46   -94.22   444.39  -342.34]\n",
      "[ -800.36     -0.0  -821.56   629.51  -342.34  1409.84] :  Diff impact\n",
      "\n",
      "[ 49  -4  15  41  45 -27]\n",
      "[ 37  31  50 -43  37 -31]\n",
      "[-24  -8 -33 -40  -5  39]\n",
      "[  1   6 -18  10  35  16]\n",
      "[ 31   0   6 -29  25  -1]\n",
      "[-29  -6 -12  35  43  10] :  B\n",
      "[ 7077  3178 -4557  1308  1572  1523]\n",
      "[ 3178  9009 -2460  -308  3650 -2083]\n",
      "[-4557 -2460  4875   571    54   -85]\n",
      "[ 1308  -308   571  1942   492  2166]\n",
      "[ 1572  3650    54   492  2464  -921]\n",
      "[ 1523 -2083   -85  2166  -921  4195] :  G\n",
      "(-4, -2, -5, 1, 6, 1) :  lincomb_LLL\n",
      "(-2.5636, -1.2414, -3.1701, 1.0000, 3.5347, 0.50979) :  lincomb_cube\n",
      "(8, -6, 11, -7, -1, -5) :  sv_LLL\n",
      "(0.33173, 0.074203, 1.1839, 0.41376, -0.15039, 1.6260) :  sv_cube\n",
      "(-1.4364, -0.75863, -1.8299, 0.00000, 2.4653, 0.49021) :  lincomb_diff\n",
      "[ 14602.47   3463.16 -11978.01      -0.0  -5566.77  -1072.44]\n",
      "[  3463.16   5184.87  -3414.94       0.0   -6826.3    774.65]\n",
      "[-11978.01  -3414.94  16323.33      -0.0    -243.6     76.25]\n",
      "[     -0.0       0.0      -0.0       0.0       0.0       0.0]\n",
      "[ -5566.77   -6826.3    -243.6       0.0  14974.93  -1113.03]\n",
      "[ -1072.44    774.65     76.25       0.0  -1113.03   1008.09] :  Diff impact\n",
      "\n",
      "[ 42  22  34  27   1   5]\n",
      "[-33  27  -1 -49  13 -24]\n",
      "[-20  20 -43 -13  20  -9]\n",
      "[ 28  11  32  23  -2 -10]\n",
      "[-18 -49  15  12  -9 -23]\n",
      "[ 40   1   6  40  12  28] :  B\n",
      "[ 4159 -2256 -2238  3075 -1124  3138]\n",
      "[-2256  4965  2356 -1572  -897 -3775]\n",
      "[-2238  2356  3299 -1965 -1394 -1570]\n",
      "[ 3075 -1572 -1965  2562   -39  1939]\n",
      "[-1124  -897 -1394   -39  3704  -951]\n",
      "[ 3138 -3775 -1570  1939  -951  4165] :  G\n",
      "(11, -1, 2, -10, 3, -3) :  lincomb_LLL\n",
      "(14.795, -1.0000, 2.7602, -13.236, 4.1445, -3.9046) :  lincomb_cube\n",
      "(1, -5, -4, 6, -5, 8) :  sv_LLL\n",
      "(-2.2000, 1.1198, 0.53387, 1.7073, -0.68365, 0.84241) :  sv_cube\n",
      "(-3.7953, 0.00000, -0.76024, 3.2361, -1.1445, 0.90464) :  lincomb_diff\n",
      "[ 59908.08       0.0  -6457.41 -37767.59   -4882.3 -10774.05]\n",
      "[      0.0       0.0      -0.0      -0.0       0.0      -0.0]\n",
      "[ -6457.41      -0.0    1906.7   4834.35  -1212.89   1079.76]\n",
      "[-37767.59      -0.0   4834.35  26830.64    144.44   5676.51]\n",
      "[  -4882.3       0.0  -1212.89    144.44   4851.67    984.62]\n",
      "[-10774.05      -0.0   1079.76   5676.51    984.62   3408.56] :  Diff impact\n",
      "\n",
      "[ 16 -20 -17 -23   5  40]\n",
      "[-45  30  27  20   0  15]\n",
      "[-39 -28  -5 -31  48 -20]\n",
      "[ 13 -27 -16 -48  20 -46]\n",
      "[ 38  -7 -17 -30 -43  -3]\n",
      "[-49  30  14 -19  -8  30] :  B\n",
      "[ 3099 -1639   174   384  1392   -25]\n",
      "[-1639  4279  -140 -3477 -3024  3553]\n",
      "[  174  -140  5995  3697 -2275   606]\n",
      "[  384 -3477  3697  5974  1673 -2299]\n",
      "[ 1392 -3024 -2275  1673  4540 -1486]\n",
      "[  -25  3553   606 -2299 -1486  4822] :  G\n",
      "(0, 1, 1, -1, 1, -1) :  lincomb_LLL\n",
      "(-0.77198, -1.6674, 0.52350, -1.0000, -0.022104, 0.67524) :  lincomb_cube\n",
      "(-10, -8, 7, 26, -7, 8) :  sv_LLL\n",
      "(-4.6605, -1.8296, -8.6855, 4.0117, -3.1832, -0.037292) :  sv_cube\n",
      "(0.77198, 2.6674, 0.47650, 0.00000, 1.0221, -1.6752) :  lincomb_diff\n",
      "[  1846.86  -3375.04     64.01       0.0   1098.35     32.33]\n",
      "[ -3375.04  30445.97   -177.94      -0.0  -8244.62 -15876.93]\n",
      "[    64.01   -177.94   1361.16       0.0  -1107.99   -483.74]\n",
      "[      0.0      -0.0       0.0       0.0       0.0       0.0]\n",
      "[  1098.35  -8244.62  -1107.99       0.0   4742.92   2544.44]\n",
      "[    32.33 -15876.93   -483.74       0.0   2544.44  13532.62] :  Diff impact\n",
      "\n",
      "[-25  19 -32 -46  24  48]\n",
      "[ 35  11  48 -43  14 -11]\n",
      "[-10  33  49 -36 -38  25]\n",
      "[-30  10 -34 -21  20  34]\n",
      "[-19 -20 -17 -49  20   7]\n",
      "[-11 -29   8   6  49 -35] :  B\n",
      "[ 7006  -416  1253  5106  3709 -1312]\n",
      "[ -416  5816  3106 -1763   609   493]\n",
      "[ 1253  3106  6955  -190  -124 -3408]\n",
      "[ 5106 -1763  -190  4153  2615  -568]\n",
      "[ 3709   609  -124  2615  3900  1094]\n",
      "[-1312   493 -3408  -568  1094  4688] :  G\n",
      "(6, -2, 0, -8, 0, 1) :  lincomb_LLL\n",
      "(4.5656, -1.6242, 0.22439, -5.9005, -0.40544, 1.0000) :  lincomb_cube\n",
      "(9, -17, -8, -16, 5, 3) :  sv_LLL\n",
      "(0.48650, -3.6103, 2.4427, 1.5196, 1.1910, 4.1717) :  sv_cube\n",
      "(1.4344, -0.37581, -0.22439, -2.0995, 0.40544, 0.00000) :  lincomb_diff\n",
      "[ 14414.15    224.24   -403.29 -15376.53   2156.95      -0.0]\n",
      "[   224.24     821.4    261.92  -1391.03    -92.79      -0.0]\n",
      "[  -403.29    261.92    350.19    -89.51     11.28       0.0]\n",
      "[-15376.53  -1391.03    -89.51  18306.19  -2225.94       0.0]\n",
      "[  2156.95    -92.79     11.28  -2225.94    641.08       0.0]\n",
      "[     -0.0      -0.0       0.0       0.0       0.0       0.0] :  Diff impact\n",
      "\n",
      "[-49  26  22  11 -24  20]\n",
      "[ 21   6   2  11 -30 -32]\n",
      "[-17 -25 -21  23 -19  36]\n",
      "[-36  20  26 -26   3 -30]\n",
      "[ 34 -32 -19 -27   9 -48]\n",
      "[-14   1   0  -7  34 -48] :  B\n",
      "[ 4658  -628  1150  1898 -4389 -1141]\n",
      "[ -628  2526  -878     0  1453   151]\n",
      "[ 1150  -878  3541 -2169 -1899 -2322]\n",
      "[ 1898     0 -2169  3957  -189  2248]\n",
      "[-4389  1453 -1899  -189  5655  2291]\n",
      "[-1141   151 -2322  2248  2291  3706] :  G\n",
      "(-11, 3, 5, 8, -7, -1) :  lincomb_LLL\n",
      "(-8.4337, 2.2945, 3.7812, 6.4355, -5.2452, -1.0000) :  lincomb_cube\n",
      "(5, -10, 0, 15, 6, 8) :  sv_LLL\n",
      "(1.1399, -4.4836, 6.6235, 0.73315, -0.16815, 0.73120) :  sv_cube\n",
      "(-2.5663, 0.70554, 1.2188, 1.5645, -1.7548, 0.00000) :  lincomb_diff\n",
      "[ 30676.72   1137.07   -3596.9  -7620.34 -19765.13       0.0]\n",
      "[  1137.07   1257.41   -754.99       0.0  -1798.94       0.0]\n",
      "[  -3596.9   -754.99   5259.89  -4135.79   4061.44      -0.0]\n",
      "[ -7620.34       0.0  -4135.79   9685.28    518.88       0.0]\n",
      "[-19765.13  -1798.94   4061.44    518.88   17413.7      -0.0]\n",
      "[      0.0       0.0      -0.0       0.0      -0.0       0.0] :  Diff impact\n",
      "\n",
      "[-21 -27 -26 -50 -11 -24]\n",
      "[-34 -30   7  13  -7  19]\n",
      "[-47  18  17 -30 -16  -9]\n",
      "[-41 -38  35   8 -23  23]\n",
      "[ 26  15  13 -23 -35 -38]\n",
      "[ -1   5  40  14 -46  -6] :  B\n",
      "[ 5043   313  1951   278  1158 -1204]\n",
      "[  313  2684   728  3481 -2019   554]\n",
      "[ 1951   728  4059  1759   861  1187]\n",
      "[  278  3481  1759  5472 -1434  2283]\n",
      "[ 1158 -2019   861 -1434  4268  2085]\n",
      "[-1204   554  1187  2283  2085  3974] :  G\n",
      "(-1, 1, 0, 1, 2, -2) :  lincomb_LLL\n",
      "(0.36060, -1.8988, -0.17960, 1.0000, -0.74237, 0.24261) :  lincomb_cube\n",
      "(0, -21, 14, -3, 3, 2) :  sv_LLL\n",
      "(4.8835, -3.9275, 9.3332, -8.8552, 4.0217, 6.6394) :  sv_cube\n",
      "(-1.3606, 2.8988, 0.17960, 0.00000, 2.7424, -2.2426) :  lincomb_diff\n",
      "[  9335.71   -1234.5   -476.75      -0.0   -4320.8  -3673.74]\n",
      "[  -1234.5   22553.7    379.01       0.0 -16050.19  -3601.48]\n",
      "[  -476.75    379.01    130.93       0.0    424.06   -478.09]\n",
      "[     -0.0       0.0       0.0       0.0      -0.0      -0.0]\n",
      "[  -4320.8 -16050.19    424.06      -0.0  32097.91 -12822.87]\n",
      "[ -3673.74  -3601.48   -478.09      -0.0 -12822.87  19986.39] :  Diff impact\n",
      "\n",
      "[-50  49  48 -33 -45  13]\n",
      "[-38  -6 -31  -2 -34 -17]\n",
      "[  1  18  -7  22  32   8]\n",
      "[ -1  -5  -2  -8 -16 -49]\n",
      "[-42 -17  27  42   2  29]\n",
      "[-35  39  16  39  45  13] :  B\n",
      "[10488  1493 -1566    56  1464  1286]\n",
      "[ 1493  3890 -1197  1523   216 -1229]\n",
      "[-1566 -1197  1946 -1157   683  2957]\n",
      "[   56  1523 -1157  2751 -1716 -1861]\n",
      "[ 1464   216   683 -1716  5391  3344]\n",
      "[ 1286 -1229  2957 -1861  3344  6717] :  G\n",
      "(1, 0, 6, 1, 1, -3) :  lincomb_LLL\n",
      "(0.69357, -0.18460, 3.7180, 1.0000, 0.88694, -1.9678) :  lincomb_cube\n",
      "(18, 18, -17, 16, -2, 2) :  sv_LLL\n",
      "(6.6765, 5.1936, 3.4499, 11.784, -8.7361, -6.9620) :  sv_cube\n",
      "(0.30643, 0.18460, 2.2820, 0.00000, 0.11306, -1.0322) :  lincomb_diff\n",
      "[  984.85    84.45 -1095.08      0.0    50.72  -406.76]\n",
      "[   84.45   132.55  -504.24      0.0     4.51   234.17]\n",
      "[-1095.08  -504.24 10133.89     -0.0   176.22 -6965.07]\n",
      "[     0.0      0.0     -0.0      0.0     -0.0      0.0]\n",
      "[   50.72     4.51   176.22     -0.0    68.91  -390.25]\n",
      "[ -406.76   234.17 -6965.07      0.0  -390.25  7156.33] :  Diff impact\n",
      "\n",
      "[-47  32 -18  24 -26   5]\n",
      "[-30 -19 -28   2 -40  29]\n",
      "[-42  19   9  30   8  42]\n",
      "[ 21 -41  -9 -22  30  -5]\n",
      "[-29 -50 -26  48 -26  50]\n",
      "[-44 -36 -33  -1  47  10] :  B\n",
      "[ 4834  2539  3142 -3470  2309   314]\n",
      "[ 2539  4490  1605  -988  5134  1336]\n",
      "[ 3142  1605  4934 -2372  3366  1633]\n",
      "[-3470  -988 -2372  3612  -411  2231]\n",
      "[ 2309  5134  3366  -411  9497  3164]\n",
      "[  314  1336  1633  2231  3164  6631] :  G\n",
      "(-1, 0, -1, -2, 0, 1) :  lincomb_LLL\n",
      "(-2.3111, 0.28337, -1.0000, -3.7135, 0.10309, 1.4988) :  lincomb_cube\n",
      "(3, -5, -6, -11, 5, -27) :  sv_LLL\n",
      "(-4.7999, -5.1990, 5.9458, 0.24613, -2.8855, -6.6277) :  sv_cube\n",
      "(1.3111, -0.28337, 0.00000, 1.7135, -0.10309, -0.49884) :  lincomb_diff\n",
      "[  8310.0  -943.32      0.0 -7795.86  -312.09  -205.37]\n",
      "[ -943.32   360.53     -0.0   479.73   149.97   188.85]\n",
      "[     0.0     -0.0      0.0     -0.0     -0.0     -0.0]\n",
      "[-7795.86   479.73     -0.0 10605.28     72.6 -1906.98]\n",
      "[ -312.09   149.97     -0.0     72.6   100.93   162.71]\n",
      "[ -205.37   188.85     -0.0 -1906.98   162.71  1650.06] :  Diff impact\n",
      "\n",
      "[ 23 -24 -14  30   1  -9]\n",
      "[ -5  -5 -41 -49  -8 -45]\n",
      "[-22 -30  -1 -19 -17 -40]\n",
      "[-27  -6  -7  -4   3 -39]\n",
      "[ 34 -15  -7  34   2 -20]\n",
      "[  8  -8  -7 -47 -19   7] :  B\n",
      "[ 2283  -494     1  -145  2442 -1018]\n",
      "[ -494  6221  3168  2379  -590  2427]\n",
      "[    1  3168  3635  2366  -171  1007]\n",
      "[ -145  2379  2366  2360  -129  -261]\n",
