B:[  2   6  43  -6  -9]
[-42  42  39  27  32]
[-33 -14 -37 -38  47]
[ 43 -10  46   0 -11]
[ -2  45 -40  30 -22]
G:[ 2006  1395 -1936  2103 -1436]
[ 1395  6802  -167  -784   520]
[-1936  -167  6307 -3498 -1258]
[ 2103  -784 -3498  4186 -2134]
[-1436   520 -1258 -2134  5013]
The linear combination given by LLL:(1, 0, 1, 1, 1)
The linear combination suggested by cube:(1.0000, -0.24017, 0.27791, -0.15435, 0.31540)
The difference:(0.00000, 0.24017, 0.72209, 1.1543, 0.68460)
Shortest vector given by LLL:(10, 27, 12, -14, 5)

B:[  2   6  43  -6  -9]
[-42  42  39  27  32]
[-33 -14 -37 -38  47]
[ 43 -10  46   0 -11]
[ -2  45 -40  30 -22]
G:[ 2006  1395 -1936  2103 -1436]
[ 1395  6802  -167  -784   520]
[-1936  -167  6307 -3498 -1258]
[ 2103  -784 -3498  4186 -2134]
[-1436   520 -1258 -2134  5013]
The linear combination given by LLL:(1, 0, 1, 1, 1)
The linear combination suggested by cube:(-0.21455, 0.13567, 0.59182, 1.0000, 0.49868)
The difference:(1.2146, -0.13567, 0.40818, 0.00000, 0.50132)
Shortest vector given by LLL:(10, 27, 12, -14, 5)

B:[ 30  33 -36   2 -35]
[ 19  42  23  -4 -25]
[-50  21  19  47 -29]
[-37 -23 -22  25 -13]
[-22  10  12   2 -16]
G:[ 4514  1995  -382  -572  -198]
[ 1995  3295   906 -1950   670]
[ -382   906  6352  2501  2096]
[ -572 -1950  2501  3176   578]
[ -198   670  2096   578   988]
The linear combination given by LLL:(-1, 3, -1, 3, -2)
The linear combination suggested by cube:(-0.78904, 2.0182, -0.36322, 1.7470, -2.0000)
The difference:(-0.21096, 0.98183, -0.63678, 1.2530, 0.00000)
Shortest vector given by LLL:(10, -17, -4, 10, -18)

B:[-20  -7 -40 -18 -13]
[-34 -16 -34 -14 -16]
[-25 -27 -32 -39 -27]
[ 27 -47  23 -10  49]
[-50  44 -47  49   8]
G:[ 2542  2612  3022 -1588  1586]
[ 2612  3020  3348 -1592  1780]
[ 3022  3348  4628 -1075  -561]
[-1588 -1592 -1075  5968 -4597]
[ 1586  1780  -561 -4597  9110]
The linear combination given by LLL:(-1, 1, 0, 0, 0)
The linear combination suggested by cube:(-1.0000, -1.6448, 1.9787, 0.20788, 0.72221)
The difference:(0.00000, 2.6448, -1.9787, -0.20788, -0.72221)
Shortest vector given by LLL:(-14, -9, 6, 4, -3)

B:[-20  -7 -40 -18 -13]
[-34 -16 -34 -14 -16]
[-25 -27 -32 -39 -27]
[ 27 -47  23 -10  49]
[-50  44 -47  49   8]
G:[ 2542  2612  3022 -1588  1586]
[ 2612  3020  3348 -1592  1780]
[ 3022  3348  4628 -1075  -561]
[-1588 -1592 -1075  5968 -4597]
[ 1586  1780  -561 -4597  9110]
The linear combination given by LLL:(-1, 1, 0, 0, 0)
The linear combination suggested by cube:(0.42220, 1.0000, -1.0746, -0.11868, -0.39495)
The difference:(-1.4222, 0.00000, 1.0746, 0.11868, 0.39495)
Shortest vector given by LLL:(-14, -9, 6, 4, -3)

B:[ -9  50 -28  48  25]
[  8  48  -1 -16  -5]
[  2 -28 -16  45  31]
[-23   5  47   5  -4]
[-13  22  24 -18 -23]
G:[ 6294  1463  1965  -719  -894]
[ 1463  2650 -2187   -51  1331]
[ 1965 -2187  4030  -837 -2549]
[ -719   -51  -837  2804  1539]
[ -894  1331 -2549  1539  2082]
The linear combination given by LLL:(0, 0, -1, 1, -2)
The linear combination suggested by cube:(0.66872, -0.90889, -2.3492, 1.0000, -2.7471)
The difference:(-0.66872, 0.90889, 1.3492, 0.00000, 0.74708)
Shortest vector given by LLL:(1, -11, 15, -4, 11)

B:[ 10  -1 -36  36 -34]
[ 23   1   9  20 -38]
[ 44  10  36  -9 -45]
[  8 -34  46  39  12]
[-31  23 -27 -27 -11]
G:[ 3849  1917   340  -546    41]
[ 1917  2455  2876   888 -1055]
[  340  2876  5438   777 -1368]
[ -546   888   777  5001 -3457]
[   41 -1055 -1368 -3457  3069]
The linear combination given by LLL:(1, -2, 1, 1, 1)
The linear combination suggested by cube:(1.5609, -3.1510, 1.6124, 1.0000, 0.74113)
The difference:(-0.56087, 1.1510, -0.61242, 0.00000, 0.25887)
Shortest vector given by LLL:(-15, -4, 1, -1, -2)

B:[ 10  -1 -36  36 -34]
[ 23   1   9  20 -38]
[ 44  10  36  -9 -45]
[  8 -34  46  39  12]
[-31  23 -27 -27 -11]
G:[ 3849  1917   340  -546    41]
[ 1917  2455  2876   888 -1055]
[  340  2876  5438   777 -1368]
[ -546   888   777  5001 -3457]
[   41 -1055 -1368 -3457  3069]
The linear combination given by LLL:(1, -2, 1, 1, 1)
The linear combination suggested by cube:(1.9620, -3.9541, 2.0356, 1.2913, 1.0000)
The difference:(-0.96204, 1.9541, -1.0356, -0.29131, 0.00000)
Shortest vector given by LLL:(-15, -4, 1, -1, -2)

B:[-32  41 -44   0  47]
[-42 -11 -10  41  40]
[-11  28  28 -38   2]
[  9  36  26 -35 -33]
[ 17  -4  23  -1 -34]
G:[ 6850  3213   362 -1507 -3318]
[ 3213  5266 -1604 -3789 -2301]
[  362 -1604  3137  2901   315]
[-1507 -3789  2901  4367  1764]
[-3318 -2301   315  1764  1991]
The linear combination given by LLL:(-3, 1, -3, 5, -8)
The linear combination suggested by cube:(-2.0858, 1.0000, -2.1095, 3.6623, -5.2312)
The difference:(-0.91425, 0.00000, -0.89054, 1.3377, -2.7688)
Shortest vector given by LLL:(-4, -6, -16, -12, 0)

B:[  9   8   7 -30  35]
[ 22  45 -43 -21  47]
[  7  24  24  22 -30]
[ 45  11  49 -43   5]
[ 28  34  38   4 -46]
G:[ 2319  2532 -1287  2301  -940]
[ 2532  7008 -1670   516 -1734]
[-1287 -1670  2585   659  3392]
[ 2301   516   659  6421  3094]
[ -940 -1734  3392  3094  5516]
The linear combination given by LLL:(-1, 0, 2, 1, -2)
The linear combination suggested by cube:(-1.0000, 0.24237, 0.54579, 0.67147, -0.80649)
The difference:(0.00000, -0.24237, 1.4542, 0.32853, -1.1935)
Shortest vector given by LLL:(-6, -17, 14, 23, 2)

B:[-45 -43 -28  -6  43]
[-24  20 -42   3 -16]
[-50 -47  30   0 -32]
[ -2  10  30 -10 -39]
[ 35  50  49  -4 -41]
G:[ 6543   690  2055 -2797 -6836]
[  690  3005  -488  -418 -1254]
[ 2055  -488  6633  1778 -1318]
[-2797  -418  1778  2625  3539]
[-6836 -1254 -1318  3539  7823]
The linear combination given by LLL:(1, 0, 0, 0, 1)
The linear combination suggested by cube:(0.39392, 0.23052, 0.40646, -1.1671, 1.0000)
The difference:(0.60608, -0.23052, -0.40646, 1.1671, 0.00000)
Shortest vector given by LLL:(-10, 7, 21, -10, 2)

B:[ 17  19  49 -31   6]
[ 37  48  23 -42  37]
[-41   4  40  46  46]
[ 21  40  37 -41  28]
[ 43  23 -16  23  39]
G:[4048 4192  189 4369  -95]
[4192 7335 -635 6306 2804]
[ 189 -635 7529  181  541]
[4369 6306  181 5875 1380]
[ -95 2804  541 1380 4684]
The linear combination given by LLL:(-1, -1, 0, 2, 0)
The linear combination suggested by cube:(-1.0000, -3.6741, -0.45804, 4.4877, 0.90991)
The difference:(0.00000, 2.6741, 0.45804, -2.4877, -0.90991)
Shortest vector given by LLL:(-12, 13, 2, -9, 13)

B:[ 16  32 -17 -45  16]
[ 33  27 -47  12 -40]
[-15  44   0 -15 -16]
[-36 -30  43  15  -1]
[ 31  19  19 -10  36]
G:[ 3850  1011  1587 -2958  1807]
[ 1011  5771  1153 -3799  -917]
[ 1587  1153  2642  -989   -55]
[-2958 -3799  -989  4271 -1055]
[ 1807  -917   -55 -1055  3079]
The linear combination given by LLL:(2, 1, -1, 2, 0)
The linear combination suggested by cube:(0.98700, 1.0000, -0.45330, 1.5257, 0.23325)
The difference:(1.0130, 0.00000, -0.54670, 0.47429, -0.23325)
Shortest vector given by LLL:(8, -13, 5, -33, 6)

B:[ 20  32 -31  44  12]
[-36 -30  -6 -47   3]
[ 30   9  27  36   7]
[-44  46  37  37 -46]
[-37  -3 -44 -19 -21]
G:[ 4465 -3526  1719   521  -560]
[-3526  4450 -3183 -1895  2516]
[ 1719 -3183  3055  1103 -3156]
[  521 -1895  1103  8906   125]
[ -560  2516 -3156   125  4116]
The linear combination given by LLL:(0, 1, 2, 0, 1)
The linear combination suggested by cube:(0.42716, 1.0000, 0.98896, 0.062455, 0.20324)
The difference:(-0.42716, 0.00000, 1.0110, -0.062455, 0.79676)
Shortest vector given by LLL:(-13, -15, 4, 6, -4)

B:[  2  31 -38  35  -4]
[ 33 -16  40  40 -28]
[-39   3  11  28 -24]
[-48 -10 -33 -50  40]
[ 41  -6  24 -29  30]
G:[ 3650  -438   673 -1062 -2151]
[ -438  5329   897 -5864   409]
[  673   897  3011  -881 -2885]
[-1062 -5864  -881  7593   -50]
[-2151   409 -2885   -50  4034]
The linear combination given by LLL:(1, 1, 1, 1, 1)
The linear combination suggested by cube:(0.41896, 1.0000, -0.076989, 0.82246, 0.077142)
The difference:(0.58104, 0.00000, 1.0770, 0.17754, 0.92286)
Shortest vector given by LLL:(-11, 2, 4, 24, 14)

B:[  2  31 -38  35  -4]
[ 33 -16  40  40 -28]
[-39   3  11  28 -24]
[-48 -10 -33 -50  40]
[ 41  -6  24 -29  30]
G:[ 3650  -438   673 -1062 -2151]
[ -438  5329   897 -5864   409]
[  673   897  3011  -881 -2885]
[-1062 -5864  -881  7593   -50]
[-2151   409 -2885   -50  4034]
The linear combination given by LLL:(1, 1, 1, 1, 1)
The linear combination suggested by cube:(0.37468, -0.11077, 1.0000, 0.088990, 0.92729)
The difference:(0.62532, 1.1108, 0.00000, 0.91101, 0.072707)
Shortest vector given by LLL:(-11, 2, 4, 24, 14)

B:[ 23 -30   5 -44 -13]
[-43   1 -12  35  17]
[-46  44  35   6 -41]
[-46 -25 -25  44  35]
[-34 -30 -40  21  25]
G:[ 3559 -2840 -1934 -2824 -1331]
[-2840  3508  1115  4388  3072]
[-1934  1115  6994 -1030 -2055]
[-2824  4388 -1030  6527  5113]
[-1331  3072 -2055  5113  4722]
The linear combination given by LLL:(-1, -5, 1, 3, 0)
The linear combination suggested by cube:(-1.0000, -3.6201, 0.72881, 1.6044, 0.65316)
The difference:(0.00000, -1.3799, 0.27119, 1.3956, -0.65316)
Shortest vector given by LLL:(8, -6, 15, 7, -8)

B:[ 30  17  42 -10 -23]
[ 17 -16 -20 -11 -22]
[-40  22  13 -15  49]
[-43  19  50  47   4]
[  2  19  -7  50 -10]
G:[ 3582    14 -1257   571  -181]
[   14  1550 -2205 -2640  -460]
[-1257 -2205  4879  2279  -993]
[  571 -2640  2279  6935  2235]
[ -181  -460  -993  2235  3014]
The linear combination given by LLL:(0, 3, 1, 1, 0)
The linear combination suggested by cube:(0.32744, 1.9794, 1.0000, 0.24710, 0.46799)
The difference:(-0.32744, 1.0206, 0.00000, 0.75290, -0.46799)
Shortest vector given by LLL:(-32, -7, 3, -1, -13)

B:[ 50  50  -7   0 -10]
[ 35 -20  42 -11  38]
[  5  20 -18 -48 -15]
[ 23   6  41  -6  28]
[-50   9 -39 -29 -41]
G:[ 5149    76  1526   883 -1367]
[   76  4954 -1023  3537 -4807]
[ 1526 -1023  3278  -635  2639]
[  883  3537  -635  3066 -3669]
[-1367 -4807  2639 -3669  6624]
The linear combination given by LLL:(2, 4, -3, -1, 4)
The linear combination suggested by cube:(1.1103, 2.2391, -1.5583, -1.0000, 1.9210)
The difference:(0.88974, 1.7609, -1.4417, 0.00000, 2.0790)
Shortest vector given by LLL:(2, -10, 11, -10, -15)

B:[-36 -40  42  29 -14]
[-23  37 -36 -17   0]
[ 20   8 -26 -13  26]
[ 26  31 -43 -48  28]
[-49 -24 -23  35  -8]
G:[ 5697 -2657 -2873 -5766  2885]
[-2657  3483   993  2913   472]
[-2873   993  1985  3238 -1237]
[-5766  2913  3238  6574 -2933]
[ 2885   472 -1237 -2933  4795]
The linear combination given by LLL:(1, 0, 0, 1, 0)
The linear combination suggested by cube:(1.0000, 0.67241, 1.1107, -0.18988, -0.49746)
The difference:(0.00000, -0.67241, -1.1107, 1.1899, 0.49746)
Shortest vector given by LLL:(-10, -9, -1, -19, 14)

B:[-36 -40  42  29 -14]
[-23  37 -36 -17   0]
[ 20   8 -26 -13  26]
[ 26  31 -43 -48  28]
[-49 -24 -23  35  -8]
G:[ 5697 -2657 -2873 -5766  2885]
[-2657  3483   993  2913   472]
[-2873   993  1985  3238 -1237]
[-5766  2913  3238  6574 -2933]
[ 2885   472 -1237 -2933  4795]
The linear combination given by LLL:(1, 0, 0, 1, 0)
The linear combination suggested by cube:(-0.098838, -0.62854, -1.1952, 1.0000, 0.42468)
The difference:(1.0988, 0.62854, 1.1952, 0.00000, -0.42468)
Shortest vector given by LLL:(-10, -9, -1, -19, 14)

B:[ 12  26  15  27   1]
[ 39  49  45  36  50]
[ 50  48  31 -38  31]
[ 47 -29   1  43  44]
[ 20  -9   2 -20  33]
G:[1775 3439 1318 1030 -471]
[3439 9743 5879 4205 1359]
[1318 5879 8170  719 2413]
[1030 4205  719 6836 1795]
[-471 1359 2413 1795 1974]
The linear combination given by LLL:(-4, 1, 1, 1, -4)
The linear combination suggested by cube:(-5.2379, 1.3957, 1.0550, 1.0000, -4.4096)
The difference:(1.2379, -0.39568, -0.055048, 0.00000, 0.40962)
Shortest vector given by LLL:(8, 0, 9, 13, -11)

B:[ 34  19  16 -22 -26]
[-24 -48  13  38 -10]
[-32  16 -17  39 -14]
[ 38 -30  12  23  12]
[ 43 -48   4  23  36]
G:[ 2933 -2096 -1550    96  -828]
[-2096  4593  1401  1438  1838]
[-1550  1401  3286 -1171 -1819]
[   96  1438 -1171  3161  4083]
[ -828  1838 -1819  4083  5994]
The linear combination given by LLL:(1, 0, 1, -2, 2)
The linear combination suggested by cube:(1.7903, 0.49546, 1.0000, -3.5337, 2.8059)
The difference:(-0.79032, -0.49546, 0.00000, 1.5337, -0.80592)
Shortest vector given by LLL:(12, -1, -17, 17, 8)

B:[-18  24 -47   7 -12]
[ 50  25  15  16  35]
[ 42 -16  -6  40   0]
[-44  19  41  18  39]
[ 24 -32  48 -32   7]
G:[ 3302 -1313  -578 -1021 -3764]
[-1313  4831  2250   543   853]
[ -578  2250  3656 -1678   -48]
[-1021   543 -1678  5823     1]
[-3764   853   -48     1  4977]
The linear combination given by LLL:(4, 0, 1, 1, 3)
The linear combination suggested by cube:(2.9631, -0.15481, 1.0000, 0.82176, 2.2770)
The difference:(1.0369, 0.15481, 0.00000, 0.17824, 0.72305)
Shortest vector given by LLL:(-2, 3, -9, -10, 12)

B:[-19 -43 -15  13  36]
[  7  21 -44 -16  14]
[ 21  43  36 -16 -31]
[  7  33  47 -22 -22]
[-28 -31  32 -25  36]
G:[ 3900   -80 -4112 -3335  2356]
[  -80  2878  -712 -1282 -1351]
[-4112  -712  4803  4292 -1485]
[-3335 -1282  4292  4315    43]
[ 2356 -1351 -1485    43  4690]
The linear combination given by LLL:(0, 0, 3, -3, 1)
The linear combination suggested by cube:(-1.3910, -0.36999, 1.8032, -3.0000, 1.1907)
The difference:(1.3910, 0.36999, 1.1968, 0.00000, -0.19065)
Shortest vector given by LLL:(14, -1, -1, -7, 9)

B:[-19 -43 -15  13  36]
[  7  21 -44 -16  14]
[ 21  43  36 -16 -31]
[  7  33  47 -22 -22]
[-28 -31  32 -25  36]
G:[ 3900   -80 -4112 -3335  2356]
[  -80  2878  -712 -1282 -1351]
[-4112  -712  4803  4292 -1485]
[-3335 -1282  4292  4315    43]
[ 2356 -1351 -1485    43  4690]
The linear combination given by LLL:(0, 0, 3, -3, 1)
The linear combination suggested by cube:(-1.3373, -0.30700, 1.1947, -2.3231, 1.0000)
The difference:(1.3373, 0.30700, 1.8053, -0.67695, 0.00000)
Shortest vector given by LLL:(14, -1, -1, -7, 9)

B:[ 32  -1  -2 -21  41]
[ 37  15  46 -15 -46]
[ 48 -27   7 -42  45]
[  3 -22  -1 -28  41]
[ 34   3  50  26  37]
G:[ 3151  -494  4276  2389  1956]
[ -494  6051   253 -1731  1511]
[ 4276   253  6871  3752  2474]
[ 2389 -1731  3752  2959   775]
[ 1956  1511  2474   775  5710]
The linear combination given by LLL:(-1, 0, 0, 1, 0)
The linear combination suggested by cube:(-1.0000, -0.25769, 0.80732, -0.39714, 0.11486)
The difference:(0.00000, 0.25769, -0.80732, 1.3971, -0.11486)
Shortest vector given by LLL:(-29, -21, 1, -7, 0)

B:[ 48  29 -30  41 -18]
[-21  23  -8  34   4]
[ 16   1 -20   5  10]
[-26   7 -13  -2  11]
[-21  30  24  49  45]
G:[6050 1221 1422 -935  341]
[1221 2206   57  787 2785]
[1422   57  782  -49  -91]
[-935  787  -49 1019  841]
[ 341 2785  -91  841 6343]
The linear combination given by LLL:(0, 0, 1, 0, 0)
The linear combination suggested by cube:(-0.57179, 0.95661, 1.0000, -1.0173, -0.24006)
The difference:(0.57179, -0.95661, 0.00000, 1.0173, 0.24006)
Shortest vector given by LLL:(16, 1, -20, 5, 10)

B:[ 11 -35  17 -43 -38]
[  8 -18   6 -22  29]
[ 39 -41   2 -16 -37]
[ 42 -29 -45 -21  19]
[ 28  26  -3  50   3]
G:[ 4928   664  3992   893 -2917]
[  664  1749   341  1601 -1275]
[ 3992   341  4831  2370  -891]
[  893  1601  2370  5432  -436]
[-2917 -1275  -891  -436  3978]
The linear combination given by LLL:(2, -1, -2, 1, 1)
The linear combination suggested by cube:(0.40060, -1.0000, -0.49063, 0.43581, -0.088889)
The difference:(1.5994, 0.00000, -1.5094, 0.56419, 1.0889)
Shortest vector given by LLL:(6, 27, -24, -3, -9)

B:[-48  12   3 -10  45]
[ 50   2  46   8 -29]
[-17 -37 -29   0 -33]
[-15  14 -45  15  34]
[ 37  -6 -39  16  19]
G:[ 4582 -3623 -1200  2133 -1270]
[-3623  5525 -1301 -3658  -379]
[-1200 -1301  3588   -80    97]
[ 2133 -3658   -80  3827  2002]
[-1270  -379    97  2002  3543]
The linear combination given by LLL:(1, 0, 0, -1, 1)
The linear combination suggested by cube:(-0.37032, -1.0039, -0.51935, -1.0000, 0.33914)
The difference:(1.3703, 1.0039, 0.51935, 0.00000, 0.66086)
Shortest vector given by LLL:(4, -8, 9, -9, 30)

B:[  2  -9 -32  48  38]
[ 31 -23 -14 -25 -11]
[-45  24  -9 -38  -2]
[-24  34  14 -18  27]
[ 46 -44 -45 -42  44]
G:[ 4857  -901 -1918  -640  1584]
[ -901  2432  -849 -1569  3634]
[-1918  -849  4130  2400 -1213]
[ -640 -1569  2400  2981 -1286]
[ 1584  3634 -1213 -1286  9777]
The linear combination given by LLL:(1, 3, 0, 1, -1)
The linear combination suggested by cube:(0.70285, 1.9540, -0.063462, 1.0000, -0.71649)
The difference:(0.29715, 1.0460, 0.063462, 0.00000, -0.28351)
Shortest vector given by LLL:(25, 0, -15, -3, -12)

B:[-50  37  -7  46 -38]
[-24 -39 -47 -35  43]
[ 18  18  14 -36 -21]
[ 12 -13 -12 -43  43]
[ 20   2  22  29 -29]
G:[ 7478 -3158 -1190 -4609  1356]
[-3158  7380 -1435  4137 -3854]
[-1190 -1435  2581   459   269]
[-4609  4137   459  4155 -2544]
[ 1356 -3854   269 -2544  2570]
The linear combination given by LLL:(1, 0, 0, 2, 1)
The linear combination suggested by cube:(0.50161, 0.24228, 0.098753, 0.91656, 1.0000)
The difference:(0.49839, -0.24228, -0.098753, 1.0834, 0.00000)
Shortest vector given by LLL:(-6, 13, -9, -11, 19)

B:[ -6  20  25  -9 -50]
[-18  12  49  -1  40]
[ 29  -2  33  25 -31]
[ 33 -29 -27   5 -13]
[  8 -50  -9   2  45]
G:[ 3642  -418  1936  -848 -3541]
[ -418  4470  -194 -2790   613]
[ 1936  -194  3520   652 -1310]
[ -848 -2790   652  2853  1382]
[-3541   613 -1310  1382  4674]
The linear combination given by LLL:(1, 0, 0, 0, 1)
The linear combination suggested by cube:(0.19160, -1.1203, 0.50867, -1.6393, 1.0000)
The difference:(0.80840, 1.1203, -0.50867, 1.6393, 0.00000)
Shortest vector given by LLL:(2, -30, 16, -7, -5)

B:[-37  16  -1  49 -39]
[ 41  -3  49 -43   0]
[ 42  11  24  14  19]
[ 25   4   8  -8  35]
[ 33  26   3  49   4]
G:[ 5548 -3721 -1457 -2626  1437]
[-3721  5940  2263  1749  -685]
[-1457  2263  3018  1839  2506]
[-2626  1749  1839  1994   701]
[ 1437  -685  2506   701  4191]
The linear combination given by LLL:(0, -1, 3, -1, -2)
The linear combination suggested by cube:(-0.30517, -0.40295, 1.1779, -1.0000, -0.49830)
The difference:(0.30517, -0.59705, 1.8221, 0.00000, -1.5017)
Shortest vector given by LLL:(-6, -20, 9, -5, 14)

B:[-12 -16  -8   6   9]
[-30 -11 -36 -33 -16]
[ 49  12  41  49  49]
[-15  12  25  19  -6]
[-37 -40 -49 -15   2]
G:[  581   482  -373  -152  1404]
[  482  3662 -5479 -1113  3777]
[ -373 -5479  9028  1071 -4939]
[ -152 -1113  1071  1391 -1447]
[ 1404  3777 -4939 -1447  5599]
The linear combination given by LLL:(-2, 1, 1, 1, 1)
The linear combination suggested by cube:(-2.0000, -0.27442, 0.26338, 0.43090, 1.0303)
The difference:(0.00000, 1.2744, 0.73662, 0.56910, -0.030327)
Shortest vector given by LLL:(-9, 5, -3, 8, 11)

B:[-12 -16  -8   6   9]
[-30 -11 -36 -33 -16]
[ 49  12  41  49  49]
[-15  12  25  19  -6]
[-37 -40 -49 -15   2]
G:[  581   482  -373  -152  1404]
[  482  3662 -5479 -1113  3777]
[ -373 -5479  9028  1071 -4939]
[ -152 -1113  1071  1391 -1447]
[ 1404  3777 -4939 -1447  5599]
The linear combination given by LLL:(-2, 1, 1, 1, 1)
The linear combination suggested by cube:(1.4287, 1.0000, 0.18954, -0.12332, -0.89752)
The difference:(-3.4287, 0.00000, 0.81046, 1.1233, 1.8975)
Shortest vector given by LLL:(-9, 5, -3, 8, 11)

B:[-12 -16  -8   6   9]
[-30 -11 -36 -33 -16]
[ 49  12  41  49  49]
[-15  12  25  19  -6]
[-37 -40 -49 -15   2]
G:[  581   482  -373  -152  1404]
[  482  3662 -5479 -1113  3777]
[ -373 -5479  9028  1071 -4939]
[ -152 -1113  1071  1391 -1447]
[ 1404  3777 -4939 -1447  5599]
The linear combination given by LLL:(-2, 1, 1, 1, 1)
The linear combination suggested by cube:(-3.6975, 0.51111, 1.0000, 1.0373, 1.7326)
The difference:(1.6975, 0.48889, 0.00000, -0.037334, -0.73262)
Shortest vector given by LLL:(-9, 5, -3, 8, 11)

B:[-12 -16  -8   6   9]
[-30 -11 -36 -33 -16]
[ 49  12  41  49  49]
[-15  12  25  19  -6]
[-37 -40 -49 -15   2]
G:[  581   482  -373  -152  1404]
[  482  3662 -5479 -1113  3777]
[ -373 -5479  9028  1071 -4939]
[ -152 -1113  1071  1391 -1447]
[ 1404  3777 -4939 -1447  5599]
The linear combination given by LLL:(-2, 1, 1, 1, 1)
The linear combination suggested by cube:(-3.8369, -0.21092, 0.65794, 1.0000, 1.9432)
The difference:(1.8369, 1.2109, 0.34206, 0.00000, -0.94324)
Shortest vector given by LLL:(-9, 5, -3, 8, 11)

B:[-12 -16  -8   6   9]
[-30 -11 -36 -33 -16]
[ 49  12  41  49  49]
[-15  12  25  19  -6]
[-37 -40 -49 -15   2]
G:[  581   482  -373  -152  1404]
[  482  3662 -5479 -1113  3777]
[ -373 -5479  9028  1071 -4939]
[ -152 -1113  1071  1391 -1447]
[ 1404  3777 -4939 -1447  5599]
The linear combination given by LLL:(-2, 1, 1, 1, 1)
The linear combination suggested by cube:(-1.9011, -0.31809, 0.22772, 0.40267, 1.0000)
The difference:(-0.098904, 1.3181, 0.77228, 0.59733, 0.00000)
Shortest vector given by LLL:(-9, 5, -3, 8, 11)

B:[ 34 -11  49 -19  -1]
[-11 -45 -29 -44   1]
[-33 -44 -34   1  12]
[-12 -42 -21   6  21]
[-27  22 -40 -47 -38]
G:[ 4040  -465 -2335 -1110 -2189]
[ -465  4924  3297  2388  2497]
[-2335  3297  4326  3216   780]
[-1110  2388  3216  2826  -840]
[-2189  2497   780  -840  6466]
The linear combination given by LLL:(1, -2, -2, 5, 2)
The linear combination suggested by cube:(1.0000, -1.6124, -0.77849, 3.0735, 1.4544)
The difference:(0.00000, -0.38758, -1.2215, 1.9265, 0.54559)
Shortest vector given by LLL:(8, 1, -10, 3, 2)

B:[ 34 -11  49 -19  -1]
[-11 -45 -29 -44   1]
[-33 -44 -34   1  12]
[-12 -42 -21   6  21]
[-27  22 -40 -47 -38]
G:[ 4040  -465 -2335 -1110 -2189]
[ -465  4924  3297  2388  2497]
[-2335  3297  4326  3216   780]
[-1110  2388  3216  2826  -840]
[-2189  2497   780  -840  6466]
The linear combination given by LLL:(1, -2, -2, 5, 2)
The linear combination suggested by cube:(1.2321, -2.0000, -0.98242, 3.8286, 1.8053)
The difference:(-0.23210, 0.00000, -1.0176, 1.1714, 0.19465)
Shortest vector given by LLL:(8, 1, -10, 3, 2)

B:[ 34 -11  49 -19  -1]
[-11 -45 -29 -44   1]
[-33 -44 -34   1  12]
[-12 -42 -21   6  21]
[-27  22 -40 -47 -38]
G:[ 4040  -465 -2335 -1110 -2189]
[ -465  4924  3297  2388  2497]
[-2335  3297  4326  3216   780]
[-1110  2388  3216  2826  -840]
[-2189  2497   780  -840  6466]
The linear combination given by LLL:(1, -2, -2, 5, 2)
The linear combination suggested by cube:(2.1431, -3.5393, -2.0000, 7.0753, 3.2527)
The difference:(-1.1431, 1.5393, 0.00000, -2.0753, -1.2527)
Shortest vector given by LLL:(8, 1, -10, 3, 2)

B:[ -5 -10  10  29  28]
[-39 -43 -19   1  36]
[-26 -36  37  31 -29]
[ -5  16  -1   8  34]
[ 14  21 -26 -14  -2]
G:[ 1850  1472   947  1039 -1002]
[ 1472  5028   846   758 -1041]
[  947   846  5143 -1221 -2458]
[ 1039   758 -1221  1502   112]
[-1002 -1041 -2458   112  1513]
The linear combination given by LLL:(-1, 0, 0, 1, -1)
The linear combination suggested by cube:(-0.11248, -0.055213, -0.50228, -0.22807, -1.0000)
The difference:(-0.88752, 0.055213, 0.50228, 1.2281, 0.00000)
Shortest vector given by LLL:(-14, 5, 15, -7, 8)

B:[  9   8  48  31  19]
[ 29  17  23 -15   5]
[  6   7 -37 -17  -8]
[ 30 -19  19  34  -4]
[-15 -26 -39 -31 -25]
G:[ 3771  1131 -2345  2008 -3651]
[ 1131  1909  -343   454 -1434]
[-2345  -343  1807 -1202  1898]
[ 2008   454 -1202  2794 -1651]
[-3651 -1434  1898 -1651  4008]
The linear combination given by LLL:(-17, 1, -11, 2, -9)
The linear combination suggested by cube:(-21.858, 1.0000, -14.048, 2.4845, -11.878)
The difference:(4.8579, 0.00000, 3.0475, -0.48454, 2.8775)
Shortest vector given by LLL:(5, 0, 3, -8, -13)

B:[-41   5  30 -26 -49]
[ 19  49   4 -20  -5]
[-18   1  26 -49  48]
[-27  44  36 -37  -9]
[ -9 -40 -36 -25 -50]
G:[ 5683   351   445  3810  2189]
[  351  3203   551  2572 -1525]
[  445   551  5706  2847 -1989]
[ 3810  2572  2847  5411 -1438]
[ 2189 -1525 -1989 -1438  6102]
The linear combination given by LLL:(-3, -2, -1, 4, 1)
The linear combination suggested by cube:(-2.0451, -1.6191, -1.0000, 2.9194, 0.69103)
The difference:(-0.95490, -0.38087, 0.00000, 1.0806, 0.30897)
Shortest vector given by LLL:(-14, 22, -16, -6, 23)

B:[-22 -47  23  -6  44]
[ 40  30   6 -34 -33]
[  6 -29 -10  29   1]
[ 15  31  30 -10 -23]
[ -8  48  13   9  -1]
G:[ 5194 -3400   871 -2049 -1879]
[-3400  4781 -1709  2809   925]
[  871 -1709  1819 -1422 -1310]
[-2049  2809 -1422  2715  1691]
[-1879   925 -1310  1691  2619]
The linear combination given by LLL:(-1, -2, -1, 2, -2)
The linear combination suggested by cube:(-0.53347, -0.91177, -1.0000, 0.61272, -0.95652)
The difference:(-0.46653, -1.0882, 0.00000, 1.3873, -1.0435)
Shortest vector given by LLL:(-18, -18, 9, 7, -23)

B:[-31 -34   4 -18 -17]
[-48 -36   1  16  36]
[-19  36   1   4  41]
[-36 -33   4   4  33]
[-33  49  -2 -27   0]
G:[ 2746  1816 -1400  1621  -165]
[ 1816  5153  1157  4172  -614]
[-1400  1157  3355   869  2281]
[ 1621  4172   869  3506  -545]
[ -165  -614  2281  -545  4223]
The linear combination given by LLL:(0, -1, 0, 1, 0)
The linear combination suggested by cube:(-1.0628, -0.098413, -1.1352, 1.0000, 0.68640)
The difference:(1.0628, -0.90159, 1.1352, 0.00000, -0.68640)
Shortest vector given by LLL:(12, 3, 3, -12, -3)

B:[-21  13 -28 -17 -23]
[-46 -36  38 -46  45]
[-36  -6  46 -11  41]
[-41  21 -22 -48  44]
[-40  17  22  34 -15]
G:[ 2212  -819 -1366  1554   212]
[ -819  8997  5971  4482  -175]
[-1366  5971  5250  2670  1361]
[ 1554  4482  2670  6846  -779]
[  212  -175  1361  -779  3754]
The linear combination given by LLL:(3, -2, 4, -1, -2)
The linear combination suggested by cube:(1.9974, -1.0051, 2.5018, -1.0000, -1.2742)
The difference:(1.0026, -0.99488, 1.4982, 0.00000, -0.72583)
Shortest vector given by LLL:(6, 32, 2, -23, -9)

B:[ 32  42   6  28 -32]
[ 49   2 -49  -7  39]
[ 19 -38 -35  22  14]
[-10 -14 -10 -42  28]
[-31 -30  36  39  14]
G:[ 4632   -86 -1030 -3040 -1392]
[  -86  6376  2962  1358 -3070]
[-1030  2962  3710   160   345]
[-3040  1358   160  2944  -876]
[-1392 -3070   345  -876  4874]
The linear combination given by LLL:(3, -1, 1, 4, 1)
The linear combination suggested by cube:(1.8917, -0.73522, 1.0000, 2.3666, 0.43174)
The difference:(1.1083, -0.26478, 0.00000, 1.6334, 0.56826)
Shortest vector given by LLL:(-5, 0, 28, -16, 5)

B:[-16 -41   3 -14 -35]
[  3 -47 -50  48 -26]
[ 44  35 -20  25  43]
[-19 -20 -22 -11 -28]
[-33 -31  35  26  42]
G:[ 3367  1967 -4054  2192    70]
[ 1967  7698  -431  2183  -236]
[-4054  -431  6035 -2575  -781]
[ 2192  2183 -2575  2150  -985]
[   70  -236  -781  -985  5715]
The linear combination given by LLL:(-1, 0, 0, 1, 0)
The linear combination suggested by cube:(-1.0000, 0.27732, -0.77141, -0.24253, -0.12352)
The difference:(0.00000, -0.27732, 0.77141, 1.2425, 0.12352)
Shortest vector given by LLL:(-3, 21, -25, 3, 7)

B:[  7 -11  24 -15  20]
[-13  45  -2  11 -19]
[ 44  21 -44  26 -38]
[ -2  48  -8  47 -32]
[-22  12  -2  -5  47]
G:[ 1371 -1179 -2129 -2079   681]
[-1179  2680  1469  3327  -118]
[-2129  1469  6433  3710 -2544]
[-2079  3327  3710  5605 -1103]
[  681  -118 -2544 -1103  2866]
The linear combination given by LLL:(1, -1, 0, 1, 0)
The linear combination suggested by cube:(-0.16676, -1.0000, -0.16823, 0.66365, 0.10453)
The difference:(1.1668, 0.00000, 0.16823, 0.33635, -0.10453)
Shortest vector given by LLL:(18, -8, 18, 21, 7)

B:[ 36 -27   1 -16 -31]
[ 27 -22   5   9 -45]
[  2 -12 -41 -30  25]
[ 23 -20  27 -40   0]
[  8  26 -40 -30  34]
G:[ 3243  2822    60  2035 -1028]
[ 2822  3344 -1282   836 -2356]
[   60 -1282  3354   379  3094]
[ 2035   836   379  3258  -216]
[-1028 -2356  3094  -216  4396]
The linear combination given by LLL:(5, -5, -1, -2, -1)
The linear combination suggested by cube:(6.4402, -6.0037, -1.2155, -2.4070, -1.0000)
The difference:(-1.4402, 1.0037, 0.21553, 0.40702, 0.00000)
Shortest vector given by LLL:(-11, 1, 7, 15, 11)

B:[-28  -8  23  24  32]
[ 48  24 -29   6  50]
[-25  -1  -9  33 -20]
[  6   6 -36  32 -20]
[ 24 -30 -10  43   5]
G:[ 2977  -459   653  -916   530]
[ -459  6257 -1765   668  1230]
[  653 -1765  2196  1624   839]
[ -916   668  1624  2792  1600]
[  530  1230   839  1600  3450]
The linear combination given by LLL:(-4, 3, 9, -8, 1)
The linear combination suggested by cube:(-3.1683, 2.0979, 6.6858, -6.0033, 1.0000)
The difference:(-0.83173, 0.90213, 2.3142, -1.9967, 0.00000)
Shortest vector given by LLL:(7, 17, 18, 6, 7)

B:[ 28  47  34   9  -7]
[-22  -2  12 -25  27]
[ 25 -40  32 -43 -32]
[-38  35  -5 -23  49]
[ -9 -14  37 -41 -14]
G:[ 4279  -716  -255  -139    77]
[ -716  1986   125  2604  1317]
[ -255   125  6122 -3089  3730]
[ -139  2604 -3089  5624   -76]
[   77  1317  3730   -76  3523]
The linear combination given by LLL:(0, 1, -1, -1, 1)
The linear combination suggested by cube:(-0.15849, -0.60243, -0.63358, -0.059468, 1.0000)
The difference:(0.15849, 1.6024, -0.36642, -0.94053, 0.00000)
Shortest vector given by LLL:(-18, -11, 22, 0, -4)

B:[  8 -41 -20  33   4]
[ 44 -42  22  20 -50]
[-32   2  -2 -11  25]
[-12  43  13   7  -6]
[-44  -6  11  36  23]
G:[ 3250  2094  -561 -1912   954]
[ 2094  7084 -3006 -1608 -1872]
[ -561 -3006  1778   217  1553]
[-1912 -1608   217  2247   527]
[  954 -1872  1553   527  3918]
The linear combination given by LLL:(-1, 0, -1, -1, 1)
The linear combination suggested by cube:(-1.0711, -0.62601, -2.1000, -1.3911, 1.0000)
The difference:(0.071100, 0.62601, 1.1000, 0.39113, 0.00000)
Shortest vector given by LLL:(-8, -10, 20, 7, 0)

B:[-45 -29  40 -16 -17]
[ 35  44  27  -6 -22]
[-15  12 -27  25  -1]
[-33   5 -37  31  14]
[ 48  -2  20 -20  -7]
G:[ 5011 -1301 -1136  -874  -863]
[-1301  4410  -854 -2428  2406]
[-1136  -854  1724  2315 -1777]
[ -874 -2428  2315  3640 -3052]
[ -863  2406 -1777 -3052  3157]
The linear combination given by LLL:(1, 1, -2, 4, 2)
The linear combination suggested by cube:(0.73849, 0.41844, -0.74874, 2.6095, 2.0000)
The difference:(0.26151, 0.58156, -1.2513, 1.3905, 0.00000)
Shortest vector given by LLL:(-16, 7, 13, 12, 5)

B:[ 23  10  49  11  -4]
[ 22 -38 -15  28 -27]
[ 21   1  46 -49 -14]
[ 20  24  11  -3  18]
[-48 -34  48 -31 -41]
G:[ 3167  -193  2264  1134   731]
[ -193  3666 -1260 -1207  -245]
[ 2264 -1260  5155   845  3259]
[ 1134 -1207   845  1430 -1893]
[  731  -245  3259 -1893  8406]
The linear combination given by LLL:(-2, 2, -1, 7, 2)
The linear combination suggested by cube:(-1.6335, 1.5483, -1.0000, 5.6336, 1.8436)
The difference:(-0.36648, 0.45166, 0.00000, 1.3664, 0.15644)
Shortest vector given by LLL:(21, 3, -1, 0, 12)

B:[ 18  36   3  16  27]
[ -8  33  23  17  14]
[-10   7 -36 -34  14]
[-42 -25   5 -10 -23]
[ 29  -4 -30   2  12]
G:[ 2614  1763  -202 -2422   644]
[ 1763  2167  -899  -866  -852]
[ -202  -899  2797    83   862]
[-2422  -866    83  3043 -1564]
[  644  -852   862 -1564  1905]
The linear combination given by LLL:(-1, 1, 0, 0, 1)
The linear combination suggested by cube:(-2.3089, 2.0619, 0.20982, -0.74270, 1.0000)
The difference:(1.3089, -1.0619, -0.20982, 0.74270, 0.00000)
Shortest vector given by LLL:(3, -7, -10, 3, -1)

B:[-34 -50 -23 -36   0]
[-24 -43  47 -13  21]
[  0   0 -46 -16  -2]
[ -7  34  -2  15  26]
[-39  32  49  30  11]
G:[ 5481  2353  1634 -1956 -2481]
[ 2353  5244 -1996 -1037  1704]
[ 1634 -1996  2376  -200 -2756]
[-1956 -1037  -200  2110  1999]
[-2481  1704 -2756  1999  5967]
The linear combination given by LLL:(-2, 2, 4, -1, 1)
The linear combination suggested by cube:(-1.2703, 1.0935, 2.4162, -1.0000, 0.61058)
The difference:(-0.72975, 0.90651, 1.5838, 0.00000, 0.38942)
Shortest vector given by LLL:(-12, 12, 7, -3, 19)

B:[-44 -26  18  -1  43]
[  2  25 -14 -14 -19]
[-38  41 -46 -22 -26]
[-20  41 -39  -3 -46]
[-16   4  28  23   7]
G:[ 4786 -1793 -1318 -2863  1382]
[-1793  1382  2395  2447  -779]
[-1318  2395  6401  5497 -1204]
[-2863  2447  5497  5727  -999]
[ 1382  -779 -1204  -999  1634]
The linear combination given by LLL:(-2, -2, 3, -3, 1)
The linear combination suggested by cube:(-1.2940, -2.0000, 1.8610, -1.4718, 0.61241)
The difference:(-0.70597, 0.00000, 1.1390, -1.5282, 0.38759)
Shortest vector given by LLL:(14, 6, -1, -4, 19)

B:[-42  23  10 -30 -38]
[-31  11  36 -45 -13]
[-41 -32   5  48 -38]
[ -4  30  18 -45  -5]
[ 28  40 -28   1 -43]
G:[ 4737  3759  1040  2578  1068]
[ 3759  4572  -567  3192  -922]
[ 1040  -567  6478 -2676  -886]
[ 2578  3192 -2676  3290   754]
[ 1068  -922  -886   754  5018]
The linear combination given by LLL:(0, 2, -1, -3, 1)
The linear combination suggested by cube:(-0.065506, 2.9173, -1.2651, -4.0373, 1.0000)
The difference:(0.065506, -0.91729, 0.26513, 1.0373, 0.00000)
Shortest vector given by LLL:(19, 4, -15, -2, -16)

B:[ -4  14  -1 -34 -18]
[-17 -10  41  38  11]
[ 30   7  -9 -50 -17]
[-41 -13 -38 -49 -36]
[-27 -34  -4 -45  48]
G:[ 1693 -1603  1993  2334   302]
[-1603  3635 -3036 -2989  -547]
[ 1993 -3036  3819  2083   422]
[ 2334 -2989  2083  6991  2178]
[  302  -547   422  2178  6230]
The linear combination given by LLL:(0, 1, 1, 0, 0)
The linear combination suggested by cube:(-1.0204, 0.66179, 1.0000, 0.35155, -0.083067)
The difference:(1.0204, 0.33821, 0.00000, -0.35155, 0.083067)
Shortest vector given by LLL:(13, -3, 32, -12, -6)

B:[-45  12  41  11   3]
[  1 -44  49  35  40]
[ 23 -29  27 -48 -12]
[ 15 -49  -3   4  28]
[-23 -42 -41  45  39]
G:[ 3980  1941  -840 -1258  -538]
[ 1941  7163   462  3284  2951]
[ -840   462  4547  1157 -3046]
[-1258  3284  1157  3435  3108]
[ -538  2951 -3046  3108  7520]
The linear combination given by LLL:(1, -1, -2, 4, -2)
The linear combination suggested by cube:(1.0000, -0.99113, -1.2711, 2.8611, -1.2369)
The difference:(0.00000, -0.0088673, -0.72887, 1.1389, -0.76313)
Shortest vector given by LLL:(14, 2, 8, -2, 21)

B:[-45  12  41  11   3]
[  1 -44  49  35  40]
[ 23 -29  27 -48 -12]
[ 15 -49  -3   4  28]
[-23 -42 -41  45  39]
G:[ 3980  1941  -840 -1258  -538]
[ 1941  7163   462  3284  2951]
[ -840   462  4547  1157 -3046]
[-1258  3284  1157  3435  3108]
[ -538  2951 -3046  3108  7520]
The linear combination given by LLL:(1, -1, -2, 4, -2)
The linear combination suggested by cube:(0.95291, -1.0000, -1.2726, 2.8486, -1.2322)
The difference:(0.047091, 0.00000, -0.72737, 1.1514, -0.76780)
Shortest vector given by LLL:(14, 2, 8, -2, 21)

B:[-42  18  43  -2  38]
[ 34  46  25  50  48]
[-50 -21 -32 -20  11]
[ 28  -2  29  36 -26]
[ 20 -15   8  21 -38]
G:[ 5385  2199   804 -1025 -2252]
[ 2199  8701 -3938  2137  -584]
[  804 -3938  4486 -3292 -1779]
[-1025  2137 -3292  3601  2566]
[-2252  -584 -1779  2566  2574]
The linear combination given by LLL:(1, 1, 0, -4, 5)
The linear combination suggested by cube:(1.1349, 1.0000, -0.74540, -5.0200, 5.7090)
The difference:(-0.13492, 0.00000, 0.74540, 1.0200, -0.70901)
Shortest vector given by LLL:(-20, -3, -8, 9, 0)

B:[ -6  10  37  30  15]
[ 27  -6  44 -17   5]
[  3  38  28  35  39]
[ -5 -29  48  31 -28]
[ 22  39 -26  38  43]
G:[ 2630   971  3033  2026  1081]
[  971  3015   685  1484 -1215]
[ 3033   685  4983   220  3827]
[ 2026  1484   220  4915 -2515]
[ 1081 -1215  3827 -2515  5974]
The linear combination given by LLL:(-2, 0, 1, 1, 0)
The linear combination suggested by cube:(-3.0415, -0.21182, 2.2113, 1.0000, -0.48828)
The difference:(1.0415, 0.21182, -1.2113, 0.00000, 0.48828)
Shortest vector given by LLL:(10, -11, 2, 6, -19)

