[{"B": [[699, -370, -154, 660, 963, 490, -731, 56, -776, -105], [-815, -987, 208, -890, 827, -164, -845, 555, -941, 982], [117, -312, -770, 598, -205, -743, -551, -531, 429, -510], [689, -833, 159, 998, 539, 382, -618, 194, 449, -366], [-352, 942, -211, 417, -190, -567, 276, -645, 881, 472], [446, 152, 880, 796, 633, -739, 789, -37, -37, 421], [517, -233, -684, -43, 899, -190, 289, -470, -887, 79], [-521, 688, 761, 638, -869, 958, -699, -17, 665, 154], [282, 764, -344, -848, -374, -721, 340, -184, 966, 588], [339, -964, 453, 770, 788, 337, 687, -198, -85, 90]], "G": [[3402984, 1167995, 242689, 2282880, -1718766, 298499, 1739624, -704473, -2375918, 1499278], [1167995, 6056438, -1261093, -363448, -2078746, -633228, 886437, -1433065, -1212794, 158475], [242689, -1261093, 2685314, 1037347, 864627, -423197, 260544, -412787, 189673, -315614], [2282880, -363448, 1037347, 3381457, -1036482, 508416, 113654, 394120, -1847412, 1896453], [-1718766, -2078746, 864627, -1036482, 3078413, 838931, -699402, 1035481, 2160361, -857791], [298499, -633228, -423197, 508416, 838931, 3379346, 579984, -718954, 47123, 1856391], [1739624, 886437, 260544, 113654, -699402, 579984, 2733015, -2712580, -585344, 1075403], [-704473, -1433065, -412787, 394120, 1035481, -718954, -2712580, 4358706, -291400, -885296], [-2375918, -1212794, 189673, -1847412, 2160361, 47123, -585344, -291400, 3588733, -1746557], [1499278, 158475, -315614, 1896453, -857791, 1856391, 1075403, -885296, -1746557, 3103337]], "lincomb_exact": [12.0, -1.0, 3.0, -10.0, 1.0, -2.0, -13.0, -4.0, 3.0, 7.0], "lincomb_LLL": [12.0, -1.0, 3.0, -10.0, 1.0, -2.0, -13.0, -4.0, 3.0, 7.0], "lincomb_cube": [7.040428161621094, -0.5539331436157227, 1.4285526275634766, -5.640022277832031, 1.0, -1.4395637512207031, -7.5818634033203125, -2.6833648681640625, 1.409820556640625, 4.011688232421875], "lincomb_cube_shortest": [8.0, -1.0, 1.0, -6.0, 1.0, -2.0, -8.0, -3.0, 2.0, 4.0], "exact.norm": 1046.78515625, "LLL.norm": 1046.78515625, "shortest_cube.norm": 1527.8828125, "sv_LLL": [2.0, 400.0, 60.0, 302.0, -549.0, -260.0, 166.0, 253.0, 555.0, 269.0], "sv_exact": [2.0, 400.0, 60.0, 302.0, -549.0, -260.0, 166.0, 253.0, 555.0, 269.0], "sv_shortst_cube": [493.0, 823.0, -822.0, -581.0, -199.0, 512.0, 65.0, 278.0, 116.0, -64.0]}, {"B": [[-7, 64, 441, -889, -252, 39, -708, 945, -65, 482], [628, -833, -372, -476, 703, 218, 691, 811, -385, 261], [-28, 668, 186, 262, -498, -482, 110, -455, -522, -804], [991, -392, 187, 476, -146, -128, -317, 49, -11, 361], [476, 99, -444, -212, 194, 768, 4, -937, 347, 552], [735, 614, 779, 281, 497, 354, -27, -201, -738, -993], [-459, -168, 197, 98, 893, -19, -301, -115, -23, 595], [468, -693, -439, -670, 483, 926, -454, 547, 748, 40], [-161, 392, -514, -985, -664, -886, 235, 170, -472, -879], [239, -979, 585, -568, -958, 720, -658, -314, -292, 59]], "G": [[2684810, 460744, -862699, 104536, -668056, -585042, 159157, 1077808, 409252, 1184656], [460744, 3346514, -1524971, 441350, 39681, -203574, 218291, 1747181, -174960, -79680], [-862699, -1524971, 2168601, -337373, -750279, 1462047, -919769, -2141529, 1572014, -395148], [104536, 441350, -337373, 1668322, 270614, 297607, -128642, 322318, -1046133, 725063], [-668056, 39681, -750279, 270614, 2409015, -242505, 242300, 1063268, -1217398, 467457], [-585042, -203574, 1462047, 297607, -242505, 3547171, -365040, -733351, -17822, -112791], [159157, 218291, -919769, -128642, 242300, -365040, 1543508, 243539, -1368297, -478833], [1077808, 1747181, -2141529, 322318, 1063268, -733351, 243539, 3498088, -1004472, 1028968], [409252, -174960, 1572014, -1046133, -1217398, -17822, -1368297, -1004472, 3719448, -287312], [1184656, -79680, -395148, 725063, 467457, -112791, -478833, 1028968, -287312, 3736880]], "lincomb_exact": [1.0, 1.0, 4.0, 0.0, 0.0, -1.0, 1.0, 1.0, -1.0, 0.0], "lincomb_LLL": [1.0, 1.0, 4.0, 0.0, 0.0, -1.0, 1.0, 1.0, -1.0, 0.0], "lincomb_cube": [1.0, 1.3099498748779297, 5.102409362792969, -0.31389951705932617, 0.2901034355163574, -1.4928817749023438, 0.6102313995361328, 1.3310508728027344, -1.6356849670410156, -0.1840653419494629], "lincomb_cube_shortest": [1.0, 1.0, 6.0, 0.0, 0.0, -2.0, 1.0, 2.0, -2.0, 0.0], "exact.norm": 1000.8427734375, "LLL.norm": 1000.8427734375, "shortest_cube.norm": 1288.8046875, "sv_LLL": [-56.0, 36.0, 306.0, -185.0, 2.0, -232.0, -540.0, 399.0, -603.0, 34.0], "sv_exact": [-56.0, 36.0, 306.0, -185.0, 2.0, -232.0, -540.0, 399.0, -603.0, 34.0], "sv_shortst_cube": [-218.0, -327.0, -26.0, 373.0, -344.0, 262.0, -982.0, 67.0, 311.0, 338.0]}, {"B": [[775, -922, -316, 427, 573, 177, 292, -63, 525, 983], [-364, -945, 2, 853, 707, -19, 333, 884, 481, 469], [940, -489, -479, 665, -631, 120, -710, 899, 413, 234], [34, 475, -175, -433, 721, -802, 42, -619, -895, -193], [-616, -47, -106, -948, -236, 643, -517, 906, -632, -670], [-156, 392, -82, 100, 164, -713, 576, 180, 372, -702], [-369, 694, 885, 704, 77, -832, 12, 809, -474, 900], [893, -549, -24, 153, 936, 246, -217, 394, -872, 630], [-568, 651, 693, -906, 318, 427, 431, 331, 984, 541], [-227, 965, 542, -372, 481, -64, 463, -698, -696, -617]], "G": [[3423699, 2109633, 1457244, -878345, -2025235, -783855, -419651, 1924342, -235077, -1924227], [2109633, 3597011, 1104520, -1360187, -708765, 101597, 1064273, 1133365, 199998, -1891248], [1457244, 1104520, 3744574, -1956724, -145859, -679366, -56799, 955586, -1411569, -2891512], [-878345, -1360187, -1956724, 2831139, -187655, 557334, 330441, 590952, -724120, 2108521], [-2025235, -708765, -145859, -187655, 3697199, -405075, -696346, -131346, 396935, 216516], [-783855, 101597, -679366, 557334, -405075, 1725353, 277690, -1179858, 238177, 771834], [-419651, 1064273, -56799, 330441, -696346, 277690, 4284092, 539819, 599524, 277018], [1924342, 1133365, 955586, 590952, -131346, -1179858, 539819, 3419056, -1097514, -525229], [-235077, 199998, -1411569, -724120, 396935, 238177, 599524, -1097514, 3887222, 545273], [-1924227, -1891248, -2891512, 2108521, 216516, 771834, 277018, -525229, 545273, 3217037]], "lincomb_exact": [0.0, 1.0, 1.0, 1.0, 0.0, -1.0, 0.0, -1.0, 0.0, 1.0], "lincomb_LLL": [0.0, 1.0, 1.0, 1.0, 0.0, -1.0, 0.0, -1.0, 0.0, 1.0], "lincomb_cube": [1.5201587677001953, 1.0, 1.7496719360351562, 1.2647933959960938, 0.8554534912109375, -1.2187519073486328, 0.15181851387023926, -1.9720039367675781, 0.018760114908218384, 2.1374168395996094], "lincomb_cube_shortest": [2.0, 1.0, 2.0, 1.0, 1.0, -1.0, 0.0, -2.0, 0.0, 3.0], "exact.norm": 767.494140625, "LLL.norm": 767.494140625, "shortest_cube.norm": 911.09375, "sv_LLL": [-354.0, 163.0, -4.0, 460.0, 178.0, -298.0, -231.0, -108.0, -197.0, -35.0], "sv_exact": [-354.0, 163.0, -4.0, 460.0, 178.0, -298.0, -231.0, -108.0, -197.0, -35.0], "sv_shortst_cube": [173.0, 262.0, -113.0, 134.0, 483.0, 445.0, 269.0, -219.0, 114.0, -369.0]}, {"B": [[972, 514, -855, 983, 724, -355, 458, 357, 936, 136], [-536, 119, 513, -506, 52, -292, 646, -812, 61, -718], [99, -613, -402, -954, -541, 117, 808, 814, -534, -538], [128, -450, -293, -632, -807, 182, 652, 3, -168, -559], [-476, 443, -168, 847, 510, 725, 953, -902, -742, -926], [-917, -860, 444, -101, -727, 906, 912, 531, 142, 536], [-696, 242, 351, 436, 882, 599, -395, -466, 647, -944], [-687, -236, 448, 17, -951, 818, -410, -473, -970, -252], [450, -811, 443, -308, -38, -787, 988, -956, -176, 794], [552, -825, 881, -669, 81, 101, -486, -227, -793, 92]], "G": [[4788300, -1289099, -1158475, -1060088, 147148, -1847174, 132218, -3433144, -354650, -2308962], [-1289099, 2504535, 302901, 762087, 1575575, 147488, 1072738, 514044, 1106918, 127079], [-1158475, 302901, 3653720, 2386829, -320058, 1658506, -1717485, 427792, 272850, 608933], [-1060088, 762087, 2386829, 2154348, 234962, 1227682, -1019077, 827678, 601869, 323839], [147148, 1575575, -320058, 234962, 5084036, -30073, 2070888, 1258647, -299504, -983533], [-1847174, 147488, 1658506, 1227682, -30073, 4558356, -578396, 1564724, 621226, 67605], [132218, 1072738, -1717485, -1019077, 2070888, -578396, 3675928, 229566, -1801358, -736521], [-3433144, 514044, 427792, 827678, 1258647, 1564724, 229566, 3698416, -514414, 1257035], [-354650, 1106918, 272850, 601869, -299504, 621226, -1801358, -514414, 4323639, 1380705], [-2308962, 127079, 608933, 323839, -983533, 67605, -736521, 1257035, 1380705, 3150851]], "lincomb_exact": [0.0, 0.0, -1.0, 1.0, 0.0, 0.0, 0.0, 0.0, 0.0, 0.0], "lincomb_LLL": [0.0, 0.0, -1.0, 1.0, 0.0, 0.0, 0.0, 0.0, 0.0, 0.0], "lincomb_cube": [-0.7386083602905273, -0.36020612716674805, -0.9096393585205078, 1.0, 0.4293336868286133, 0.14435911178588867, -0.30558252334594727, -1.0521049499511719, -0.35091161727905273, 0.17928528785705566], "lincomb_cube_shortest": [-1.0, 0.0, -1.0, 1.0, 0.0, 0.0, 0.0, -1.0, 0.0, 0.0], "exact.norm": 1017.0595703125, "LLL.norm": 1017.0595703125, "shortest_cube.norm": 1287.74609375, "sv_LLL": [29.0, 163.0, 109.0, 322.0, -266.0, 65.0, -156.0, -811.0, 366.0, -21.0], "sv_exact": [29.0, 163.0, 109.0, 322.0, -266.0, 65.0, -156.0, -811.0, 366.0, -21.0], "sv_shortst_cube": [-256.0, -115.0, 516.0, -678.0, -39.0, -398.0, -204.0, -695.0, 400.0, 95.0]}, {"B": [[-264, 654, -154, 85, -631, 570, 996, -971, 317, -423], [-535, 721, 117, 646, -590, 963, -300, -947, -975, 64], [367, -976, 229, -272, -927, -878, -239, -863, -283, 857], [911, 163, 624, -848, -184, -134, -724, -925, -428, 840], [-68, -237, 553, -655, 343, 455, 953, 15, -699, 183], [142, 387, 630, 732, -141, -866, 590, -125, -722, 712], [278, -17, 116, -552, -13, -990, -57, 869, -157, 571], [939, -827, -399, 246, -340, -805, 651, -152, -949, 535], [-499, 675, -526, -623, 180, 527, 262, -676, 917, 138], [14, 644, -922, 680, -400, 105, -942, -845, -300, 296]], "G": [[3465689, 1855456, -561394, -576279, 400665, -44874, -1897264, -681858, 1937708, 591473], [1855456, 4454070, -127810, 699091, 136001, 689764, -2065931, -652855, 367270, 2519614], [-561394, -127810, 4460331, 2649336, -92362, 1291998, 974051, 2718101, -1042972, 552051], [-576279, 699091, 2649336, 4285367, 424896, 702376, 710298, 958322, -89166, 865961], [400665, 136001, -92362, 424896, 2550825, 520531, 128874, 646854, -83514, -1844804], [-44874, 689764, 1291998, 702376, 520531, 3264447, 938737, 1956249, -1403549, 110783], [-1897264, -2065931, 974051, 710298, 128874, 938737, 2485102, 1179678, -1058936, -1052613], [-681858, -652855, 2718101, 958322, 646854, 1956249, 1179678, 4182723, -1978694, 25449], [1937708, 367270, -1042972, -89166, -83514, -1403549, -1058936, -1978694, 3065113, 562545], [591473, 2519614, 552051, 865961, -1844804, 110783, -1052613, 25449, 562545, 3677446]], "lincomb_exact": [1.0, -1.0, 0.0, 0.0, 1.0, 0.0, 0.0, -1.0, -1.0, 1.0], "lincomb_LLL": [1.0, -1.0, 0.0, 0.0, 1.0, 0.0, 0.0, -1.0, -1.0, 1.0], "lincomb_cube": [1.0, -1.8599739074707031, 0.49859619140625, -0.26146936416625977, 2.018421173095703, 0.09302854537963867, 0.006714612245559692, -1.4940357208251953, -1.5446968078613281, 2.3585548400878906], "lincomb_cube_shortest": [1.0, -2.0, 1.0, -1.0, 3.0, 0.0, 0.0, -2.0, -2.0, 3.0], "exact.norm": 1151.2890625, "LLL.norm": 1151.2890625, "shortest_cube.norm": 1185.2265625, "sv_LLL": [-223.0, 492.0, 285.0, -159.0, 62.0, 445.0, 394.0, -26.0, 325.0, -681.0], "sv_exact": [-223.0, 492.0, 285.0, -159.0, 62.0, 445.0, 394.0, -26.0, 325.0, -681.0], "sv_shortst_cube": [-780.0, -402.0, -40.0, 198.0, -45.0, 136.0, 288.0, 151.0, -521.0, -443.0]}, {"B": [[-276, 976, 686, 457, 777, 217, 707, 603, -309, -120], [-92, -353, -905, 337, 44, 755, -44, -150, 901, 685], [-516, -175, 466, 577, -688, -715, 750, -548, -563, -266], [477, -959, 1000, 240, 910, -52, -395, -994, -136, 988], [-845, -917, 893, 203, -400, 536, -753, -649, -20, -19], [132, -54, 196, -282, 610, -576, -36, 308, -922, -762], [457, -437, -774, -451, -608, -392, -816, 331, 455, -922], [-435, 751, -743, 697, 538, -708, -900, -132, 700, 411], [349, 569, -786, -357, -919, 124, 796, -740, -236, 807], [-89, -344, -637, -555, 166, 930, 214, 1, 359, 956]], "G": [[3332354, -1070101, 270943, -531353, -1066149, 802034, -2254469, -55259, -837844, -744755], [-1070101, 2943090, -1328404, 192027, 148214, -2070844, 102627, 1142988, 827375, 2197277], [270943, -1328404, 3082064, -505, 828940, 388114, -885965, -821048, 612414, -1586572], [-531353, 192027, -505, 5174315, 1952675, -91274, -1757574, -179452, -843064, 430123], [-1066149, 148214, 828940, 1952675, 3829839, -636842, -327036, -696229, -1286724, -45908], [802034, -2070844, 388114, -91274, -636842, 2369044, 328690, -671006, -1323972, -1462800], [-2254469, 102627, -885965, -1757574, -327036, 328690, 3558149, 314451, -555555, -504870], [-55259, 1142988, -821048, -179452, -696229, -671006, 314451, 4068137, -423784, -250821], [-837844, 827375, 612414, -843064, -1286724, -1323972, -555555, -423784, 3938905, 1291158], [-744755, 2197277, -1586572, 430123, -45908, -1462800, -504870, -250821, 1291158, 2821121]], "lincomb_exact": [3.0, -1.0, 1.0, 1.0, 1.0, 0.0, 3.0, 1.0, 1.0, 2.0], "lincomb_LLL": [3.0, -1.0, 1.0, 1.0, 1.0, 0.0, 3.0, 1.0, 1.0, 2.0], "lincomb_cube": [5.3485260009765625, -0.7315549850463867, 2.04949951171875, 2.0615615844726562, 1.3287582397460938, 0.09344089031219482, 5.689613342285156, 1.0, 1.740285873413086, 3.2007713317871094], "lincomb_cube_shortest": [6.0, 0.0, 2.0, 2.0, 2.0, 1.0, 6.0, 1.0, 2.0, 3.0], "exact.norm": 927.94140625, "LLL.norm": 927.94140625, "shortest_cube.norm": 1094.35546875, "sv_LLL": [-513.0, 551.0, 197.0, -69.0, 236.0, -235.0, -357.0, -109.0, 0.0, 22.0], "sv_exact": [-513.0, 551.0, 197.0, -69.0, 236.0, -235.0, -357.0, -109.0, 0.0, 22.0], "sv_shortst_cube": [-554.0, -65.0, 160.0, 112.0, 466.0, 242.0, -152.0, -79.0, -179.0, -715.0]}, {"B": [[642, 252, 497, -637, -20, 187, 981, 35, -486, 525], [-792, -387, 339, 35, 439, -336, -248, -92, -736, 67], [-698, 588, -496, -372, 134, 675, 33, -124, -6, 559], [73, -287, 66, 738, -713, -304, -825, -432, 372, -704], [-906, -584, 83, -429, -754, -365, -881, -478, 549, -581], [-482, -737, 361, -159, -494, 264, 23, 313, 991, -310], [-820, -238, -576, 619, -680, 697, 623, 845, -598, 771], [483, -16, -724, -12, -784, -864, 306, 252, 69, 458], [-529, 886, 193, 39, 220, 374, -325, -394, 18, -290], [36, -182, 871, 829, 959, -426, 178, -467, -535, -569]], "G": [[2639222, -385049, 138481, -1880187, -1920301, -766078, 213089, 323904, -473343, -97222], [-385049, 1814949, 21215, -186022, 567789, -306439, 294776, -795242, 197964, 1284800], [138481, 21215, 2019911, -1197149, -237869, -322113, 1217555, -436772, 937817, -1282671], [-1880187, -186022, -1197149, 2738732, 1985481, 787484, -944051, 146781, 127254, 426337], [-1920301, 567789, -237869, 1985481, 3698170, 1795682, -902158, -194961, 311777, -673990], [-766078, -306439, -322113, 787484, 1795682, 2421506, 231403, -308957, -367535, -782680], [213089, 294776, 1217555, -944051, -902158, 231403, 4446389, 663690, -522796, -1326281], [323904, -795242, -436772, 146781, -194961, -308957, 663690, 2490682, -1235815, -1364777], [-473343, 197964, 937817, 127254, 311777, -367535, -522796, -1235815, 1637168, 353322], [-97222, 1284800, -1282671, 426337, -673990, -782680, -1326281, -1364777, 353322, 3441218]], "lincomb_exact": [1.0, 2.0, 2.0, 2.0, -2.0, 2.0, -1.0, 1.0, 0.0, 0.0], "lincomb_LLL": [1.0, 2.0, 2.0, 2.0, -2.0, 2.0, -1.0, 1.0, 0.0, 0.0], "lincomb_cube": [1.0, 1.392129898071289, 1.1881160736083984, 1.7274093627929688, -1.1631145477294922, 0.9237499237060547, -0.5492429733276367, 0.35472679138183594, -0.09918177127838135, -0.3411860466003418], "lincomb_cube_shortest": [1.0, 2.0, 1.0, 2.0, -2.0, 1.0, -1.0, 0.0, 0.0, -1.0], "exact.norm": 1111.9140625, "LLL.norm": 1111.9140625, "shortest_cube.norm": 1252.1171875, "sv_LLL": [-41.0, -4.0, 723.0, 74.0, 116.0, -46.0, 392.0, -272.0, 325.0, 598.0], "sv_exact": [-41.0, -4.0, 723.0, 74.0, 116.0, -46.0, 392.0, -272.0, 325.0, 598.0], "sv_shortst_cube": [620.0, 343.0, 711.0, -212.0, 301.0, 305.0, -148.0, -246.0, -194.0, 460.0]}, {"B": [[737, 739, -615, 779, -299, -579, 588, -358, 287, 54], [606, -379, 604, -742, -685, -620, -252, 209, 348, 290], [960, -265, -661, 362, -347, 252, 19, 523, -170, -190], [839, -756, -251, 160, 877, 252, 205, -626, -395, -17], [961, 33, -338, 946, 997, 722, -440, 721, 920, -47], [-691, -534, -66, 684, -357, 120, 642, -603, 53, -696], [688, -585, -576, 741, -116, -704, 168, -247, 492, -266], [686, 159, 345, -122, -55, -211, 145, 359, 259, 304], [-404, 933, -258, 403, 601, -355, 863, -314, 831, 280], [-253, -692, -773, 122, -160, 558, 898, 405, 377, -558]], "G": [[3058191, -326604, 922931, 160898, 705971, 277793, 1762570, 501971, 1763665, 58443], [-326604, 2592271, 86061, -557235, -898711, -1064814, 256974, 1039637, -1157588, -857101], [922931, 86061, 2082593, 735673, 1536923, -256438, 1168238, 398851, -958963, 962560], [160898, -557235, 735673, 2786906, 1169695, 167097, 1002732, -54654, -436975, 315855], [705971, -898711, 1536923, 1169695, 5011113, -917361, 1126732, 644325, 599120, 624024], [277793, -1064814, -256438, 167097, -917361, 2639696, 806783, -992079, 409016, 1543547], [1762570, 256974, 1168238, 1002732, 1126732, 806783, 2607551, 227006, 360592, 776875], [501971, 1039637, 398851, -54654, 644325, -992079, 227006, 986735, 87635, -470477], [1763665, -1157588, -958963, -436975, 599120, 409016, 360592, 87635, 3362230, 215777], [58443, -857101, 962560, 315855, 624024, 1543547, 776875, -470477, 215777, 2916172]], "lincomb_exact": [2.0, -2.0, -4.0, 0.0, 0.0, -2.0, 1.0, 2.0, -3.0, 2.0], "lincomb_LLL": [2.0, -2.0, -4.0, 0.0, 0.0, -2.0, 1.0, 2.0, -3.0, 2.0], "lincomb_cube": [2.548095703125, -2.13946533203125, -5.0087432861328125, -0.3896770477294922, 0.21550345420837402, -1.7157516479492188, 1.0, 2.2658920288085938, -3.6928176879882812, 2.250041961669922], "lincomb_cube_shortest": [3.0, -2.0, -6.0, 0.0, 0.0, -2.0, 1.0, 3.0, -4.0, 3.0], "exact.norm": 950.64453125, "LLL.norm": 950.64453125, "shortest_cube.norm": 1153.19921875, "sv_LLL": [570.0, -86.0, -320.0, -242.0, 525.0, -111.0, -15.0, 203.0, -277.0, 66.0], "sv_exact": [570.0, -86.0, -320.0, -242.0, 525.0, -111.0, -15.0, 203.0, -277.0, 66.0], "sv_shortst_cube": [224.0, -283.0, 217.0, -590.0, 104.0, -492.0, 715.0, -123.0, 155.0, -34.0]}, {"B": [[294, -698, -752, -420, 249, 4, 740, -696, -38, 803], [897, 383, -243, -738, 320, -529, -685, 806, 594, 979], [-799, -172, 938, -346, -242, -402, -824, -748, -473, -626], [-8, 99, 949, 437, 267, -259, 497, 7, -930, 180], [374, 602, 726, -173, -371, -313, 771, 576, 685, -466], [573, -14, -20, 757, 129, 263, 835, -739, -819, -256], [703, 36, 151, -204, 268, -362, -38, 807, -979, 740], [-703, -318, 208, -745, -910, 303, 627, -774, 424, -882], [-743, -950, -523, 503, 313, 462, 83, -394, 565, 352], [382, 938, 739, -501, -630, 644, 223, -840, 787, 456]], "G": [[3055830, 262333, -1310628, -360407, -1107747, 866305, 260596, 224714, 1303309, 43904], [262333, 4367370, -1552211, -1010924, 450954, -2047753, 1854902, -2369567, -1112885, 433900], [-1310628, -1552211, 3741798, 680274, -544357, -460670, -847496, 1581565, -430302, 80407], [-360407, -1010924, 680274, 2384163, 318278, 1397597, 1247838, -722357, -824306, -307705], [-1107747, 450954, -544357, 318278, 2907493, -293383, -136531, 807351, -1517186, 1377581], [866305, -2047753, -460670, 1397597, -293383, 2967427, 168491, -30126, -51701, -54505], [260596, 1854902, -847496, 1247838, -136531, 168491, 2921524, -2392055, -1435241, -1005248], [224714, -2369567, 1581565, -722357, 807351, -30126, -2392055, 4063436, 482159, 1450036], [1303309, -1112885, -430302, -824306, -1517186, -51701, -1435241, 482159, 2897754, -758452], [43904, 433900, 80407, -307705, 1377581, -54505, -1005248, 1450036, -758452, 4217160]], "lincomb_exact": [-1.0, 1.0, 0.0, 0.0, 0.0, 1.0, 1.0, 1.0, 1.0, 0.0], "lincomb_LLL": [-1.0, 1.0, 0.0, 0.0, 0.0, 1.0, 1.0, 1.0, 1.0, 0.0], "lincomb_cube": [-1.3878631591796875, 2.5301742553710938, -1.0000438690185547, 1.9791584014892578, -1.5039176940917969, 1.0, -1.0842609405517578, 2.124950408935547, 0.21173810958862305, -0.5292291641235352], "lincomb_cube_shortest": [-1.0, 3.0, -1.0, 2.0, -1.0, 1.0, -2.0, 2.0, 0.0, -1.0], "exact.norm": 755.8271484375, "LLL.norm": 755.8271484375, "shortest_cube.norm": 1278.251953125, "sv_LLL": [433.0, -165.0, 325.0, -7.0, -129.0, 133.0, 82.0, 402.0, -177.0, 130.0], "sv_exact": [433.0, -165.0, 325.0, -7.0, -129.0, 133.0, 82.0, 402.0, -177.0, 130.0], "sv_shortst_cube": [185.0, -45.0, -388.0, -225.0, 261.0, -445.0, 194.0, 239.0, 948.0, -370.0]}, {"B": [[-683, -17, -265, -806, 963, -804, -354, -587, -778, -885], [982, -943, 363, 713, -921, 863, -988, -484, 1000, -466], [-366, -769, 881, 711, -133, -997, -647, 64, 597, 416], [-712, 4, 232, 860, -712, 748, -215, -29, -720, 514], [-46, 506, 331, -86, 101, -947, -797, 914, 779, 36], [-941, 20, -429, 30, 712, -222, 851, 149, -788, 754], [430, -653, -747, -703, -900, -864, 259, -315, -30, -795], [-402, 739, -723, 38, 618, -824, -219, -431, -717, -473], [918, 990, 547, 480, -76, 788, -765, -954, -112, 233], [778, -588, -323, 619, 465, -520, -502, 873, -567, 34]], "G": [[4618818, -2638053, -511127, -1357057, -29234, 1153069, 1130074, 2987554, -1170660, 7471], [-2638053, 6514277, 1465987, 562648, -266493, -3976865, 585945, -2678892, 2255725, 256153], [-511127, 1465987, 3970867, 343541, 1843107, -598788, -368418, -802478, -585676, 835876], [-1357057, 562648, 343541, 3196494, -1140187, 690974, -1525708, -569542, 926127, -310595], [-29234, -266493, 1843107, -1140187, 3360861, -937796, -356012, 197629, -496534, 803489], [1153069, -3976865, -598788, 690974, -937796, 3562912, -969625, 1285079, -1822572, 35106], [1130074, 585945, -368418, -1525708, -356012, -969625, 4019254, 490265, -1689711, 140375], [2987554, -2678892, -802478, -569542, 197629, 1285079, 490265, 3264338, -162143, 349745], [-1170660, 2255725, -585676, 926127, -496534, -1822572, -1689711, -162143, 4541327, -569963], [7471, 256153, 835876, -310595, 803489, 35106, 140375, 349745, -569963, 3261921]], "lincomb_exact": [0.0, -1.0, 1.0, 0.0, -1.0, -1.0, 0.0, 0.0, 0.0, 0.0], "lincomb_LLL": [0.0, -1.0, 1.0, 0.0, -1.0, -1.0, 0.0, 0.0, 0.0, 0.0], "lincomb_cube": [-0.6139554977416992, -1.291879653930664, 1.0, -0.22071003913879395, -1.538747787475586, -2.146881103515625, -0.6113042831420898, 0.702545166015625, -0.5647735595703125, 0.08001863956451416], "lincomb_cube_shortest": [-1.0, -2.0, 1.0, 0.0, -2.0, -3.0, -1.0, 1.0, -1.0, 0.0], "exact.norm": 1275.14453125, "LLL.norm": 1275.14453125, "shortest_cube.norm": 1459.634765625, "sv_LLL": [-361.0, -352.0, 616.0, 54.0, -25.0, -691.0, 287.0, -515.0, -394.0, 92.0], "sv_exact": [-361.0, -352.0, 616.0, 54.0, -25.0, -691.0, 287.0, -515.0, -394.0, 92.0], "sv_shortst_cube": [-482.0, 464.0, 522.0, 434.0, 2.0, -107.0, 1011.0, 182.0, -394.0, -12.0]}, {"B": [[895, -4, -19, -790, -610, 294, 498, -476, -582, 891], [-889, 842, -953, 342, 742, -516, 65, 346, -512, 254], [-719, -651, -123, 437, -511, 501, 666, 492, 358, 585], [-905, 110, 56, 75, 653, -13, 178, 731, 704, 932], [-311, -498, 666, 939, 796, 872, 639, 174, 419, 271], [973, 282, 203, 146, 621, 483, -930, 409, -754, 306], [-850, -36, 341, 474, -749, -735, 136, -372, 151, -655], [-899, 744, -896, -12, -837, 998, -329, 317, 298, 708], [-714, -313, -820, 761, 18, 470, 916, 944, -323, -925], [376, 173, -421, 327, 7, 568, 104, -595, -936, -258]], "G": [[3491223, -1263448, -114435, -1111509, -1027008, 567352, -1327432, 165563, -1725553, 898105], [-1263448, 3791879, -101140, 1501457, -359672, -14690, 22421, 1254974, 1500348, 251145], [-114435, -101140, 2814991, 1540228, 1726067, -1428758, 392720, 1652420, 1794563, -616788], [-1111509, 1501457, 1540228, 3196749, 1631332, -540178, -411486, 1327637, 392159, -1638947], [-1027008, -359672, 1726067, 1631332, 3751601, -11359, -374714, -333266, 1334123, -174731], [567352, -14690, -1428758, -540178, -11359, 3402041, -2111821, -458723, -1105446, 942325], [-1327432, 22421, 392720, -411486, -374714, -2111821, 2774685, -261885, 670840, -473976], [165563, 1254974, 1652420, 1327637, -333266, -458723, -261885, 4660068, 835326, 40562], [-1725553, 1500348, 1794563, 392159, 1334123, -1105446, 670840, 835326, 4770656, 613102], [898105, 251145, -616788, -1638947, -174731, 942325, -473976, 40562, 613102, 2085649]], "lincomb_exact": [1.0, -1.0, -2.0, 2.0, 0.0, 0.0, 1.0, 0.0, 1.0, 1.0], "lincomb_LLL": [1.0, -1.0, -2.0, 2.0, 0.0, 0.0, 1.0, 0.0, 1.0, 1.0], "lincomb_cube": [1.0, 1.0767459869384766, -0.6047458648681641, -1.8979969024658203, 1.3638763427734375, 0.18251466751098633, 0.21091842651367188, 0.535099983215332, 0.23057031631469727, -2.2290496826171875], "lincomb_cube_shortest": [1.0, 1.0, 0.0, -2.0, 1.0, 0.0, 0.0, 0.0, 0.0, -2.0], "exact.norm": 1270.7109375, "LLL.norm": 1270.7109375, "shortest_cube.norm": 1330.138671875, "sv_LLL": [224.0, 500.0, 392.0, -294.0, 252.0, 85.0, 613.0, -367.0, -486.0, -507.0], "sv_exact": [224.0, 500.0, 392.0, -294.0, 252.0, 85.0, 613.0, -367.0, -486.0, -507.0], "sv_shortst_cube": [753.0, -226.0, 424.0, -313.0, -392.0, -460.0, 638.0, -228.0, -211.0, 68.0]}, {"B": [[711, -190, -156, 425, 638, -317, -166, -199, 588, 572], [473, 509, -808, -190, -414, -343, 614, -233, 842, -463], [-189, -293, -106, 368, -730, -111, -126, 445, 278, 770], [823, 256, -974, -499, 579, -34, 350, 898, 57, 440], [-895, -760, -649, 621, 401, 356, -3, -165, -667, 845], [349, -934, -811, 11, 385, 335, -890, -161, -745, -171], [504, -993, 14, -235, 371, -580, 78, -429, -971, 470], [960, -763, 631, 606, -482, 444, 683, -131, -363, 548], [576, 850, -345, 965, -27, -917, 534, -223, 837, 490], [851, -245, -568, 95, 483, 832, 209, 552, 612, 334]], "G": [[1994200, 304193, 199939, 904956, 140687, 340132, 635828, 551083, 1713613, 1231366], [304193, 2815437, -185996, 1023281, -1608141, -988490, -1075704, -621504, 1983936, 593746], [199939, -185996, 1697536, -19683, 749088, -318805, -207492, 677510, 598740, 207794], [904956, 1023281, -19683, 3402692, -204262, 470290, 292253, -274569, 811643, 2145539], [140687, -1608141, 749088, -204262, 3659152, 1585955, 1206228, 377016, -784665, 124376], [340132, -988490, -318805, 470290, 1585955, 3314736, 1680628, 95725, -1766768, 664261], [635828, -1075704, -207492, 292253, 1206228, 1680628, 3123393, 1391087, -708616, -319233], [551083, -621504, 677510, -274569, 377016, 95725, 1391087, 3614349, 235995, 870970], [1713613, 1983936, 598740, 811643, -784665, -1766768, -708616, 235995, 4221698, 457990], [1231366, 593746, 207794, 2145539, 124376, 664261, -319233, 870970, 457990, 2875873]], "lincomb_exact": [4.0, 1.0, -1.0, 2.0, 1.0, 0.0, -3.0, 2.0, -2.0, -4.0], "lincomb_LLL": [4.0, 1.0, -1.0, 2.0, 1.0, 0.0, -3.0, 2.0, -2.0, -4.0], "lincomb_cube": [2.9102325439453125, 1.0, -0.4044308662414551, 1.8065605163574219, 0.7558155059814453, 0.12756967544555664, -2.305988311767578, 1.662689208984375, -1.8698654174804688, -3.2949905395507812], "lincomb_cube_shortest": [3.0, 1.0, -1.0, 2.0, 1.0, 0.0, -3.0, 2.0, -2.0, -4.0], "exact.norm": 1125.1796875, "LLL.norm": 1125.1796875, "shortest_cube.norm": 1230.015625, "sv_LLL": [109.0, 527.0, 259.0, 372.0, 472.0, -78.0, 1.0, -580.0, 428.0, 150.0], "sv_exact": [109.0, 527.0, 259.0, 372.0, 472.0, -78.0, 1.0, -580.0, 428.0, 150.0], "sv_shortst_cube": [-602.0, 717.0, 415.0, -53.0, -166.0, 239.0, 167.0, -381.0, -160.0, -422.0]}, {"B": [[290, 967, -790, 405, -767, 178, 693, -285, 189, -702], [19, -26, 682, 355, 423, -167, -955, -626, -125, 849], [-81, -378, 622, 274, -715, -553, 354, -469, -774, 702], [497, -989, 229, -968, 125, -385, -985, -335, -369, 312], [-976, -30, -798, -16, 35, -428, -731, 23, -941, -638], [-898, 209, -836, -421, 469, -664, 124, -972, 767, 631], [919, -211, 988, 244, 492, -548, 324, 434, 622, 597], [-545, 559, 350, 720, 603, 387, -473, -83, 669, 744], [-615, 452, -451, -357, 497, 704, 272, -525, -951, -431], [118, -564, -60, 469, 779, -397, -707, -998, -105, -132]], "G": [[3517286, -1871832, -579558, -2425483, -34250, 18656, -1294829, -695993, 675496, -1074684], [-1871832, 2839331, 967941, 1426263, -221729, 497068, 931014, 1711555, -543245, 1739287], [-579558, 967941, 2865596, 647376, -187788, -260685, 486791, -521366, -468023, 163766], [-2425483, 1426263, 647376, 3694400, 407002, -5329, 420178, -1035169, -594899, 1427216], [-34250, -221729, -187788, 407002, 3602360, 607324, -2624228, -680548, 1627335, 816193], [18656, 497068, -260685, -5329, 607324, 4333689, -731324, 1040971, 482358, 976391], [-1294829, 931014, 486791, 420178, -2624228, -731324, 3503755, 658288, -2323072, 77112], [-695993, 1711555, -521366, -1035169, -680548, 1040971, 658288, 2995499, -296872, 501984], [675496, -543245, -468023, -594899, 1627335, 482358, -2323072, -296872, 3095775, 128197], [-1074684, 1739287, 163766, 1427216, 816193, 976391, 77112, 501984, 128197, 2844333]], "lincomb_exact": [3.0, -8.0, 3.0, 6.0, 2.0, -1.0, 3.0, 8.0, 2.0, 1.0], "lincomb_LLL": [3.0, -8.0, 3.0, 6.0, 2.0, -1.0, 3.0, 8.0, 2.0, 1.0], "lincomb_cube": [2.725933074951172, -6.6354522705078125, 2.643707275390625, 5.2152252197265625, 1.3837089538574219, -0.9133291244506836, 2.1975021362304688, 6.798881530761719, 1.3172054290771484, 1.0], "lincomb_cube_shortest": [3.0, -6.0, 2.0, 5.0, 1.0, -1.0, 2.0, 6.0, 1.0, 1.0], "exact.norm": 1079.302734375, "LLL.norm": 1079.302734375, "shortest_cube.norm": 1369.423828125, "sv_LLL": [-312.0, -49.0, -544.0, 25.0, 594.0, 172.0, 310.0, 344.0, -407.0, -78.0], "sv_exact": [-312.0, -49.0, -544.0, 25.0, 594.0, 172.0, 310.0, 344.0, -407.0, -78.0], "sv_shortst_cube": [1072.0, -63.0, -470.0, 118.0, -200.0, 274.0, 112.0, 130.0, 418.0, -410.0]}, {"B": [[357, 349, -245, -98, -76, -622, -459, -508, 10, 454], [-591, -712, -524, -670, -385, 754, -370, 69, 176, 44], [-735, 668, 597, -681, 297, -720, 767, -235, -216, -894], [830, -176, 920, -791, 762, 508, -734, 325, -343, 432], [-384, -611, 467, 566, -690, -574, -592, 155, -618, -58], [524, 714, -791, 924, -212, 643, 31, 237, 539, 227], [-568, 827, -533, -954, -736, 533, 381, -955, -761, 853], [-185, 639, 698, -972, 16, -343, 893, 684, 130, 50], [-872, -90, 637, 842, 916, 589, -400, 582, -860, -854], [-302, -489, 78, -966, -546, -303, -481, -365, -679, -444]], "G": [[1386500, -548649, -324231, 77620, 49734, 129486, 724247, -440017, -1525641, 224878], [-548649, 2471015, -932371, 24979, -10683, -346471, 1047309, -583061, -227828, 1128491], [-324231, -932371, 3902634, -730626, -329354, -1886863, 617483, 2344588, 741325, 916176], [77620, 24979, -730626, 3979319, -374801, -1016790, -603316, 526794, 618104, 376812], [49734, -10683, -329354, -374801, 2624575, -1034570, -826915, -863609, 1101785, 1128630], [129486, -346471, -1886863, -1016790, -1034570, 3121402, -99368, -1043670, -594376, -2108938], [724247, 1047309, 617483, -603316, -826915, -99368, 5390459, 624925, -1864374, 1190781], [-440017, -583061, 2344588, 526794, -863609, -1043670, 624925, 3277144, -570971, 42325], [-1525641, -227828, 741325, 618104, 1101785, -594376, -1864374, -570971, 5036834, -191849], [224878, 1128491, 916176, 376812, 1128630, -2108938, 1190781, 42325, -191849, 2682253]], "lincomb_exact": [1.0, -1.0, -2.0, -1.0, -1.0, -1.0, 0.0, 1.0, 1.0, 1.0], "lincomb_LLL": [1.0, -1.0, -2.0, -1.0, -1.0, -1.0, 0.0, 1.0, 1.0, 1.0], "lincomb_cube": [1.0, 0.10242354869842529, -0.6153964996337891, -0.43720149993896484, -0.4223151206970215, -0.2313394546508789, -0.13334131240844727, 0.59527587890625, 0.5436897277832031, 0.2291884422302246], "lincomb_cube_shortest": [1.0, 0.0, 0.0, 0.0, 0.0, 0.0, 0.0, 0.0, 0.0, 0.0], "exact.norm": 1089.6875, "LLL.norm": 1089.6875, "shortest_cube.norm": 1177.498046875, "sv_LLL": [89.0, -142.0, -98.0, 139.0, 241.0, -570.0, -316.0, 77.0, -721.0, 349.0], "sv_exact": [89.0, -142.0, -98.0, 139.0, 241.0, -570.0, -316.0, 77.0, -721.0, 349.0], "sv_shortst_cube": [357.0, 349.0, -245.0, -98.0, -76.0, -622.0, -459.0, -508.0, 10.0, 454.0]}, {"B": [[563, 773, -515, -987, -293, -945, -205, 642, -646, 802], [-814, 908, -500, 805, 200, 377, -691, 0, -476, -143], [-965, 384, -935, -57, -372, -897, 928, -437, -373, 423], [639, 380, 805, -821, -844, 910, -251, -10, -902, 533], [413, -819, -221, 454, 170, -760, 763, -794, -140, 773], [496, -60, -392, 908, 770, 607, -452, -530, -814, 852], [-936, 862, 409, -98, -781, -545, -802, 344, 9, 52], [-570, -16, -9, -774, -553, -390, -403, -661, 741, -242], [-691, 306, 898, 326, -50, -389, 766, 29, 463, -599], [993, 715, 830, 118, -571, -378, -191, 820, 244, 272]], "G": [[4647475, -373833, 1357392, 1491784, -22238, -299125, 1190455, -48643, -1472380, 1718466], [-373833, 3291720, 619039, -537667, -1427516, 1429515, 1442007, -466385, -166938, -758857], [1357392, 619039, 4269359, -1345548, 1520437, -541663, 760871, 688099, 565739, -1426527], [1491784, -537667, -1345548, 4576017, -1078316, 442702, 519833, -319874, -1111264, 1580072], [-22238, -1427516, 1520437, -1078316, 3532521, 1270932, -1792123, -442784, -265726, -735841], [-299125, 1429515, -541663, 442702, 1270932, 4062797, -1480311, -1920436, -1940559, -752844], [1190455, 1442007, 760871, 519833, -1792123, -1480311, 3467336, 1326249, 865600, 1118351], [-48643, -466385, 688099, -319874, -442784, -1920436, 1326249, 2589197, 468102, -563136], [-1472380, -166938, 565739, -1111264, -265726, -1940559, 865600, 468102, 2798385, 319545], [1718466, -758857, -1426527, 1580072, -735841, -752844, 1118351, -563136, 319545, 3511424]], "lincomb_exact": [-1.0, 0.0, 1.0, 0.0, 0.0, 0.0, 0.0, 0.0, -1.0, 1.0], "lincomb_LLL": [-1.0, 0.0, 1.0, 0.0, 0.0, 0.0, 0.0, 0.0, -1.0, 1.0], "lincomb_cube": [-0.5083608627319336, -1.4799060821533203, 1.0, -0.3428945541381836, -1.310384750366211, 1.1918792724609375, 0.3791322708129883, -0.013156086206436157, -0.14831137657165527, 0.36108827590942383], "lincomb_cube_shortest": [0.0, -1.0, 1.0, 0.0, -1.0, 1.0, 0.0, 0.0, 0.0, 0.0], "exact.norm": 1227.4140625, "LLL.norm": 1227.4140625, "shortest_cube.norm": 1240.23828125, "sv_LLL": [156.0, 20.0, -488.0, 722.0, -600.0, 59.0, 176.0, -288.0, 54.0, 492.0], "sv_exact": [156.0, 20.0, -488.0, 722.0, -600.0, 59.0, 176.0, -288.0, 54.0, 492.0], "sv_shortst_cube": [-68.0, 235.0, -606.0, -408.0, 28.0, 93.0, 404.0, -173.0, -571.0, 645.0]}, {"B": [[-190, -142, -867, 749, 476, 652, -57, 865, -215, 674], [936, 318, 551, -206, 357, -227, -160, -33, 54, 981], [694, -287, -269, -483, -771, 211, -212, -800, 116, -897], [-578, -327, 248, 206, 648, 701, -253, -6, -348, -615], [91, 886, -535, 144, 896, -649, -161, 60, 702, -436], [918, -391, -312, 857, -499, -491, -539, 831, 718, 960], [-540, -217, 603, 43, 940, 605, 970, -489, -341, 897], [833, 357, -462, 974, -651, 572, 681, -69, -165, -137], [853, -338, -211, -388, 885, -322, 71, -206, 212, -400], [385, 799, -337, 824, 764, 729, 910, 64, -754, -733]], "G": [[3272609, -202920, -1758508, 530573, 48230, 1478051, 684338, 828819, -507850, 1233277], [-202920, 2494201, -626920, -1060002, 143642, 1359119, 669674, -174233, 658116, -541225], [-1758508, -626920, 3011626, -255467, -485864, -627930, -1751147, 766669, 716014, -378770], [530573, -1060002, -255467, 2019632, -255460, -1680007, 899243, -563225, -11509, 1091039], [48230, 143642, -485864, -255460, 3036676, 121110, -924204, -344872, 1136539, 900933], [1478051, 1359119, -627930, -1680007, 121110, 4735686, -1641180, 973578, -76224, -1569200], [684338, 669674, -1751147, 899243, -924204, -1641180, 4054683, -402186, -155589, 1061160], [828819, -174233, 766669, -563225, -344872, 973578, -402186, 3248959, -368481, 2323967], [-507850, 658116, 716014, -11509, 1136539, -76224, -155589, -368481, 2176248, 435918], [1233277, -541225, -378770, 1091039, 900933, -1569200, 1061160, 2323967, 435918, 4632309]], "lincomb_exact": [1.0, 1.0, -4.0, 2.0, 0.0, -4.0, -2.0, 6.0, 3.0, -5.0], "lincomb_LLL": [1.0, 1.0, -4.0, 2.0, 0.0, -4.0, -2.0, 6.0, 3.0, -5.0], "lincomb_cube": [1.0, 1.8906879425048828, -6.842277526855469, 3.3738250732421875, 0.19049882888793945, -6.565643310546875, -3.391674041748047, 10.20025634765625, 4.778533935546875, -8.450653076171875], "lincomb_cube_shortest": [1.0, 2.0, -7.0, 3.0, 0.0, -7.0, -4.0, 10.0, 5.0, -8.0], "exact.norm": 861.806640625, "LLL.norm": 861.806640625, "shortest_cube.norm": 1307.591796875, "sv_LLL": [-146.0, -199.0, -422.0, -67.0, 258.0, 558.0, 90.0, 322.0, -95.0, 22.0], "sv_exact": [-146.0, -199.0, -422.0, -67.0, 258.0, 558.0, 90.0, 322.0, -95.0, 22.0], "sv_shortst_cube": [339.0, 615.0, -345.0, -627.0, 67.0, 119.0, 126.0, 288.0, -183.0, -744.0]}, {"B": [[666, -573, -148, 674, -86, -554, -390, -397, 193, -222], [-939, 442, -226, 918, -706, 470, -676, 766, -647, -758], [449, 729, 403, 99, -947, -376, -215, -384, 841, 209], [-73, 655, 741, -284, -312, 152, 795, -60, 270, -669], [989, -330, -118, -119, 757, -782, 414, -834, -211, -975], [-917, 362, 976, -187, -634, 724, -182, -868, -655, -425], [934, 387, 345, -497, -574, 342, -970, 259, -629, 868], [403, -699, 531, 862, -897, 71, 403, -3, -650, -385], [252, -59, 60, -241, 711, -32, 990, 47, -31, -635], [792, -894, 49, -905, -178, -262, 193, 762, 479, -130]], "G": [[1958619, -423181, 530358, -867995, 1498513, -1051695, -164465, 1013174, -282865, 326491], [-423181, 4727126, -459080, -29377, -2102228, 1620788, -71071, 1088241, -1146361, -1736321], [530358, -459080, 2888080, 892901, -428671, 287916, 967824, 80862, -980511, -57322], [-867995, -29377, 892901, 2340625, 277438, 1403096, -724044, 354685, 1029842, -10330], [1498513, -2102228, -428671, 277438, 4161777, -964250, -1218680, 411319, 1849876, 720434], [-1051695, 1620788, 287916, 1403096, -964250, 4281808, 319622, 873208, -553553, -1864706], [-164465, -71071, 967824, -724044, -1218680, 319622, 3991645, 82813, -1545854, 469025], [1013174, 1088241, 80862, 354685, 411319, 873208, 82813, 3218808, -9670, 145248], [-282865, -1146361, -980511, 1029842, 1849876, -553553, -1545854, -9670, 2021706, 649786], [326491, -1736321, -57322, -10330, 720434, -1864706, 469025, 145248, 649786, 3212488]], "lincomb_exact": [1.0, 0.0, 0.0, 0.0, -1.0, 0.0, 0.0, 0.0, 1.0, 0.0], "lincomb_LLL": [1.0, 0.0, 0.0, 0.0, -1.0, 0.0, 0.0, 0.0, 1.0, 0.0], "lincomb_cube": [1.0, -0.2753620147705078, -1.1987724304199219, 1.6847000122070312, -0.1770319938659668, -0.37122154235839844, 0.1772143840789795, -0.2522768974304199, -1.1918563842773438, -0.21560359001159668], "lincomb_cube_shortest": [1.0, 0.0, -1.0, 1.0, 0.0, 0.0, 0.0, 0.0, -1.0, 0.0], "exact.norm": 937.8671875, "LLL.norm": 937.8671875, "shortest_cube.norm": 1082.37890625, "sv_LLL": [-71.0, -302.0, 30.0, 552.0, -132.0, 196.0, 186.0, 484.0, 373.0, 118.0], "sv_exact": [-71.0, -302.0, 30.0, 552.0, -132.0, 196.0, 186.0, 484.0, 373.0, 118.0], "sv_shortst_cube": [-108.0, -588.0, 130.0, 532.0, -162.0, 6.0, -370.0, -120.0, -347.0, -465.0]}, {"B": [[-595, -939, 461, -601, 83, -905, -769, -436, 126, 218], [-260, 764, 583, -674, -582, -719, 814, -686, -353, 837], [789, -436, -148, -710, -783, -795, 93, 621, -226, 912], [445, -285, 840, -524, 364, -586, 106, -266, -406, 155], [423, -734, -267, -220, -493, 374, -603, -698, 321, 162], [716, 790, 317, 745, -195, -654, -365, 545, -808, -25], [743, 216, 680, 193, -288, 67, 86, 498, -78, 235], [940, -382, -421, 310, -754, -552, 671, 905, 272, -593], [713, -692, -159, -119, -783, -450, 39, 309, 154, 181], [474, -660, -640, 32, -955, -572, -482, -888, 635, 185]], "G": [[3480239, 524648, 780984, 1282642, 911082, -957946, -773821, -1149596, 460181, 1339999], [524648, 4259516, 1374141, 1260755, -649850, 277116, 310250, -821908, -30396, 92420], [780984, 1374141, 3860845, 981731, 523837, 781541, 975824, 1801762, 2268914, 1365187], [1282642, 1260755, 981731, 2006171, -93657, 422147, 539790, -311845, 309460, -211785], [911082, -649850, 523837, -93657, 2200397, -1097725, -287663, -157568, 935436, 2249944], [-957946, 277116, 781541, 422147, -1097725, 3341750, 1371484, 1020150, 296968, -626478], [-773821, 310250, 975824, 539790, -287663, 1371484, 1502496, 917451, 632313, -472417], [-1149596, -821908, 1801762, -311845, -157568, 1020150, 917451, 3870984, 2043764, 948807], [460181, -30396, 2268914, 309460, 935436, 296968, 632313, 2043764, 1995743, 1735884], [1339999, 92420, 1365187, -211785, 2249944, -626478, -472417, 948807, 1735884, 3768427]], "lincomb_exact": [0.0, 0.0, 1.0, 0.0, 1.0, 0.0, 0.0, 1.0, -3.0, 0.0], "lincomb_LLL": [0.0, 0.0, 1.0, 0.0, 1.0, 0.0, 0.0, 1.0, -3.0, 0.0], "lincomb_cube": [0.4006962776184082, 0.20889496803283691, 0.3399887