[{"B": [[-39, -67, -19], [-79, -19, -94], [-87, -86, 58]], "G": [[6371, 6140, 8053], [6140, 15438, 3055], [8053, 3055, 18329]], "lincomb_LLL": [1.0, 0.0, 0.0], "lincomb_cube": [2.0, -0.6427516937255859, -0.7715854644775391], "LLL.norm": 79.818603515625, "cube.norm": 71.8599853515625, "sv_LLL": [-39.0, -67.0, -19.0], "sv_cube": [39.90533447265625, -55.431396484375, -22.33331298828125]}, {"B": [[-5, -47, 72], [-97, -83, 10], [-13, -46, 39]], "G": [[7418, 5106, 5035], [5106, 16398, 5469], [5035, 5469, 3806]], "lincomb_LLL": [-1.0, 0.0, 1.0], "lincomb_cube": [2.0, 0.49863195419311523, -3.3623275756835938], "LLL.norm": 33.9705810546875, "cube.norm": 30.089599609375, "sv_LLL": [-8.0, 1.0, -33.0], "sv_cube": [-14.65704345703125, 19.280517578125, 17.85546875]}, {"B": [[63, 95, 66], [26, 46, -6], [68, 23, -83]], "G": [[17350, 5612, 991], [5612, 2828, 3324], [991, 3324, 12042]], "lincomb_LLL": [0.0, 1.0, 0.0], "lincomb_cube": [-0.6182899475097656, 2.0, -0.501185417175293], "LLL.norm": 53.178955078125, "cube.norm": 32.25579833984375, "sv_LLL": [26.0, 46.0, -6.0], "sv_cube": [-21.03289794921875, 21.73516845703125, -11.208740234375]}, {"B": [[-97, 26, 77], [57, 18, -8], [-87, -76, -14]], "G": [[16014, -5677, 5385], [-5677, 3637, -6215], [5385, -6215, 13541]], "lincomb_LLL": [-1.0, -5.0, -2.0], "lincomb_cube": [0.4621248245239258, 2.0, 0.7341747283935547], "LLL.norm": 39.66107177734375, "cube.norm": 13.237930297851562, "sv_LLL": [-14.0, 36.0, -9.0], "sv_cube": [5.30059814453125, -7.78204345703125, 9.30517578125]}, {"B": [[-60, 29, -13], [-19, 15, -17], [39, -8, -29]], "G": [[4610, 1796, -2195], [1796, 875, -368], [-2195, -368, 2426]], "lincomb_LLL": [-3.0, 5.0, -2.0], "lincomb_cube": [2.0, -3.571971893310547, 1.267730712890625], "LLL.norm": 14.456832885742188, "cube.norm": 6.643852233886719, "sv_LLL": [7.0, 4.0, 12.0], "sv_cube": [-2.6910400390625, -5.721435546875, -2.0406494140625]}, {"B": [[92, 88, -67], [-70, 100, -39], [33, -40, 13]], "G": [[20697, 4973, -1355], [4973, 16421, -6817], [-1355, -6817, 2858]], "lincomb_LLL": [0.0, 1.0, 2.0], "lincomb_cube": [-0.17362689971923828, 2.0, 4.688148498535156], "LLL.norm": 24.186767578125, "cube.norm": 6.2334442138671875, "sv_LLL": [-4.0, 20.0, -13.0], "sv_cube": [-1.2646484375, -2.80517578125, -5.4210205078125]}, {"B": [[53, -66, -79], [-13, 2, -9], [-70, -16, -38]], "G": [[13406, -110, 348], [-110, 254, 1220], [348, 1220, 6600]], "lincomb_LLL": [0.0, 1.0, 0.0], "lincomb_cube": [0.02604299783706665, 2.0, -0.37106990814208984], "LLL.norm": 15.9373779296875, "cube.norm": 10.240081787109375, "sv_LLL": [-13.0, 2.0, -9.0], "sv_cube": [1.35516357421875, 8.218276977539062, -5.9567413330078125]}, {"B": [[18, 86, -30], [-38, 5, -50], [27, 60, 10]], "G": [[8620, 1246, 5346], [1246, 3969, -1226], [5346, -1226, 4429]], "lincomb_LLL": [-1.0, 1.0, 1.0], "lincomb_cube": [2.0, -1.5019912719726562, -2.8298568725585938], "LLL.norm": 37.17523193359375, "cube.norm": 21.913299560546875, "sv_LLL": [-29.0, -21.0, -10.0], "sv_cube": [16.6695556640625, -5.301513671875, -13.198974609375]}, {"B": [[5, -73, 29], [72, -22, -52], [56, 89, -74]], "G": [[6195, 458, -8363], [458, 8372, 5922], [-8363, 5922, 16533]], "lincomb_LLL": [1.0, -1.0, 1.0], "lincomb_cube": [2.0, -1.1050033569335938, 1.4074783325195312], "LLL.norm": 40.17462158203125, "cube.norm": 15.044906616210938, "sv_LLL": [-11.0, 38.0, 7.0], "sv_cube": [9.258544921875, 3.57568359375, 11.3067626953125]}, {"B": [[97, 49, -60], [82, -21, 80], [61, 16, 31]], "G": [[15410, 2125, 4841], [2125, 13565, 7146], [4841, 7146, 4938]], "lincomb_LLL": [1.0, 2.0, -4.0], "lincomb_cube": [-0.4936695098876953, -0.9762592315673828, 2.0], "LLL.norm": 64.1405029296875, "cube.norm": 31.93115234375, "sv_LLL": [17.0, -57.0, -24.0], "sv_cube": [-5.939208984375, 28.311614990234375, 13.51947021484375]}, {"B": [[-10, 23, -46], [63, 73, -48], [-42, -13, -38]], "G": [[2745, 3257, 1869], [3257, 11602, -1771], [1869, -1771, 3377]], "lincomb_LLL": [3.0, -1.0, -2.0], "lincomb_cube": [2.0, -0.7939786911010742, -1.523284912109375], "LLL.norm": 27.58624267578125, "cube.norm": 10.676193237304688, "sv_LLL": [-9.0, 22.0, -14.0], "sv_cube": [-6.04266357421875, 7.842254638671875, 3.99578857421875]}, {"B": [[-16, 71, 61], [83, -2, 23], [-49, 69, 68]], "G": [[9018, -67, 9831], [-67, 7422, -2641], [9831, -2641, 11786]], "lincomb_LLL": [-1.0, 0.0, 1.0], "lincomb_cube": [2.0, -0.6254348754882812, -1.8083972930908203], "LLL.norm": 33.79351806640625, "cube.norm": 24.47650146484375, "sv_LLL": [-33.0, -2.0, 7.0], "sv_cube": [4.7003173828125, 18.4715576171875, -15.3560791015625]}, {"B": [[37, -32, -78], [-8, -33, -75], [80, 41, 91]], "G": [[8477, 6610, -5450], [6610, 6778, -8818], [-5450, -8818, 16362]], "lincomb_LLL": [-6.0, 11.0, 4.0], "lincomb_cube": [2.0, -3.6262245178222656, -1.2881088256835938], "LLL.norm": 14.071243286132812, "cube.norm": 3.1154747009277344, "sv_LLL": [10.0, -7.0, 7.0], "sv_cube": [-0.0389404296875, 2.85296630859375, -1.2510986328125]}, {"B": [[52, -45, -54], [-31, 27, 40], [78, 34, -82]], "G": [[7645, -4987, 6954], [-4987, 3290, -4780], [6954, -4780, 13964]], "lincomb_LLL": [-2.0, -3.0, 0.0], "lincomb_cube": [1.2465896606445312, 2.0, 0.06382215023040771], "LLL.norm": 18.60107421875, "cube.norm": 10.787567138671875, "sv_LLL": [-11.0, 9.0, -12.0], "sv_cube": [7.800758361816406, 0.073394775390625, 7.4507904052734375]}, {"B": [[-66, 98, -86], [-15, -13, 78], [-92, -45, 96]], "G": [[21356, -6992, -6594], [-6992, 6478, 9453], [-6594, 9453, 19705]], "lincomb_LLL": [0.0, 1.0, 0.0], "lincomb_cube": [0.3998751640319824, 2.0, -0.8256397247314453], "LLL.norm": 80.486083984375, "cube.norm": 68.6339111328125, "sv_LLL": [-15.0, -13.0, 78.0], "sv_cube": [19.567138671875, 50.341552734375, 42.3492431640625]}, {"B": [[-1, -100, -75], [-49, 37, 3], [-80, 71, -88]], "G": [[15626, -3876, -420], [-3876, 3779, 6283], [-420, 6283, 19185]], "lincomb_LLL": [0.0, 1.0, 0.0], "lincomb_cube": [0.4787731170654297, 2.0, -0.6445093154907227], "LLL.norm": 61.47357177734375, "cube.norm": 57.4947509765625, "sv_LLL": [-49.0, 37.0, 3.0], "sv_cube": [-46.91802978515625, -19.637451171875, 26.808837890625]}, {"B": [[41, 16, -25], [-51, 29, 78], [83, 54, 82]], "G": [[2562, -3577, 2217], [-3577, 9526, 3729], [2217, 3729, 16529]], "lincomb_LLL": [1.0, 0.0, 0.0], "lincomb_cube": [2.0, 0.9389276504516602, -0.48008108139038086], "LLL.norm": 50.6162109375, "cube.norm": 37.4464111328125, "sv_LLL": [41.0, 16.0, -25.0], "sv_cube": [-5.7320556640625, 33.30450439453125, -16.13031005859375]}, {"B": [[95, 20, -4], [-41, -44, 10], [-30, 51, 53]], "G": [[9441, -4815, -2042], [-4815, 3717, -484], [-2042, -484, 6310]], "lincomb_LLL": [1.0, 1.0, 0.0], "lincomb_cube": [1.1324653625488281, 2.0, 0.5198879241943359], "LLL.norm": 59.39697265625, "cube.norm": 58.81414794921875, "sv_LLL": [54.0, -24.0, 6.0], "sv_cube": [9.987594604492188, -38.83642578125, 43.024169921875]}, {"B": [[-15, 77, 46], [-87, -46, -78], [-57, 89, 70]], "G": [[8270, -5825, 10928], [-5825, 15769, -4595], [10928, -4595, 16070]], "lincomb_LLL": [-1.0, 0.0, 1.0], "lincomb_cube": [2.0, 0.3736095428466797, -1.2532215118408203], "LLL.norm": 49.8397216796875, "cube.norm": 36.56561279296875, "sv_LLL": [-42.0, 12.0, 24.0], "sv_cube": [8.9295654296875, 25.2772216796875, -24.86700439453125]}, {"B": [[-20, -71, 24], [51, -87, 33], [-18, -25, 13]], "G": [[6017, 5949, 2447], [5949, 11259, 1686], [2447, 1686, 1118]], "lincomb_LLL": [1.0, 0.0, -2.0], "lincomb_cube": [2.0, -0.5182857513427734, -3.5958595275878906], "LLL.norm": 26.476409912109375, "cube.norm": 17.415557861328125, "sv_LLL": [16.0, -21.0, -2.0], "sv_cube": [-1.7071533203125, -7.0126953125, -15.849578857421875]}, {"B": [[43, 34, -99], [30, 36, 97], [-100, -75, -75]], "G": [[12806, -7089, 575], [-7089, 11605, -12975], [575, -12975, 21250]], "lincomb_LLL": [1.0, 2.0, 1.0], "lincomb_cube": [1.5803775787353516, 3.0, 1.78900146484375], "LLL.norm": 37.01348876953125, "cube.norm": 34.6153564453125, "sv_LLL": [3.0, 31.0, 20.0], "sv_cube": [-20.944091796875, 27.557861328125, 0.36767578125]}, {"B": [[61, -90, 37], [-17, 70, -31], [-13, 63, -81]], "G": [[13190, -8484, -9460], [-8484, 6150, 7142], [-9460, 7142, 10699]], "lincomb_LLL": [1.0, 1.0, 0.0], "lincomb_cube": [0.8990049362182617, 2.0, -0.5401830673217773], "LLL.norm": 48.70318603515625, "cube.norm": 40.3697509765625, "sv_LLL": [44.0, -20.0, 6.0], "sv_cube": [27.861663818359375, 25.05804443359375, 15.01800537109375]}, {"B": [[10, 72, 80], [62, -21, 79], [-86, 57, -76]], "G": [[11684, 5428, -2836], [5428, 10526, -12533], [-2836, -12533, 16421]], "lincomb_LLL": [-2.0, 7.0, 5.0], "lincomb_cube": [-0.5830659866333008, 2.0, 1.4257621765136719], "LLL.norm": 21.470916748046875, "cube.norm": 6.008903503417969, "sv_LLL": [-16.0, -6.0, 13.0], "sv_cube": [-4.4462890625, -2.7122802734375, 2.996826171875]}, {"B": [[56, 83, 99], [-63, -28, -46], [-27, -1, 1]], "G": [[19826, -10406, -1496], [-10406, 6869, 1683], [-1496, 1683, 731]], "lincomb_LLL": [0.0, 0.0, 1.0], "lincomb_cube": [0.8305349349975586, 2.0, -2.904949188232422], "LLL.norm": 27.037017822265625, "cube.norm": 20.318389892578125, "sv_LLL": [-27.0, -1.0, 1.0], "sv_cube": [-1.056396484375, 15.839401245117188, -12.682052612304688]}, {"B": [[-54, 39, 5], [2, 53, 70], [-15, -22, -56]], "G": [[4462, 2309, -328], [2309, 7713, -5116], [-328, -5116, 3845]], "lincomb_LLL": [1.0, -2.0, -3.0], "lincomb_cube": [-1.2669601440429688, 3.0, 3.8835983276367188], "LLL.norm": 35.48236083984375, "cube.norm": 32.1759033203125, "sv_LLL": [-13.0, -1.0, 33.0], "sv_cube": [16.16192626953125, 24.1494140625, -13.816162109375]}, {"B": [[-8, -56, -86], [-36, 70, 36], [-89, 63, -68]], "G": [[10596, -6728, 3032], [-6728, 7492, 5166], [3032, 5166, 16514]], "lincomb_LLL": [3.0, 4.0, -2.0], "lincomb_cube": [2.0, 2.61285400390625, -1.1845703125], "LLL.norm": 27.928466796875, "cube.norm": 6.497772216796875, "sv_LLL": [10.0, -14.0, 22.0], "sv_cube": [-4.635986328125, -3.72802734375, 2.613525390625]}, {"B": [[9, 10, -26], [11, -75, -28], [76, 73, -94]], "G": [[857, 77, 3858], [77, 6530, -2007], [3858, -2007, 19941]], "lincomb_LLL": [1.0, 0.0, 0.0], "lincomb_cube": [2.0, -0.14705920219421387, -0.40174245834350586], "LLL.norm": 29.274566650390625, "cube.norm": 17.478759765625, "sv_LLL": [9.0, 10.0, -26.0], "sv_cube": [-14.15008544921875, 1.70220947265625, -10.1185302734375]}, {"B": [[-63, 44, 50], [-87, -41, -87], [51, 10, 38]], "G": [[8405, -673, -873], [-673, 16819, -8153], [-873, -8153, 4145]], "lincomb_LLL": [0.0, 1.0, 2.0], "lincomb_cube": [0.5814638137817383, 2.0, 4.056358337402344], "LLL.norm": 28.05352783203125, "cube.norm": 18.716888427734375, "sv_LLL": [15.0, -21.0, -11.0], "sv_cube": [-3.758056640625, -15.85198974609375, 9.21484375]}, {"B": [[36, 10, -72], [65, 43, -35], [18, -13, -84]], "G": [[6580, 5290, 6566], [5290, 7299, 3551], [6566, 3551, 7549]], "lincomb_LLL": [3.0, -1.0, -2.0], "lincomb_cube": [2.0, -0.7822132110595703, -1.3716201782226562], "LLL.norm": 19.672332763671875, "cube.norm": 5.66265869140625, "sv_LLL": [7.0, 13.0, -13.0], "sv_cube": [-3.53302001953125, 4.19586181640625, -1.406494140625]}, {"B": [[100, 54, -83], [49, 100, -44], [51, -67, -16]], "G": [[19805, 13952, 2810], [13952, 14337, -3497], [2810, -3497, 7346]], "lincomb_LLL": [-1.0, 1.0, 1.0], "lincomb_cube": [-1.63262939453125, 2.0, 1.57659912109375], "LLL.norm": 31.14483642578125, "cube.norm": 27.647064208984375, "sv_LLL": [0.0, -21.0, 23.0], "sv_cube": [15.1435546875, 6.2059326171875, 22.28271484375]}, {"B": [[43, 23, -35], [-84, 10, 3], [87, -40, 3]], "G": [[3603, -3487, 2716], [-3487, 7165, -7699], [2716, -7699, 9178]], "lincomb_LLL": [0.0, 1.0, 1.0], "lincomb_cube": [0.8635635375976562, 2.0, 1.4221572875976562], "LLL.norm": 30.7408447265625, "cube.norm": 27.1868896484375, "sv_LLL": [3.0, -30.0, 6.0], "sv_cube": [-7.1390380859375, -17.02435302734375, -19.958251953125]}, {"B": [[57, 13, 97], [38, 46, -76], [64, 45, 9]], "G": [[12827, -4608, 5106], [-4608, 9336, 3818], [5106, 3818, 6202]], "lincomb_LLL": [-2.0, -2.0, 3.0], "lincomb_cube": [3.0, 3.328826904296875, -4.51910400390625], "LLL.norm": 22.759613037109375, "cube.norm": 14.2027587890625, "sv_LLL": [2.0, 17.0, -15.0], "sv_cube": [8.2724609375, -11.233642578125, -2.66265869140625]}, {"B": [[-81, 72, -100], [0, -49, -26], [78, -82, 54]], "G": [[21745, -928, -17622], [-928, 3077, 2614], [-17622, 2614, 15724]], "lincomb_LLL": [1.0, -1.0, 1.0], "lincomb_cube": [2.0, -1.5149078369140625, 2.493255615234375], "LLL.norm": 43.9317626953125, "cube.norm": 43.80999755859375, "sv_LLL": [-3.0, 39.0, -20.0], "sv_cube": [32.473876953125, 13.783447265625, -25.9765625]}, {"B": [[7, 13, 37], [7, -12, 36], [-34, 63, 7]], "G": [[1587, 1225, 840], [1225, 1489, -742], [840, -742, 5174]], "lincomb_LLL": [-1.0, 1.0, 0.0], "lincomb_cube": [2.0, -1.9462947845458984, -0.6038169860839844], "LLL.norm": 25.019989013671875, "cube.norm": 23.773193359375, "sv_LLL": [0.0, -25.0, -1.0], "sv_cube": [20.90570068359375, 11.3150634765625, -0.293365478515625]}, {"B": [[32, 80, 17], [74, 30, 57], [-70, -98, -68]], "G": [[7713, 5737, -11236], [5737, 9625, -11996], [-11236, -11996, 19128]], "lincomb_LLL": [1.0, 1.0, 1.0], "lincomb_cube": [2.0, 1.2461624145507812, 1.9563446044921875], "LLL.norm": 38.418701171875, "cube.norm": 34.46002197265625, "sv_LLL": [36.0, 12.0, 6.0], "sv_cube": [19.27197265625, 5.6630859375, -28.000244140625]}, {"B": [[29, 99, -14], [51, 37, 6], [81, 3, 100]], "G": [[10838, 5058, 1246], [5058, 4006, 4842], [1246, 4842, 16570]], "lincomb_LLL": [0.0, 1.0, 0.0], "lincomb_cube": [-0.8737468719482422, 2.0, -0.5187273025512695], "LLL.norm": 63.29296875, "cube.norm": 46.4954833984375, "sv_LLL": [51.0, 37.0, 6.0], "sv_cube": [34.64447021484375, -14.057159423828125, -27.640289306640625]}, {"B": [[-69, 84, -1], [-76, 49, 7], [18, 76, -13]], "G": [[11818, 9353, 5155], [9353, 8226, 2265], [5155, 2265, 6269]], "lincomb_LLL": [-2.0, 2.0, 1.0], "lincomb_cube": [3.0, -3.033550262451172, -1.3708744049072266], "LLL.norm": 7.810249328613281, "cube.norm": 6.564308166503906, "sv_LLL": [4.0, 6.0, 3.0], "sv_cube": [-1.125946044921875, -0.8304443359375, -6.413482666015625]}, {"B": [[4, -8, -1], [27, -63, -51], [-29, 90, -80]], "G": [[81, 663, -756], [663, 7299, -2373], [-756, -2373, 15341]], "lincomb_LLL": [1.0, 0.0, 0.0], "lincomb_cube": [2.0, -0.1575489044189453, 0.0741891860961914], "LLL.norm": 9.0, "cube.norm": 1.7076740264892578, "sv_LLL": [4.0, -8.0, -1.0], "sv_cube": [1.5946922302246094, 0.6026077270507812, 0.099853515625]}, {"B": [[-19, 73, -67], [32, 5, -81], [-81, 32, 83]], "G": [[10179, 5184, -1686], [5184, 7610, -9155], [-1686, -9155, 14474]], "lincomb_LLL": [-1.0, 2.0, 1.0], "lincomb_cube": [-1.2374267578125, 3.0, 1.7533988952636719], "LLL.norm": 33.3016357421875, "cube.norm": 32.9913330078125, "sv_LLL": [2.0, -31.0, -12.0], "sv_cube": [-22.5142822265625, -19.223388671875, -14.56005859375]}, {"B": [[33, -71, -76], [-36, 46, 32], [-39, 79, -74]], "G": [[11906, -6886, -1272], [-6886, 4436, 2670], [-1272, 2670, 13238]], "lincomb_LLL": [-1.0, -2.0, 0.0], "lincomb_cube": [2.0, 3.4019126892089844, -0.49396514892578125], "LLL.norm": 45.89117431640625, "cube.norm": 45.0499267578125, "sv_LLL": [39.0, -21.0, 12.0], "sv_cube": [-37.2042236328125, -24.53521728515625, -6.58538818359375]}, {"B": [[-90, 25, -72], [-65, 20, -55], [-90, 85, -55]], "G": [[13909, 10310, 14185], [10310, 7650, 10575], [14185, 10575, 18350]], "lincomb_LLL": [-3.0, 4.0, 0.0], "lincomb_cube": [2.0, -2.7451095581054688, 0.03594088554382324], "LLL.norm": 11.874343872070312, "cube.norm": 7.177665710449219, "sv_LLL": [10.0, 5.0, -4.0], "sv_cube": [-4.80255126953125, -1.8472480773925781, 5.00421142578125]}, {"B": [[-98, 15, 47], [-48, 88, 89], [87, -74, -79]], "G": [[12038, 10207, -13349], [10207, 17969, -17719], [-13349, -17719, 19286]], "lincomb_LLL": [0.0, 1.0, 1.0], "lincomb_cube": [2.0, 2.4352378845214844, 3.621692657470703], "LLL.norm": 42.62628173828125, "cube.norm": 34.2489013671875, "sv_LLL": [39.0, 14.0, 10.0], "sv_cube": [2.19580078125, -23.704345703125, 24.62255859375]}, {"B": [[8, 1, 88], [-34, -28, 53], [-4, -20, 97]], "G": [[7809, 4364, 8484], [4364, 4749, 5837], [8484, 5837, 9825]], "lincomb_LLL": [-1.0, 0.0, 1.0], "lincomb_cube": [2.0, 1.0557079315185547, -2.3542137145996094], "LLL.norm": 25.806976318359375, "cube.norm": 22.44757080078125, "sv_LLL": [-12.0, -21.0, 9.0], "sv_cube": [-10.477188110351562, 19.52447509765625, 3.593994140625]}, {"B": [[-32, 93, -40], [3, 94, -85], [52, -68, -87]], "G": [[11273, 12046, -4508], [12046, 16070, 1159], [-4508, 1159, 14897]], "lincomb_LLL": [-1.0, 1.0, 0.0], "lincomb_cube": [2.0, -1.5515460968017578, 0.7259340286254883], "LLL.norm": 57.01751708984375, "cube.norm": 34.1629638671875, "sv_LLL": [35.0, 1.0, -45.0], "sv_cube": [-30.90606689453125, -9.208740234375, -11.27490234375]}, {"B": [[-86, -69, 93], [-21, -87, 50], [-8, 87, -45]], "G": [[20806, 12459, -9500], [12459, 10510, -9651], [-9500, -9651, 9658]], "lincomb_LLL": [0.0, 1.0, 1.0], "lincomb_cube": [-0.517542839050293, 2.0, 1.4894752502441406], "LLL.norm": 29.427886962890625, "cube.norm": 19.850372314453125, "sv_LLL": [-29.0, 0.0, 5.0], "sv_cube": [-9.407135009765625, -8.705322265625, -15.1578369140625]}, {"B": [[-41, 77, -57], [-73, 97, -94], [43, 66, -41]], "G": [[10859, 15820, 5656], [15820, 23574, 7117], [5656, 7117, 7886]], "lincomb_LLL": [3.0, -2.0, 0.0], "lincomb_cube": [2.0, -1.249551773071289, -0.30673789978027344], "LLL.norm": 46.76531982421875, "cube.norm": 20.7447509765625, "sv_LLL": [23.0, 37.0, 17.0], "sv_cube": [-3.972442626953125, 12.54876708984375, 16.03411865234375]}, {"B": [[3, 90, -55], [78, 45, 17], [-89, 78, -93]], "G": [[11134, 3349, 11868], [3349, 8398, -5013], [11868, -5013, 22654]], "lincomb_LLL": [-7.0, 6.0, 5.0], "lincomb_cube": [2.0, -1.6395835876464844, -1.4105777740478516], "LLL.norm": 37.255859375, "cube.norm": 8.519607543945312, "sv_LLL": [2.0, 30.0, 22.0], "sv_cube": [3.65380859375, -3.8062744140625, -6.689208984375]}, {"B": [[87, -34, 26], [57, 76, 82], [31, 66, 75]], "G": [[9401, 4507, 2403], [4507, 15749, 12933], [2403, 12933, 10942]], "lincomb_LLL": [0.0, -1.0, 1.0], "lincomb_cube": [-0.37567901611328125, 2.0, -2.281414031982422], "LLL.norm": 28.722808837890625, "cube.norm": 24.4652099609375, "sv_LLL": [-26.0, -10.0, -7.0], "sv_cube": [10.592041015625, 14.199951171875, -16.87353515625]}, {"B": [[67, -75, -65], [-86, 99, -18], [89, -51, 77]], "G": [[14339, -12017, 4783], [-12017, 17521, -14089], [4783, -14089, 16451]], "lincomb_LLL": [1.0, 1.0, 1.0], "lincomb_cube": [1.2234325408935547, 2.0, 1.3571414947509766], "LLL.norm": 75.2662353515625, "cube.norm": 49.38134765625, "sv_LLL": [70.0, -27.0, -6.0], "sv_cube": [30.755615234375, 37.0283203125, -11.023193359375]}, {"B": [[63, -71, 3], [-62, 69, 52], [-52, 63, 88]], "G": [[9019, -8649, -7485], [-8649, 11309, 12147], [-7485, 12147, 14417]], "lincomb_LLL": [-1.0, -2.0, 1.0], "lincomb_cube": [2.0, 4.359901428222656, -2.6350669860839844], "LLL.norm": 21.40093994140625, "cube.norm": 10.263412475585938, "sv_LLL": [9.0, -4.0, -19.0], "sv_cube": [-7.29052734375, -7.17626953125, 0.828857421875]}, {"B": [[-96, -46, 35], [-86, 29, 2], [-30, -19, 13]], "G": [[12557, 6992, 4209], [6992, 8241, 2055], [4209, 2055, 1430]], "lincomb_LLL": [-22.0, 4.0, 59.0], "lincomb_cube": [2.0, -0.35681962966918945, -5.373939514160156], "LLL.norm": 8.831756591796875, "cube.norm": 0.6312723159790039, "sv_LLL": [-2.0, 7.0, 5.0], "sv_cube": [-0.09521484375, -0.242919921875, -0.5748291015625]}, {"B": [[4, -53, 54], [-37, -59, 83], [-51, -30, 67]], "G": [[5741, 7461, 5004], [7461, 11739, 9218], [5004, 9218, 7990]], "lincomb_LLL": [-2.0, 3.0, -2.0], "lincomb_cube": [3.0, -4.5856475830078125, 3.4115753173828125], "LLL.norm": 21.424285888671875, "cube.norm": 15.589874267578125, "sv_LLL": [-17.0, -11.0, 7.0], "sv_cube": [7.6787109375, 9.2059326171875, 9.966552734375]}, {"B": [[-61, 33, 60], [13, 43, -36], [-66, 64, 63]], "G": [[8410, -1534, 9918], [-1534, 3314, -374], [9918, -374, 12421]], "lincomb_LLL": [5.0, 2.0, -4.0], "lincomb_cube": [2.0, 0.7480859756469727, -1.5744476318359375], "LLL.norm": 28.740203857421875, "cube.norm": 10.683013916015625, "sv_LLL": [-15.0, -5.0, -24.0], "sv_cube": [-8.361328125, -2.596923828125, -6.121337890625]}, {"B": [[-18, -73, -100], [90, 67, -40], [79, 51, -23]], "G": [[15653, -2511, -2845], [-2511, 14189, 11447], [-2845, 11447, 9371]], "lincomb_LLL": [0.0, -1.0, 1.0], "lincomb_cube": [-0.1304006576538086, 2.0, -2.4826583862304688], "LLL.norm": 25.806976318359375, "cube.norm": 23.935333251953125, "sv_LLL": [-11.0, -16.0, 17.0], "sv_cube": [-13.782958984375, 16.9036865234375, -9.85882568359375]}, {"B": [[64, -99, -63], [3, 88, 58], [24, 54, 34]], "G": [[17866, -12174, -5952], [-12174, 11117, 6796], [-5952, 6796, 4648]], "lincomb_LLL": [1.0, 3.0, -3.0], "lincomb_cube": [0.6777276992797852, 2.0, -2.0564041137695312], "LLL.norm": 9.539398193359375, "cube.norm": 4.0056610107421875, "sv_LLL": [1.0, 3.0, 9.0], "sv_cube": [0.0208740234375, -2.140869140625, 3.385498046875]}, {"B": [[49, 4, 52], [-35, -26, 8], [91, 65, -8]], "G": [[5121, -1403, 4303], [-1403, 1965, -4939], [4303, -4939, 12570]], "lincomb_LLL": [1.0, -12.0, -5.0], "lincomb_cube": [-0.15774917602539062, 2.0, 0.8398408889770508], "LLL.norm": 17.11724853515625, "cube.norm": 2.588459014892578, "sv_LLL": [14.0, -9.0, -4.0], "sv_cube": [-1.30419921875, 1.95867919921875, 1.0783157348632812]}, {"B": [[2, 34, 2], [19, 38, -60], [53, -48, -40]], "G": [[1164, 1210, -1606], [1210, 5405, 1583], [-1606, 1583, 6713]], "lincomb_LLL": [1.0, 0.0, 0.0], "lincomb_cube": [2.0, -0.6314802169799805, 0.6273841857910156], "LLL.norm": 34.117431640625, "cube.norm": 33.35650634765625, "sv_LLL": [2.0, 34.0, 2.0], "sv_cube": [25.25323486328125, 13.88934326171875, 16.793426513671875]}, {"B": [[85, 8, 96], [93, 40, 72], [27, -76, 56]], "G": [[16505, 15137, 7063], [15137, 15433, 3503], [7063, 3503, 9641]], "lincomb_LLL": [-1.0, 1.0, 0.0], "lincomb_cube": [2.0, -1.7754974365234375, -0.8200845718383789], "LLL.norm": 40.79217529296875, "cube.norm": 26.15521240234375, "sv_LLL": [8.0, 32.0, -24.0], "sv_cube": [-17.26361083984375, 7.3065185546875, 18.23944091796875]}, {"B": [[34, -63, -23], [-81, -77, 40], [-84, 49, 38]], "G": [[5654, 1177, -6817], [1177, 14090, 4551], [-6817, 4551, 10901]], "lincomb_LLL": [-3.0, 1.0, -2.0], "lincomb_cube": [2.0, -0.6600465774536133, 1.5262699127197266], "LLL.norm": 38.85870361328125, "cube.norm": 15.90863037109375, "sv_LLL": [-15.0, 14.0, 33.0], "sv_cube": [-6.7430419921875, -0.38916015625, -14.40362548828125]}, {"B": [[26, -49, 24], [94, 3, 71], [97, 97, 94]], "G": [[3653, 4001, 25], [4001, 13886, 16083], [25, 16083, 27654]], "lincomb_LLL": [2.0, -2.0, 1.0], "lincomb_cube": [3.0, -2.63861083984375, 1.5318489074707031], "LLL.norm": 39.62322998046875, "cube.norm": 36.3409423828125, "sv_LLL": [-39.0, -7.0, 0.0], "sv_cube": [-21.43994140625, -6.326416015625, 28.652587890625]}, {"B": [[-23, -10, -71], [57, -15, 80], [93, -60, 54]], "G": [[5670, -6841, -5373], [-6841, 9874, 10521], [-5373, 10521, 15165]], "lincomb_LLL": [-4.0, -5.0, 2.0], "lincomb_cube": [2.0, 2.4182891845703125, -0.9691286087036133], "LLL.norm": 11.747344970703125, "cube.norm": 2.6837539672851562, "sv_LLL": [-7.0, -5.0, -8.0], "sv_cube": [1.713623046875, 1.87335205078125, -0.86981201171875]}, {"B": [[-85, -24, -62], [-48, -49, -12], [-44, -63, -5]], "G": [[11645, 6000, 5562], [6000, 4849, 5259], [5562, 5259, 5930]], "lincomb_LLL": [0.0, -1.0, 1.0], "lincomb_cube": [-0.3320884704589844, 2.0, -1.4622135162353516], "LLL.norm": 16.155487060546875, "cube.norm": 5.601806640625, "sv_LLL": [4.0, -14.0, 7.0], "sv_cube": [-3.43505859375, 2.089599609375, 3.900543212890625]}, {"B": [[72, -46, -7], [-3, -3, -86], [-8, 18, 86]], "G": [[7349, 524, -2006], [524, 7414, -7426], [-2006, -7426, 7784]], "lincomb_LLL": [0.0, 1.0, 1.0], "lincomb_cube": [0.4068303108215332, 2.0, 2.012859344482422], "LLL.norm": 18.60107421875, "cube.norm": 13.688018798828125, "sv_LLL": [-11.0, 15.0, 0.0], "sv_cube": [7.18890380859375, 11.517242431640625, -1.741943359375]}, {"B": [[-71, -68, -59], [-87, 23, 99], [43, 69, 67]], "G": [[13146, -1228, -11698], [-1228, 17899, 4479], [-11698, 4479, 11099]], "lincomb_LLL": [1.0, 0.0, 1.0], "lincomb_cube": [2.0, -0.43410825729370117, 2.283123016357422], "LLL.norm": 29.137603759765625, "cube.norm": 15.305267333984375, "sv_LLL": [-28.0, 1.0, 8.0], "sv_cube": [-6.058349609375, 11.551025390625, -8.007568359375]}, {"B": [[-59, 23, 64], [41, 83, 24], [15, -49, -54]], "G": [[8106, 1026, -5468], [1026, 9146, -4748], [-5468, -4748, 5542]], "lincomb_LLL": [1.0, 1.0, 2.0], "lincomb_cube": [2.0, 1.4408931732177734, 3.207752227783203], "LLL.norm": 24.65765380859375, "cube.norm": 17.34185791015625, "sv_LLL": [12.0, 8.0, -20.0], "sv_cube": [-10.80712890625, 8.414306640625, -10.636962890625]}, {"B": [[-96, 27, 21], [30, 16, 18], [-62, -84, -92]], "G": [[10386, -2070, 1752], [-2070, 1480, -4860], [1752, -4860, 19364]], "lincomb_LLL": [-2.0, -13.0, -3.0], "lincomb_cube": [3.0, 18.794219970703125, 4.445564270019531], "LLL.norm": 15.620498657226562, "cube.norm": 11.306137084960938, "sv_LLL": [-12.0, -10.0, 0.0], "sv_cube": [0.201171875, 8.2802734375, -7.69580078125]}, {"B": [[49, -76, -10], [31, 76, -28], [-89, 61, 22]], "G": [[8277, -3977, -9217], [-3977, 7521, 1261], [-9217, 1261, 12126]], "lincomb_LLL": [3.0, 1.0, 2.0], "lincomb_cube": [2.0, 0.8169326782226562, 1.435251235961914], "LLL.norm": 33.10589599609375, "cube.norm": 12.35760498046875, "sv_LLL": [0.0, -30.0, -14.0], "sv_cube": [-4.412353515625, -2.36279296875, -11.298614501953125]}, {"B": [[-58, -53, 87], [20, 49, 74], [99, 71, -57]], "G": [[13742, 2681, -14464], [2681, 8277, 1241], [-14464, 1241, 18091]], "lincomb_LLL": [1.0, 0.0, 1.0], "lincomb_cube": [2.0, -0.8967905044555664, 1.6605453491210938], "LLL.norm": 53.8980712890625, "cube.norm": 46.0780029296875, "sv_LLL": [41.0, 18.0, 30.0], "sv_cube": [30.458251953125, -32.044189453125, 12.986328125]}, {"B": [[-90, -80, 43], [-46, -54, -65], [64, 38, -78]], "G": [[16349, 5665, -12154], [5665, 9257, 74], [-12154, 74, 11624]], "lincomb_LLL": [2.0, -1.0, 2.0], "lincomb_cube": [3.0, -1.8610782623291016, 3.148632049560547], "LLL.norm": 31.0, "cube.norm": 26.580078125, "sv_LLL": [-6.0, -30.0, -5.0], "sv_cube": [17.1220703125, -19.8538818359375, 4.376953125]}, {"B": [[-21, 3, 8], [-4, 6, 94], [-55, 23, 39]], "G": [[514, 854, 1536], [854, 8888, 4024], [1536, 4024, 5075]], "lincomb_LLL": [-3.0, 0.0, 1.0], "lincomb_cube": [2.0, 0.1277451515197754, -0.7066097259521484], "LLL.norm": 22.022705078125, "cube.norm": 10.172607421875, "sv_LLL": [8.0, 14.0, 15.0], "sv_cube": [-3.6474609375, -9.48553466796875, 0.450286865234375]}, {"B": [[-97, 5, 23], [-88, -6, 46], [93, -23, 64]], "G": [[9963, 9564, -7664], [9564, 9896, -5102], [-7664, -5102, 13274]], "lincomb_LLL": [-1.0, 1.0, 0.0], "lincomb_cube": [2.0, -1.6681194305419922, 0.5135793685913086], "LLL.norm": 27.037017822265625, "cube.norm": 8.488357543945312, "sv_LLL": [9.0, -11.0, 23.0], "sv_cube": [0.55731201171875, 8.196395874023438, 2.13555908203125]}, {"B": [[-34, 6, 36], [-40, 44, 3], [-58, -51, 93]], "G": [[2488, 1732, 5014], [1732, 3545, 355], [5014, 355, 14614]], "lincomb_LLL": [-3.0, 1.0, 1.0], "lincomb_cube": [2.0, -0.9106502532958984, -0.6640701293945312], "LLL.norm": 28.017852783203125, "cube.norm": 11.75640869140625, "sv_LLL": [4.0, -25.0, -12.0], "sv_cube": [6.94207763671875, 5.7989501953125, 7.509521484375]}, {"B": [[0, -17, -42], [-69, 78, 69], [61, 87, 99]], "G": [[2053, -4224, -5637], [-4224, 15606, 9408], [-5637, 9408, 21091]], "lincomb_LLL": [1.0, 0.0, 0.0], "lincomb_cube": [2.0, 0.2996687889099121, 0.40086841583251953], "LLL.norm": 45.31005859375, "cube.norm": 34.07354736328125, "sv_LLL": [0.0, -17.0, -42.0], "sv_cube": [3.77581787109375, 24.249725341796875, -23.63690185546875]}, {"B": [[87, -70, 42], [18, 44, 16], [-78, -61, -89]], "G": [[14233, -842, -6254], [-842, 2516, -5512], [-6254, -5512, 17726]], "lincomb_LLL": [0.0, 1.0, 0.0], "lincomb_cube": [0.46342945098876953, 2.0, 0.7854166030883789], "LLL.norm": 50.15972900390625, "cube.norm": 25.00311279296875, "sv_LLL": [18.0, 44.0, 16.0], "sv_cube": [15.05584716796875, 7.6495361328125, -18.43804931640625]}, {"B": [[-65, 56, 71], [34, 97, 54], [-89, -48, -14]], "G": [[12402, 7056, 2103], [7056, 13481, -8438], [2103, -8438, 10421]], "lincomb_LLL": [-1.0, 1.0, 1.0], "lincomb_cube": [-1.462533950805664, 2.0, 1.9145679473876953], "LLL.norm": 33.316650390625, "cube.norm": 31.2169189453125, "sv_LLL": [10.0, -7.0, -31.0], "sv_cube": [-7.331787109375, 20.1988525390625, -22.6439208984375]}, {"B": [[-63, -94, -39], [-68, 1, 31], [-10, 34, 31]], "G": [[14326, 2981, -3775], [2981, 5586, 1675], [-3775, 1675, 2217]], "lincomb_LLL": [-3.0, 4.0, -8.0], "lincomb_cube": [2.0, -2.7002029418945312, 5.445579528808594], "LLL.norm": 15.9373779296875, "cube.norm": 9.55438232421875, "sv_LLL": [-3.0, 14.0, -7.0], "sv_cube": [3.157958984375, -5.550537109375, 7.106689453125]}, {"B": [[16, 46, 31], [29, -94, -72], [84, 9, -69]], "G": [[3333, -6092, -381], [-6092, 14861, 6558], [-381, 6558, 11898]], "lincomb_LLL": [1.0, 0.0, 0.0], "lincomb_cube": [2.0, 1.046030044555664, -0.51251220703125], "LLL.norm": 57.73211669921875, "cube.norm": 31.2681884765625, "sv_LLL": [16.0, 46.0, 31.0], "sv_cube": [19.2838134765625, -10.93939208984375, 22.04913330078125]}, {"B": [[-14, 13, 77], [63, -68, -98], [100, 39, 1]], "G": [[6294, -9312, -816], [-9312, 18197, 3550], [-816, 3550, 11522]], "lincomb_LLL": [1.0, 1.0, 0.0], "lincomb_cube": [2.0, 1.059518814086914, -0.18480205535888672], "LLL.norm": 76.5963134765625, "cube.norm": 75.796630859375, "sv_LLL": [49.0, -55.0, -21.0], "sv_cube": [20.269439697265625, -53.2545166015625, 49.9822998046875]}, {"B": [[-78, -46, -35], [-22, 60, 20], [81, -58, -35]], "G": [[9425, -1744, -2425], [-1744, 4484, -5962], [-2425, -5962, 11150]], "lincomb_LLL": [-1.0, -3.0, -2.0], "lincomb_cube": [0.6834812164306641, 2.0, 1.2180671691894531], "LLL.norm": 51.7010498046875, "cube.norm": 32.05914306640625, "sv_LLL": [-18.0, -18.0, 45.0], "sv_cube": [1.3519287109375, 17.911865234375, -26.554168701171875]}, {"B": [[-31, 16, 74], [93, 6, -45], [98, 28, -30]], "G": [[6693, -6117, -4810], [-6117, 10710, 10632], [-4810, 10632, 11288]], "lincomb_LLL": [0.0, -1.0, 1.0], "lincomb_cube": [0.6833524703979492, 2.0, -1.5925827026367188], "LLL.norm": 27.092437744140625, "cube.norm": 24.802947998046875, "sv_LLL": [5.0, 22.0, 15.0], "sv_cube": [8.7431640625, -21.65863037109375, 8.34552001953125]}, {"B": [[-70, 52, -34], [14, -59, 75], [77, 66, -74]], "G": [[8760, -6598, 558], [-6598, 9302, -8366], [558, -8366, 15761]], "lincomb_LLL": [1.0, 2.0, 1.0], "lincomb_cube": [2.0, 2.5926475524902344, 1.305379867553711], "LLL.norm": 54.6717529296875, "cube.norm": 47.79339599609375, "sv_LLL": [35.0, 0.0, 42.0], "sv_cube": [-3.1885986328125, 37.188720703125, 29.850341796875]}, {"B": [[98, 10, -21], [86, 90, -75], [-72, -77, 60]], "G": [[10145, 10903, -9086], [10903, 21121, -17622], [-9086, -17622, 14713]], "lincomb_LLL": [0.0, -5.0, -6.0], "lincomb_cube": [-0.009064793586730957, 2.0, 2.3898353576660156], "LLL.norm": 19.313201904296875, "cube.norm": 7.681083679199219, "sv_LLL": [2.0, 12.0, 15.0], "sv_cube": [-0.95654296875, -4.10791015625, -6.41943359375]}, {"B": [[-62, -51, -96], [-55, -96, -81], [0, -56, -10]], "G": [[15661, 16082, 3816], [16082, 18802, 6186], [3816, 6186, 3236]], "lincomb_LLL": [1.0, -1.0, 1.0], "lincomb_cube": [2.0, -2.519023895263672, 2.4569435119628906], "LLL.norm": 28.19573974609375, "cube.norm": 19.32781982421875, "sv_LLL": [-7.0, -11.0, -25.0], "sv_cube": [14.54638671875, 2.2373046875, -12.528411865234375]}, {"B": [[-13, 6, 16], [-67, -43, 67], [96, -66, -84]], "G": [[461, 1685, -2988], [1685, 10827, -9222], [-2988, -9222, 20628]], "lincomb_LLL": [1.0, 0.0, 0.0], "lincomb_cube": [2.0, -0.10416710376739502, 0.2431342601776123], "LLL.norm": 21.470916748046875, "cube.norm": 6.323539733886719, "sv_LLL": [-13.0, 6.0, 16.0], "sv_cube": [4.320068359375, 0.43231201171875, 4.5975341796875]}, {"B": [[86, 72, 50], [21, -40, 91], [12, -69, 94]], "G": [[15080, 3476, 764], [3476, 10322, 11566], [764, 11566, 13741]], "lincomb_LLL": [0.0, -1.0, 1.0], "lincomb_cube": [-0.3767814636230469, 2.0, -1.6624794006347656], "LLL.norm": 30.5123291015625, "cube.norm": 14.564544677734375, "sv_LLL": [-9.0, -29.0, 3.0], "sv_cube": [-10.35296630859375, 7.582763671875, 6.887939453125]}, {"B": [[87, -42, -22], [47, -52, -73], [-35, -32, -79]], "G": [[9817, 7879, 37], [7879, 10242, 5786], [37, 5786, 8490]], "lincomb_LLL": [-5.0, 6.0, -4.0], "lincomb_cube": [2.0, -2.4937400817871094, 1.6907882690429688], "LLL.norm": 31.4483642578125, "cube.norm": 9.835845947265625, "sv_LLL": [-13.0, 26.0, -12.0], "sv_cube": [-2.3834228515625, -8.4306640625, 4.470703125]}, {"B": [[64, 50, 77], [-86, 76, -17], [-100, -31, -82]], "G": [[12525, -3013, -14264], [-3013, 13461, 7638], [-14264, 7638, 17685]], "lincomb_LLL": [-3.0, 1.0, -3.0], "lincomb_cube": [2.0, -0.6194515228271484, 1.8806533813476562], "LLL.norm": 29.137603759765625, "cube.norm": 13.472549438476562, "sv_LLL": [22.0, 19.0, -2.0], "sv_cube": [-6.79248046875, -5.3785400390625, 10.317138671875]}, {"B": [[28, 88, -66], [-18, -24, 74], [-21, -64, 33]], "G": [[12884, -7500, -8398], [-7500, 6376, 4356], [-8398, 4356, 5626]], "lincomb_LLL": [-3.0, -1.0, -4.0], "lincomb_cube": [2.0, 0.6644296646118164, 2.4709815979003906], "LLL.norm": 25.377166748046875, "cube.norm": 8.181884765625, "sv_LLL": [18.0, 16.0, -8.0], "sv_cube": [-7.850341796875, 1.910888671875, -1.2899169921875]}, {"B": [[37, 87, 47], [54, 99, 83], [-30, -70, 20]], "G": [[11147, 14512, -6260], [14512, 19606, -6890], [-6260, -6890, 6200]], "lincomb_LLL": [3.0, -2.0, 1.0], "lincomb_cube": [2.0, -1.2645721435546875, 0.6140470504760742], "LLL.norm": 28.337249755859375, "cube.norm": 14.041610717773438, "sv_LLL": [-27.0, -7.0, -5.0], "sv_cube": [-12.708282470703125, 5.8240966796875, 1.32147216796875]}, {"B": [[41, 25, 86], [44, -60, -68], [42, 20, 57]], "G": [[9702, -5544, 7124], [-5544, 10160, -3228], [7124, -3228, 5413]], "lincomb_LLL": [-1.0, 0.0, 1.0], "lincomb_cube": [2.0, 0.31467103958129883, -2.444530487060547], "LLL.norm": 29.444854736328125, "cube.norm": 22.119293212890625, "sv_LLL": [1.0, -5.0, -29.0], "sv_cube": [-6.8248291015625, -17.7708740234375, 11.26416015625]}, {"B": [[60, -90, -10], [84, 62, 63], [74, 25, 35]], "G": [[11800, -1170, 1840], [-1170, 14869, 9971], [1840, 9971, 7326]], "lincomb_LLL": [-1.0, -3.0, 4.0], "lincomb_cube": [0.6481504440307617, 2.0, -2.884876251220703], "LLL.norm": 42.34381103515625, "cube.norm": 20.71588134765625, "sv_LLL": [-16.0, 4.0, -39.0], "sv_cube": [-6.591796875, -6.4554443359375, 18.5478515625]}, {"B": [[62, -100, 94], [-10, -49, 99], [77, -5, -45]], "G": [[22680, 13586, 1044], [13586, 12302, -4980], [1044, -4980, 7979]], "lincomb_LLL": [-2.0, 3.0, 2.0], "lincomb_cube": [-1.2631282806396484, 2.0, 1.4135494232177734], "LLL.norm": 47.0106201171875, "cube.norm": 28.4136962890625, "sv_LLL": [0.0, 43.0, 19.0], "sv_cube": [10.529296875, 21.2451171875, 15.65625]}, {"B": [[-54, 36, -55], [8, -46, -25], [-20, -46, -52]], "G": [[7237, -713, 2284], [-713, 2805, 3256], [2284, 3256, 5220]], "lincomb_LLL": [1.0, 3.0, -2.0], "lincomb_cube": [0.6854057312011719, 2.0, -1.5474071502685547], "LLL.norm": 29.5972900390625, "cube.norm": 12.880035400390625, "sv_LLL": [10.0, -10.0, -26.0], "sv_cube": [9.936248779296875, 3.8553466796875, -7.2320556640625]}, {"B": [[44, -77, 14], [-97, 48, -32], [-77, -3, -26]], "G": [[8061, -8412, -3521], [-8412, 12737, 8157], [-3521, 8157, 6614]], "lincomb_LLL": [23.0, 35.0, -31.0], "lincomb_cube": [2.0, 3.0403671264648438, -2.6849517822265625], "LLL.norm": 9.165145874023438, "cube.norm": 0.545619010925293, "sv_LLL": [4.0, 2.0, 8.0], "sv_cube": [-0.17431640625, -0.0076446533203125, 0.5169677734375]}, {"B": [[31, -6, 46], [-13, 22, -51], [33, 15, -11]], "G": [[3113, -2881, 427], [-2881, 3254, 462], [427, 462, 1435]], "lincomb_LLL": [-1.0, -1.0, 1.0], "lincomb_cube": [2.0, 1.9441051483154297, -1.221029281616211], "LLL.norm": 16.1864013671875, "cube.norm": 14.398361206054688, "sv_LLL": [15.0, -1.0, -6.0], "sv_cube": [-3.56732177734375, 12.45489501953125, 6.2819061279296875]}, {"B": [[1, 65, -27], [56, 21, -64], [-15, -84, 88]], "G": [[4955, 3149, -7851], [3149, 7673, -8236], [-7851, -8236, 15025]], "lincomb_LLL": [1.0, 1.0, 1.0], "lincomb_cube": [2.0, 0.7310953140258789, 1.445810317993164], "LLL.norm": 42.15447998046875, "cube.norm": 41.50091552734375, "sv_LLL": [42.0, 2.0, -3.0], "sv_cube": [21.254180908203125, 23.9049072265625, 26.4412841796875]}, {"B": [[-19, 31, -3], [-6, 98, -68], [40, 67, -98]], "G": [[1331, 3356, 1611], [3356, 14264, 12990], [1611, 12990, 15693]], "lincomb_LLL": [5.0, -3.0, 2.0], "lincomb_cube": [2.0, -1.1519432067871094, 0.7482147216796875], "LLL.norm": 9.110427856445312, "cube.norm": 1.7054462432861328, "sv_LLL": [3.0, -5.0, -7.0], "sv_cube": [-1.159759521484375, -0.760009765625, -0.992919921875]}, {"B": [[56, -25, 84], [45, 23, 35], [-29, -70, 43]], "G": [[10817, 4885, 3738], [4885, 3779, -1410], [3738, -1410, 7590]], "lincomb_LLL": [-1.0, 2.0, 1.0], "lincomb_cube": [2.0, -3.1727676391601562, -1.5743865966796875], "LLL.norm": 29.444854736328125, "cube.norm": 22.359375, "sv_LLL": [5.0, 1.0, 29.0], "sv_cube": [14.882568359375, -12.7666015625, -10.7454833984375]}, {"B": [[49, 3, -23], [11, -75, 39], [-26, 10, 5]], "G": [[2939, -583, -1359], [-583, 7267, -841], [-1359, -841, 801]], "lincomb_LLL": [3.0, 1.0, 6.0], "lincomb_cube": [2.0, 0.6296567916870117, 4.054359436035156], "LLL.norm": 6.324554443359375, "cube.norm": 1.4398536682128906, "sv_LLL": [2.0, -6.0, 0.0], "sv_cube": [-0.487060546875, -0.6806640625, -1.171600341796875]}, {"B": [[-75, 58, -41], [83, 82, 18], [-61, 0, -20]], "G": [[10670, -2207, 5395], [-2207, 13937, -5423], [5395, -5423, 4121]], "lincomb_LLL": [-1.0, 1.0, 3.0], "lincomb_cube": [2.0, -1.4388370513916016, -4.511726379394531], "LLL.norm": 34.66986083984375, "cube.norm": 18.69549560546875, "sv_LLL": [-25.0, 24.0, -1.0], "sv_cube": [5.7919921875, -1.984619140625, -17.66455078125]}, {"B": [[37, -31, 48], [34, 61, -34], [82, -25, 73]], "G": [[4634, -2265, 7313], [-2265, 6033, -1219], [7313, -1219, 12678]], "lincomb_LLL": [-11.0, -3.0, 6.0], "lincomb_cube": [2.0, 0.5280265808105469, -1.1028823852539062], "LLL.norm": 22.293487548828125, "cube.norm": 3.6453285217285156, "sv_LLL": [-17.0, 8.0, 12.0], "sv_cube": [1.5164794921875, -2.218353271484375, -2.4632568359375]}, {"B": [[-61, -82, -47], [35, -50, 39], [73, -36, 53]], "G": [[12654, 132, -3992], [132, 5246, 6422], [-3992, 6422, 9434]], "lincomb_LLL": [0.0, -1.0, 1.0], "lincomb_cube": [-0.519749641418457, 2.0, -1.581390380859375], "LLL.norm": 42.84857177734375, "cube.norm": 23.138763427734375, "sv_LLL": [38.0, 14.0, 14.0], "sv_cube": [-13.73681640625, -0.45050048828125, 18.614501953125]}, {"B": [[-74, 63, 84], [89, -70, -66], [-24, 33, -94]], "G": [[16501, -16540, -4041], [-16540, 17177, 1758], [-4041, 1758, 10501]], "lincomb_LLL": [1.0, 1.0, 0.0], "lincomb_cube": [2.0, 1.8792610168457031, 0.4550290107727051], "LLL.norm": 24.45404052734375, "cube.norm": 12.669357299804688, "sv_LLL": [15.0, -7.0, 18.0], "sv_cube": [8.333450317382812, 9.467620849609375, 1.196044921875]}, {"B": [[-28, -84, -92], [-26, -68, -17], [-23, -79, 53]], "G": [[16304, 8004, 2404], [8004, 5589, 5069], [2404, 5069, 9579]], "lincomb_LLL": [1.0, -2.0, 1.0], "lincomb_cube": [2.0, -4.6321258544921875, 1.949289321899414], "LLL.norm": 27.477264404296875, "cube.norm": 20.907562255859375, "sv_LLL": [1.0, -27.0, -5.0], "sv_cube": [19.60162353515625, -7.009521484375, -1.9415283203125]}, {"B": [[64, 32, -7], [51, -46, 90], [-11, -66, 61]], "G": [[5169, 1162, -3243], [1162, 12817, 7965], [-3243, 7965, 8198]], "lincomb_LLL": [1.0, -1.0, 1.0], "lincomb_cube": [2.0, -1.698507308959961, 2.4414024353027344], "LLL.norm": 38.0, "cube.norm": 29.895599365234375, "sv_LLL": [2.0, 12.0, -36.0], "sv_cube": [14.520660400390625, -19.001220703125, -17.940185546875]}, {"B": [[-73, 63, 86], [76, -51, 83], [-15, 12, -45