[{"B": [[8, -14, 23, 15, 11], [18, 9, 40, 41, 48], [26, -45, -23, 29, -50], [2, 26, -19, 7, 22], [-27, -42, 32, -48, -19]], "G": [[1135, 2081, 194, -438, 179], [2081, 5990, -2068, 853, -2464], [194, -2068, 6571, -1578, 10], [-438, 853, -1578, 1574, -2508], [179, -2464, 10, -2508, 6182]], "lincomb_LLL": [13.0, -7.0, -3.0, -2.0, -4.0], "lincomb_cube": [13.0, -6.7440032958984375, -2.736827850341797, -0.9820575714111328, -3.458404541015625], "sv_LLL": [4.0, 6.0, -2.0, -1.0, -11.0], "sv_cube": [2.86328125, 0.1806640625, 0.1768798828125, -1.7431640625, 0.23388671875], "lincomb_diff": [0.0, -0.2559967041015625, -0.2631721496582031, -1.0179424285888672, -0.541595458984375], "Diff impact": [0.0, -0.0, -0.0, 0.0, -0.0, -0.0, 392.55, -139.32, 222.28, -341.63, -0.0, -139.32, 455.1, -422.74, 1.43, 0.0, 222.28, -422.74, 1630.99, -1382.69, -0.0, -341.63, 1.43, -1382.69, 1813.34]}, {"B": [[11, 3, -13, 10, -20], [8, -4, -43, -43, -48], [24, 50, 40, 5, 7], [0, 24, 34, -14, 22], [2, -31, -34, 45, 30]], "G": [[799, 1165, -196, -950, 221], [1165, 6082, -2279, -2012, -1773], [-196, -2279, 4750, 2644, -2427], [-950, -2012, 2644, 2412, -1870], [221, -1773, -2427, -1870, 5046]], "lincomb_LLL": [-11.0, 1.0, 5.0, -9.0, 0.0], "lincomb_cube": [-14.77099609375, 1.0, 6.683540344238281, -12.689727783203125, -0.48978281021118164], "sv_LLL": [7.0, -3.0, -6.0, -2.0, 9.0], "sv_cube": [4.9445037841796875, -3.5061798095703125, 1.566680908203125, -1.67620849609375, 0.3372802734375], "lincomb_diff": [3.77099609375, 0.0, -1.6835403442382812, 3.689727783203125, 0.48978281021118164], "Diff impact": [11362.11, 0.0, 1244.33, -13218.25, 408.18, 0.0, 0.0, 0.0, -0.0, -0.0, 1244.33, 0.0, 13462.96, -16424.01, 2001.23, -13218.25, -0.0, -16424.01, 32837.19, -3379.4, 408.18, -0.0, 2001.23, -3379.4, 1210.47]}, {"B": [[-8, -24, -14, 27, 17], [-25, 34, 28, 30, 31], [-28, 45, -42, -27, -14], [-46, -26, 50, 21, -34], [-30, -5, -42, -44, -37]], "G": [[1854, 329, -1235, 281, -869], [329, 4426, -190, 1242, -3063], [-1235, -190, 5498, -2073, 4085], [281, 1242, -2073, 6889, -256], [-869, -3063, 4085, -256, 5994]], "lincomb_LLL": [1.0, 0.0, 0.0, 0.0, 0.0], "lincomb_cube": [1.0, -0.9178285598754883, 1.1865577697753906, 0.44034242630004883, -1.1138916015625], "sv_LLL": [-8.0, -24.0, -14.0, 27.0, 17.0], "sv_cube": [-5.116943359375, -7.6905364990234375, -20.734130859375, 25.6865234375, -1.8221435546875], "lincomb_diff": [0.0, 0.9178285598754883, -1.1865577697753906, -0.44034242630004883, 1.1138916015625], "Diff impact": [0.0, 0.0, 0.0, -0.0, -0.0, 0.0, 3728.5, 206.92, -501.97, -3131.49, 0.0, 206.92, 7740.74, -1083.13, -5399.13, -0.0, -501.97, -1083.13, 1335.79, 125.57, -0.0, -3131.49, -5399.13, 125.57, 7437.08]}, {"B": [[-14, 10, -10, 3, 50], [-30, 7, -28, -8, 43], [19, 35, -41, -28, -7], [-26, -8, 40, 32, 34], [18, 6, 5, -5, 31]], "G": [[2905, 2896, 60, 1680, 1293], [2896, 3646, 746, 810, 735], [60, 746, 4100, -3548, 270], [1680, 810, -3548, 4520, 578], [1293, 735, 270, 578, 1371]], "lincomb_LLL": [5.0, -3.0, -1.0, -2.0, -2.0], "lincomb_cube": [2.584003448486328, -1.3526325225830078, -1.0, -1.383871078491211, -0.9314746856689453], "sv_LLL": [17.0, -2.0, -15.0, 13.0, -2.0], "sv_cube": [4.6170654296875, -13.14630126953125, -6.978538513183594, 6.946556091308594, 2.109649658203125], "lincomb_diff": [2.415996551513672, -1.6473674774169922, 0.0, -0.6161289215087891, -1.0685253143310547], "Diff impact": [16956.6, -11526.18, 0.0, -2500.79, -3337.95, -11526.18, 9894.59, -0.0, 822.14, 1293.79, 0.0, -0.0, 0.0, 0.0, -0.0, -2500.79, 822.14, 0.0, 1715.86, 380.53, -3337.95, 1293.79, -0.0, 380.53, 1565.33]}, {"B": [[10, 35, -35, 34, 13], [-17, -41, 21, 7, 26], [25, 0, -11, -6, -20], [36, 26, 5, -1, 8], [-29, -44, -18, -19, -18]], "G": [[3875, -1764, 171, 1165, -2080], [-1764, 3136, -1218, -1372, 1318], [171, -1218, 1182, 691, -53], [1165, -1372, 691, 2062, -2403], [-2080, 1318, -53, -2403, 3786]], "lincomb_LLL": [0.0, 0.0, -1.0, 2.0, 1.0], "lincomb_cube": [0.014224186539649963, -0.2458360195159912, -1.0, 0.9834833145141602, 0.7036209106445312], "sv_LLL": [18.0, 8.0, 3.0, -15.0, 18.0], "sv_cube": [-5.678131103515625, 5.188385009765625, -2.4081573486328125, -9.589508056640625, 8.995864868164062], "lincomb_diff": [-0.014224186539649963, 0.2458360195159912, 0.0, 1.0165176391601562, 0.29637908935546875], "Diff impact": [0.78, 6.17, -0.0, -16.84, 8.77, 6.17, 189.53, -0.0, -342.86, 96.03, -0.0, -0.0, 0.0, 0.0, -0.0, -16.84, -342.86, 0.0, 2130.68, -723.96, 8.77, 96.03, -0.0, -723.96, 332.56]}, {"B": [[5, -8, 0, 42, -22], [-44, -27, -3, -28, 34], [-1, 49, 23, 2, -20], [11, 21, 5, 37, -31], [-24, 34, -24, -19, -43]], "G": [[2337, -1928, 127, 2123, -244], [-1928, 4614, -2084, -3156, -720], [127, -2084, 3335, 1827, 1960], [2123, -3156, 1827, 2917, 960], [-244, -720, 1960, 960, 4518]], "lincomb_LLL": [-2.0, 1.0, -1.0, 3.0, 0.0], "lincomb_cube": [-2.769969940185547, 1.0, -1.2999935150146484, 4.0032806396484375, -0.2768993377685547], "sv_LLL": [-20.0, 3.0, -11.0, -3.0, 5.0], "sv_cube": [-5.8682098388671875, 6.114349365234375, -6.2378387451171875, 6.443458557128906, 8.74420166015625], "lincomb_diff": [0.7699699401855469, 0.0, 0.29999351501464844, -1.0032806396484375, 0.2768993377685547], "Diff impact": [1385.5, -0.0, 29.34, -1640.01, -52.02, -0.0, 0.0, -0.0, 0.0, -0.0, 29.34, -0.0, 300.14, -549.89, 162.81, -1640.01, 0.0, -549.89, 2936.17, -266.7, -52.02, -0.0, 162.81, -266.7, 346.41]}, {"B": [[26, 17, 23, 47, -9], [-13, -45, -12, 8, 1], [16, -48, -15, -22, 19], [-42, -46, -8, -17, -7], [-39, -8, 13, -8, -40]], "G": [[3784, -1012, -1950, -2794, -867], [-1012, 2403, 1975, 2569, 607], [-1950, 1975, 3630, 1897, -1019], [-2794, 2569, 1897, 4282, 2318], [-867, 607, -1019, 2318, 3418]], "lincomb_LLL": [0.0, 0.0, 1.0, -1.0, 1.0], "lincomb_cube": [0.6727199554443359, -1.211263656616211, 1.0, 0.5568618774414062, 0.3062252998352051], "sv_LLL": [19.0, -10.0, 6.0, -13.0, -14.0], "sv_cube": [13.906219482421875, -10.122344970703125, 14.53375244140625, -11.98870849609375, -4.412788391113281], "lincomb_diff": [-0.6727199554443359, 1.211263656616211, 0.0, -1.5568618774414062, 0.6937751770019531], "Diff impact": [1712.46, 824.62, 0.0, -2926.25, 404.64, 824.62, 3525.58, 0.0, -4844.54, 510.09, 0.0, 0.0, 0.0, -0.0, -0.0, -2926.25, -4844.54, -0.0, 10378.79, -2503.7, 404.64, 510.09, -0.0, -2503.7, 1645.17]}, {"B": [[2, 35, -32, 42, -40], [27, -45, 15, -20, 38], [34, -42, -3, 0, 34], [-39, 30, 5, -32, -4], [38, 26, -3, 27, -40]], "G": [[5617, -4361, -2666, -372, 3816], [-4361, 4823, 4055, -1840, -2249], [-2666, 4055, 4085, -2737, -1151], [-372, -1840, -2737, 3486, -1421], [3816, -2249, -1151, -1421, 4458]], "lincomb_LLL": [2.0, 3.0, -1.0, 1.0, 0.0], "lincomb_cube": [2.0, 3.5088844299316406, -2.251007080078125, 0.09765541553497314, -0.4918479919433594], "sv_LLL": [12.0, 7.0, -11.0, -8.0, -4.0], "sv_cube": [-0.2930908203125, -3.216064453125, -2.649921417236328, -2.5825958251953125, -3.913238525390625], "lincomb_diff": [0.0, -0.5088844299316406, 1.251007080078125, 0.9023447036743164, 0.4918479919433594], "Diff impact": [0.0, 0.0, -0.0, -0.0, 0.0, 0.0, 1248.98, -2581.49, 844.91, 562.91, -0.0, -2581.49, 6393.1, -3089.63, -708.22, -0.0, 844.91, -3089.63, 2838.39, -630.66, 0.0, 562.91, -708.22, -630.66, 1078.45]}, {"B": [[-24, 19, -2, 27, -35], [38, 13, 43, -36, -26], [-38, -17, -18, 10, 47], [43, 35, -19, 34, -29], [27, -14, 50, -36, 14]], "G": [[2895, -813, -750, 1604, -2476], [-813, 5434, -4021, 802, 3926], [-750, -4021, 4366, -2910, -1390], [1604, 802, -2910, 5432, -1909], [-2476, 3926, -1390, -1909, 4917]], "lincomb_LLL": [1.0, 1.0, 1.0, 0.0, 0.0], "lincomb_cube": [1.0, -0.19940781593322754, 0.5138177871704102, 0.3397393226623535, 0.9399318695068359], "sv_LLL": [-24.0, 15.0, 23.0, 1.0, -14.0], "sv_cube": [-11.1156005859375, 6.4046173095703125, 20.718292236328125, 17.030517578125, -2.3593597412109375], "lincomb_diff": [0.0, 1.1994075775146484, 0.48618221282958984, -0.3397393226623535, -0.9399318695068359], "Diff impact": [0.0, -0.0, -0.0, -0.0, 0.0, -0.0, 7817.24, -2344.77, -326.8, -4426.02, -0.0, -2344.77, 1032.01, 480.66, 635.2, -0.0, -326.8, 480.66, 626.98, -609.6, 0.0, -4426.02, 635.2, -609.6, 4344.03]}, {"B": [[-4, 46, -15, -27, 36], [30, 24, -44, -25, -35], [3, -19, -19, -34, -40], [47, -10, -30, 10, -23], [48, 29, -11, 4, 34]], "G": [[4382, 1059, -1123, -1296, 2423], [1059, 5262, 2720, 3045, 1330], [-1123, 2720, 3487, 1481, -1694], [-1296, 3045, 1481, 3838, 1554], [2423, 1330, -1694, 1554, 4438]], "lincomb_LLL": [1.0, -1.0, 1.0, 1.0, 0.0], "lincomb_cube": [1.0, -0.6917457580566406, -0.028054535388946533, 1.2103862762451172, -0.7731952667236328], "sv_LLL": [16.0, -7.0, -20.0, -26.0, 8.0], "sv_cube": [-5.061767578125, -4.59539794921875, -11.836593627929688, 0.25858306884765625, 7.20574951171875], "lincomb_diff": [0.0, -0.3082542419433594, 1.028055191040039, -0.2103862762451172, 0.7731952667236328], "Diff impact": [0.0, -0.0, -0.0, 0.0, 0.0, -0.0, 500.0, -861.97, 197.48, -316.99, -0.0, -861.97, 3685.4, -320.32, -1346.54, 0.0, 197.48, -320.32, 169.88, -252.79, 0.0, -316.99, -1346.54, -252.79, 2653.17]}, {"B": [[45, -38, -10, 44, 32], [35, 37, 44, 19, -28], [37, 30, 19, 47, -42], [-8, 23, -16, -5, -43], [-14, -3, 31, 8, 44]], "G": [[6529, -331, 1059, -2670, 934], [-331, 5675, 5310, 976, -317], [1059, 5310, 6603, 1661, -1491], [-2670, 976, 1661, 2723, -2385], [934, -317, -1491, -2385, 3166]], "lincomb_LLL": [-3.0, -3.0, 4.0, -6.0, -2.0], "lincomb_cube": [-2.235858917236328, -1.8774471282958984, 2.645599365234375, -4.884941101074219, -2.0], "sv_LLL": [-16.0, -9.0, 8.0, 13.0, -10.0], "sv_cube": [-1.35748291015625, -11.4886474609375, 6.17626953125, -1.281463623046875, -8.041748046875], "lincomb_diff": [-0.7641410827636719, -1.1225528717041016, 1.354400634765625, -1.1150588989257812, 0.0], "Diff impact": [3812.36, -283.93, -1096.02, -2275.01, -0.0, -283.93, 7151.21, -8073.25, 1221.67, 0.0, -1096.02, -8073.25, 12112.55, -2508.5, -0.0, -2275.01, 1221.67, -2508.5, 3385.66, 0.0, -0.0, 0.0, -0.0, 0.0, 0.0]}, {"B": [[21, 8, 9, -45, -1], [0, -5, 21, -24, 28], [-44, -4, -14, -17, 50], [-50, 18, -32, 28, 23], [-9, -31, -43, 28, -50]], "G": [[2612, 1201, -367, -2477, -2034], [1201, 1826, 1534, -790, -2820], [-367, 1534, 4937, 3250, -1854], [-2477, -790, 3250, 5161, 902], [-2034, -2820, -1854, 902, 6175]], "lincomb_LLL": [1.0, 3.0, -2.0, 2.0, 1.0], "lincomb_cube": [1.0, 4.487518310546875, -2.5165176391601562, 2.5325279235839844, 1.2532539367675781], "sv_LLL": [0.0, 6.0, -7.0, 1.0, -21.0], "sv_cube": [-6.1788177490234375, 2.36309814453125, 3.5384521484375, -3.91778564453125, -5.5899658203125], "lincomb_diff": [0.0, -1.487518310546875, 0.5165176391601562, -0.5325279235839844, -0.2532539367675781], "Diff impact": [0.0, -0.0, -0.0, 0.0, 0.0, -0.0, 4040.41, -1178.62, -625.79, -1062.35, -0.0, -1178.62, 1317.14, -893.95, 242.52, 0.0, -625.79, -893.95, 1463.59, 121.65, 0.0, -1062.35, 242.52, 121.65, 396.05]}, {"B": [[-8, -45, 9, -43, 2], [7, 7, -30, 46, -45], [-38, -4, -49, -39, -13], [32, -42, -35, -20, -39], [-25, 21, -17, 14, 17]], "G": [[4023, -2709, 1694, 2101, -1466], [-2709, 5139, -33, 1815, 361], [1694, -33, 5551, 1954, 932], [2101, 1815, 1954, 5934, -2030], [-1466, 361, 932, -2030, 1840]], "lincomb_LLL": [-1.0, -1.0, 0.0, 1.0, 1.0], "lincomb_cube": [0.2918720245361328, -0.05483675003051758, -0.39276933670043945, 0.38486289978027344, 1.0], "sv_LLL": [8.0, 17.0, -31.0, -9.0, 21.0], "sv_cube": [-0.477996826171875, -7.11126708984375, -6.9525604248046875, 6.547767639160156, 10.147750854492188], "lincomb_diff": [-1.2918720245361328, -0.9451637268066406, 0.39276933670043945, 0.6151371002197266, 0.0], "Diff impact": [6714.12, -3307.77, -859.55, -1669.62, 0.0, -3307.77, 4590.85, 12.25, -1055.25, -0.0, -859.55, 12.25, 856.34, 472.1, 0.0, -1669.62, -1055.25, 472.1, 2245.39, -0.0, 0.0, -0.0, 0.0, -0.0, 0.0]}, {"B": [[16, 17, -13, 1, 1], [27, 44, 9, 24, 42], [37, 22, 24, 44, 43], [38, -21, 37, 34, 17], [29, 35, -6, -35, 21]], "G": [[716, 1129, 741, -179, 1123], [1129, 5086, 5045, 1965, 2311], [741, 5045, 6214, 4059, 1062], [-179, 1965, 4059, 4699, -688], [1123, 2311, 1062, -688, 3768]], "lincomb_LLL": [-1.0, -5.0, 6.0, -3.0, 1.0], "lincomb_cube": [-1.0, -1.5397796630859375, 1.9122867584228516, -0.9689416885375977, 0.5265264511108398], "sv_LLL": [-14.0, -7.0, -5.0, 6.0, 17.0], "sv_cube": [-8.369888305664062, -3.903717041015625, 6.026878356933594, -5.186553955078125, 11.142532348632812], "lincomb_diff": [0.0, -3.4602203369140625, 4.087715148925781, -2.0310592651367188, 0.47347354888916016], "Diff impact": [0.0, -0.0, 0.0, 0.0, 0.0, -0.0, 60895.31, -71358.47, 13809.85, -3786.16, 0.0, -71358.47, 103832.31, -33699.41, 2055.42, 0.0, 13809.85, -33699.41, 19384.32, 661.62, 0.0, -3786.16, 2055.42, 661.62, 844.7]}, {"B": [[20, 49, 14, -12, -12], [3, 27, 27, -50, -25], [-47, 29, -2, 49, 21], [-29, 41, -7, -4, 23], [-50, -14, -12, 37, 46]], "G": [[3285, 2661, -387, 1103, -2850], [2661, 4592, -2387, 456, -3852], [-387, -2387, 5896, 2853, 4747], [1103, 456, 2853, 3116, 1870], [-2850, -3852, 4747, 1870, 6325]], "lincomb_LLL": [2.0, 0.0, -1.0, -1.0, 2.0], "lincomb_cube": [0.9703493118286133, 0.3514237403869629, -0.18325424194335938, -1.0, 1.0844402313232422], "sv_LLL": [16.0, 0.0, 13.0, 5.0, 24.0], "sv_cube": [3.85223388671875, -4.461029052734375, 17.426544189453125, 5.929443359375, 2.60614013671875], "lincomb_diff": [1.0296516418457031, -0.3514237403869629, -0.8167457580566406, 0.0, 0.9155597686767578], "Diff impact": [3482.7, -962.87, 325.45, 0.0, -2686.72, -962.87, 567.11, -685.13, -0.0, 1239.38, 325.45, -685.13, 3933.07, -0.0, -3549.71, 0.0, -0.0, -0.0, 0.0, 0.0, -2686.72, 1239.38, -3549.71, 0.0, 5301.93]}, {"B": [[-19, -46, -1, -7, -29], [-22, 50, 22, -2, 47], [-40, 16, -27, 6, 20], [32, 1, -26, -50, 41], [-39, 28, -44, -4, 43]], "G": [[3368, -3253, -571, -1467, -1722], [-3253, 5681, 2014, 801, 3319], [-571, 2014, 3021, -42, 4032], [-1467, 801, -42, 5882, 1887], [-1722, 3319, 4032, 1887, 6106]], "lincomb_LLL": [-1.0, 0.0, 9.0, 2.0, -7.0], "lincomb_cube": [-1.0, -0.23292779922485352, 6.2677154541015625, 1.3372669219970703, -4.70745849609375], "sv_LLL": [-4.0, -4.0, 14.0, -11.0, -10.0], "sv_cube": [-0.20068359375, 4.16552734375, -0.993408203125, -2.96136474609375, -4.18603515625], "lincomb_diff": [0.0, 0.23292779922485352, 2.7322845458984375, 0.6627330780029297, -2.29254150390625], "Diff impact": [0.0, -0.0, -0.0, -0.0, 0.0, -0.0, 308.22, 1281.76, 123.65, -1772.33, -0.0, 1281.76, 22552.91, -76.05, -25255.95, -0.0, 123.65, -76.05, 2583.46, -2867.0, 0.0, -1772.33, -25255.95, -2867.0, 32091.59]}, {"B": [[-16, -39, -17, -32, -6], [-26, 46, -45, 9, 32], [-7, 34, -40, 9, 20], [21, -10, 12, 0, 42], [45, -23, -48, -15, -33]], "G": [[3126, -1093, -942, -402, 1671], [-1093, 5922, 4267, -202, -1259], [-942, 4267, 3286, -127, 28], [-402, -202, -127, 2449, -787], [1671, -1259, 28, -787, 6172]], "lincomb_LLL": [-2.0, 11.0, -15.0, 1.0, 3.0], "lincomb_cube": [-2.0, 10.088302612304688, -13.670608520507812, 0.6779060363769531, 2.7478065490722656], "sv_LLL": [7.0, -5.0, 7.0, -17.0, 7.0], "sv_cube": [3.2857666015625, 7.28314208984375, 3.090576171875, -9.45794677734375, -0.7919921875], "lincomb_diff": [0.0, 0.9116973876953125, -1.3293914794921875, 0.3220939636230469, 0.2521934509277344], "Diff impact": [0.0, -0.0, 0.0, -0.0, 0.0, -0.0, 4922.32, -5171.62, -59.32, -289.47, 0.0, -5171.62, 5807.29, 54.38, -9.39, -0.0, -59.32, 54.38, 254.07, -63.93, 0.0, -289.47, -9.39, -63.93, 392.55]}, {"B": [[32, -32, -26, -44, 41], [36, 27, 27, 11, -15], [-13, -21, -21, -50, 22], [15, 14, 16, 8, 3], [25, -6, 19, 43, -3]], "G": [[6341, -1513, 3904, -613, -1517], [-1513, 3100, -2482, 1393, 1769], [3904, -2482, 4035, -1159, -2814], [-613, 1393, -1159, 750, 930], [-1517, 1769, -2814, 930, 2880]], "lincomb_LLL": [0.0, 1.0, 0.0, -2.0, 0.0], "lincomb_cube": [-0.3720741271972656, 1.0, 1.0222797393798828, -1.3602485656738281, 0.6278791427612305], "sv_LLL": [6.0, -1.0, -5.0, -5.0, -21.0], "sv_cube": [6.0972442626953125, -5.37225341796875, 5.3718109130859375, -7.625946044921875, -13.729278564453125], "lincomb_diff": [0.3720741271972656, 0.0, -1.0222797393798828, -0.6397514343261719, -0.6278791427612305], "Diff impact": [877.84, -0.0, -1484.94, 145.92, 354.4, -0.0, 0.0, 0.0, -0.0, -0.0, -1484.94, 0.0, 4216.8, -757.99, -1806.22, 145.92, -0.0, -757.99, 306.96, 373.57, 354.4, -0.0, -1806.22, 373.57, 1135.39]}, {"B": [[-31, -13, -16, -14, -24], [15, -42, 17, 29, 5], [11, 44, -3, 34, 20], [-50, -28, -28, 50, -20], [13, 44, -17, -7, 50]], "G": [[2158, -717, -1821, 2142, -1805], [-717, 3144, -648, 1300, -1895], [-1821, -648, 3622, -398, 2892], [2142, 1300, -398, 6968, -2756], [-1805, -1895, 2892, -2756, 4943]], "lincomb_LLL": [12.0, 6.0, 6.0, -4.0, 1.0], "lincomb_cube": [10.403945922851562, 5.47308349609375, 5.02276611328125, -3.5369110107421875, 1.0], "sv_LLL": [-3.0, 12.0, -13.0, 3.0, -8.0], "sv_cube": [4.669677734375, -1.0859375, -6.45556640625, -0.00732421875, -1.1357421875], "lincomb_diff": [1.5960540771484375, 0.52691650390625, 0.97723388671875, -0.4630889892578125, 0.0], "Diff impact": [5497.26, -602.99, -2840.25, -1583.18, -0.0, -602.99, 872.9, -333.67, -317.21, -0.0, -2840.25, -333.67, 3458.96, 180.11, 0.0, -1583.18, -317.21, 180.11, 1494.3, 0.0, -0.0, -0.0, 0.0, 0.0, 0.0]}, {"B": [[4, -27, -34, -25, -36], [-20, 24, -28, 46, -11], [-50, 9, -39, 20, -1], [13, 0, 12, -10, 7], [32, 6, -34, 36, -42]], "G": [[3822, -530, 419, -358, 1734], [-530, 3997, 3239, -1133, 2574], [419, 3239, 4503, -1325, 542], [-358, -1133, -1325, 462, -646], [1734, 2574, 542, -646, 5276]], "lincomb_LLL": [-1.0, -2.0, 1.0, -1.0, 1.0], "lincomb_cube": [-0.29620838165283203, -0.5737667083740234, 0.11679410934448242, -1.0, 0.24283504486083984], "sv_LLL": [5.0, -6.0, 5.0, -1.0, 8.0], "sv_cube": [-0.778472900390625, -3.264617919921875, 1.3251800537109375, 2.089874267578125, -0.3409423828125], "lincomb_diff": [-0.703791618347168, -1.4262332916259766, 0.8832054138183594, 0.0, 0.7571649551391602], "Diff impact": [1893.12, -532.0, -260.45, 0.0, -924.02, -532.0, 8130.46, -4080.03, 0.0, -2779.65, -260.45, -4080.03, 3512.57, -0.0, 362.45, 0.0, 0.0, -0.0, 0.0, -0.0, -924.02, -2779.65, 362.45, -0.0, 3024.72]}, {"B": [[-12, 43, -39, 41, 29], [-24, -39, 14, 38, 30], [-8, -17, -28, 40, 35], [33, 5, 38, 2, 26], [-14, 26, -15, 26, -39]], "G": [[6036, 493, 3112, -827, 1806], [493, 4637, 3033, 401, -1070], [3112, 3033, 3962, -423, -235], [-827, 401, -423, 3238, -1864], [1806, -1070, -235, -1864, 3294]], "lincomb_LLL": [-1.0, -1.0, 2.0, 1.0, 1.0], "lincomb_cube": [-0.524444580078125, -0.44353246688842773, 0.9041290283203125, 1.0, 0.7738428115844727], "sv_LLL": [39.0, -7.0, -8.0, 29.0, -2.0], "sv_cube": [31.87127685546875, 4.496368408203125, 15.320648193359375, 19.928619384765625, -1.050201416015625], "lincomb_diff": [-0.475555419921875, -0.5564670562744141, 1.0958709716796875, 0.0, 0.22615718841552734], "Diff impact": [1365.06, 130.46, -1621.81, 0.0, -194.24, 130.46, 1435.87, -1849.57, -0.0, 134.66, -1621.81, -1849.57, 4758.1, -0.0, -58.24, 0.0, -0.0, -0.0, 0.0, -0.0, -194.24, 134.66, -58.24, -0.0, 168.48]}, {"B": [[-21, -33, -4, 39, 17], [-38, -3, -36, -10, -24], [-10, -25, -13, -19, 2], [15, -50, -19, -43, 41], [42, -39, -34, -47, 31]], "G": [[3356, 243, 380, 431, -765], [243, 3425, 1065, -290, -529], [380, 1065, 1259, 2246, 1952], [431, -290, 2246, 6616, 6518], [-765, -529, 1952, 6518, 7611]], "lincomb_LLL": [0.0, 1.0, -3.0, 1.0, 0.0], "lincomb_cube": [-0.11536014080047607, 0.44572019577026367, -1.3753414154052734, 1.0, -0.48427248001098633], "sv_LLL": [7.0, 22.0, -16.0, 4.0, 11.0], "sv_cube": [-6.1008453369140625, 5.739898681640625, -0.23980712890625, -3.063934326171875, 10.578460693359375], "lincomb_diff": [0.11536014080047607, 0.5542793273925781, -1.6246585845947266, 0.0, 0.48427248001098633], "Diff impact": [44.66, 15.54, -71.22, 0.0, -42.74, 15.54, 1052.25, -959.05, -0.0, -142.0, -71.22, -959.05, 3323.15, -0.0, -1535.79, 0.0, -0.0, -0.0, 0.0, 0.0, -42.74, -142.0, -1535.79, 0.0, 1784.93]}, {"B": [[9, 25, -33, 42, -6], [33, -8, -2, 34, -19], [18, -39, -39, 29, 22], [-18, 10, -4, -1, 43], [-8, 30, -1, 23, -18]], "G": [[3595, 1705, 1560, -80, 1785], [1705, 2674, 1552, -1517, 622], [1560, 1552, 4691, 359, -1004], [-80, -1517, 359, 2290, -349], [1785, 622, -1004, -349, 1818]], "lincomb_LLL": [-1.0, 1.0, 0.0, 1.0, 1.0], "lincomb_cube": [-0.6618890762329102, -0.06739568710327148, 0.45542383193969727, 0.013236865401268005, 1.0], "sv_LLL": [-2.0, 7.0, 26.0, 14.0, 12.0], "sv_cube": [-8.221694946289062, -3.63726806640625, 3.16265869140625, 6.103271484375, -2.159637451171875], "lincomb_diff": [-0.33811092376708984, 1.0673961639404297, -0.45542383193969727, 0.9867630004882812, 0.0], "Diff impact": [410.98, -615.33, 240.21, 26.69, -0.0, -615.33, 3046.58, -754.45, -1597.81, 0.0, 240.21, -754.45, 972.96, -161.33, 0.0, 26.69, -1597.81, -161.33, 2229.78, -0.0, -0.0, 0.0, 0.0, -0.0, 0.0]}, {"B": [[-6, -40, -43, -11, 1], [29, -47, 40, -30, 20], [36, 3, -41, 50, -48], [50, 29, 11, 18, 19], [45, -33, -8, 21, -32]], "G": [[3607, 336, 829, -2112, 1131], [336, 5950, -3197, 367, 1266], [829, -3197, 7790, 1424, 4435], [-2112, 367, 1424, 4147, 975], [1131, 1266, 4435, 975, 4643]], "lincomb_LLL": [-2.0, 26.0, 33.0, -6.0, -37.0], "lincomb_cube": [-2.0, 26.973602294921875, 34.15667724609375, -6.1527252197265625, -38.2021484375], "sv_LLL": [-11.0, 4.0, 3.0, 7.0, 4.0], "sv_cube": [-2.859375, -3.046875, 2.45703125, 7.6318359375, 3.51953125], "lincomb_diff": [0.0, -0.973602294921875, -1.15667724609375, 0.1527252197265625, 1.2021484375], "Diff impact": [0.0, -0.0, -0.0, -0.0, 0.0, -0.0, 5640.01, -3600.28, -54.57, -1481.74, -0.0, -3600.28, 10422.26, -251.55, -6166.86, -0.0, -54.57, -251.55, 96.73, 179.01, 0.0, -1481.74, -6166.86, 179.01, 6709.88]}, {"B": [[-9, 20, -13, -25, -19], [41, -44, 30, 16, 9], [49, -12, -4, -23, 4], [-16, 43, 34, -10, -4], [-42, 7, -23, 43, 38]], "G": [[1636, -2210, -130, 888, -980], [-2210, 4854, 2085, -1724, -1690], [-130, 2085, 3106, -1222, -2887], [888, -1724, -1222, 3377, -391], [-980, -1690, -2887, -391, 5635]], "lincomb_LLL": [8.0, 5.0, 0.0, 1.0, 3.0], "lincomb_cube": [9.79541015625, 6.017822265625, 0.17038893699645996, 1.0, 3.6650466918945312], "sv_LLL": [-9.0, 4.0, 11.0, -1.0, 3.0], "sv_cube": [-3.0107421875, -2.26531982421875, 2.2166748046875, -4.922119140625, 4.0009765625], "lincomb_diff": [-1.79541015625, -1.017822265625, -0.17038893699645996, 0.0, -0.6650466918945312], "Diff impact": [5273.64, -4038.57, -39.77, -0.0, -1170.15, -4038.57, 5028.56, 361.59, 0.0, -1143.96, -39.77, 361.59, 90.17, 0.0, -327.15, -0.0, 0.0, 0.0, 0.0, 0.0, -1170.15, -1143.96, -327.15, 0.0, 2492.29]}, {"B": [[-37, 43, 16, -32, 13], [-48, 8, 19, 45, 28], [-3, -12, -17, -28, -1], [11, -26, 33, -2, 23], [-43, 50, 46, -32, 43]], "G": [[4667, 1348, 206, -634, 6060], [1348, 5538, -1563, 445, 3102], [206, -1563, 1227, -249, -400], [-634, 445, -249, 2419, 798], [6060, 3102, -400, 798, 9338]], "lincomb_LLL": [3.0, 0.0, -1.0, 1.0, -2.0], "lincomb_cube": [1.8662986755371094, -0.07498645782470703, -1.0, 0.828826904296875, -1.2999114990234375], "sv_LLL": [-11.0, 15.0, 6.0, -6.0, -23.0], "sv_cube": [2.55950927734375, 5.10595703125, 12.991455078125, 4.84356689453125, -13.6708984375], "lincomb_diff": [1.1337013244628906, 0.07498645782470703, 0.0, 0.171173095703125, -0.7000885009765625], "Diff impact": [5998.4, 114.6, 0.0, -123.03, -4809.77, 114.6, 31.14, -0.0, 5.71, -162.85, 0.0, -0.0, 0.0, -0.0, 0.0, -123.03, 5.71, -0.0, 70.88, -95.63, -4809.77, -162.85, 0.0, -95.63, 4576.78]}, {"B": [[-38, 12, -30, -42, -49], [26, -29, 3, -15, -18], [50, -23, -28, -50, 16], [46, 7, 37, 13, -9], [36, 30, 48, 45, -39]], "G": [[6653, 86, -20, -2879, -2427], [86, 2075, 2345, 1071, 237], [-20, 2345, 6569, 309, -3108], [-2879, 1071, 309, 3784, 4578], [-2427, 237, -3108, 4578, 8046]], "lincomb_LLL": [0.0, -1.0, 1.0, -1.0, 1.0], "lincomb_cube": [0.24205684661865234, -1.0, 0.22256183624267578, 0.7093076705932617, -0.21514034271240234], "sv_LLL": [14.0, 29.0, -20.0, -3.0, 4.0], "sv_cube": [0.81304931640625, 25.29669189453125, -0.5757904052734375, -6.7548065185546875, 11.7069091796875], "lincomb_diff": [-0.24205684661865234, 0.0, 0.7774381637573242, -1.7093086242675781, 1.2151412963867188], "Diff impact": [389.81, -0.0, 3.76, -1191.19, 713.86, -0.0, 0.0, 0.0, -0.0, 0.0, 3.76, 0.0, 3970.37, -410.62, -2936.12, -1191.19, -0.0, -410.62, 11055.85, -9508.74, 713.86, 0.0, -2936.12, -9508.74, 11880.47]}, {"B": [[-22, 35, -33, 22, 18], [-23, 0, -30, 12, 16], [28, -43, -44, 28, -21], [5, 50, -20, -38, -40], [-47, 10, -20, -12, 13]], "G": [[3606, 2048, -431, 744, 2014], [2048, 1829, 676, -611, 1745], [-431, 676, 5794, -1354, -1475], [744, -611, -1354, 5969, 601], [2014, 1745, -1475, 601, 3022]], "lincomb_LLL": [2.0, -5.0, 1.0, -1.0, 2.0], "lincomb_cube": [2.2343292236328125, -6.211273193359375, 1.4179973602294922, -1.0, 2.988513946533203], "sv_LLL": [0.0, -3.0, 20.0, 26.0, 1.0], "sv_cube": [-12.05224609375, -2.88720703125, 10.443115234375, 16.46173095703125, -10.0897216796875], "lincomb_diff": [-0.2343292236328125, 1.211273193359375, -0.4179973602294922, 0.0, -0.9885139465332031], "Diff impact": [198.01, -581.3, -42.22, -0.0, 466.52, -581.3, 2683.48, -342.26, -0.0, -2089.39, -42.22, -342.26, 1012.34, 0.0, -609.46, -0.0, -0.0, 0.0, 0.0, -0.0, 466.52, -2089.39, -609.46, -0.0, 2952.98]}, {"B": [[-30, -43, -12, -28, 30], [31, -11, -41, 30, 0], [38, 12, 24, 39, -37], [2, -30, -39, -40, 29], [-46, 3, 28, 47, -36]], "G": [[4577, -805, -4146, 3688, -1481], [-805, 3663, 1232, 791, -1197], [-4146, 1232, 5054, -3853, 2125], [3688, 791, -3853, 4866, -4198], [-1481, -1197, 2125, -4198, 6414]], "lincomb_LLL": [1.0, 0.0, 1.0, 0.0, 0.0], "lincomb_cube": [1.0, 0.3332977294921875, -0.03378576040267944, -1.3238296508789062, -0.5621585845947266], "sv_LLL": [8.0, -31.0, 12.0, 11.0, -7.0], "sv_cube": [2.259979248046875, -9.043289184570312, 9.412811279296875, 7.2130126953125, 13.096710205078125], "lincomb_diff": [0.0, -0.3332977294921875, 1.0337848663330078, 1.3238296508789062, 0.5621585845947266], "Diff impact": [0.0, 0.0, -0.0, 0.0, -0.0, 0.0, 406.91, -424.5, -349.01, 224.28, -0.0, -424.5, 5401.27, -5273.04, 1234.95, 0.0, -349.01, -5273.04, 8527.79, -3124.16, -0.0, 224.28, 1234.95, -3124.16, 2026.97]}, {"B": [[-30, -48, 29, -39, 11], [-1, 43, -37, -3, -44], [-48, 23, 4, 25, 34], [-23, -34, -31, 5, 4], [19, -48, 10, 48, 46]], "G": [[5687, -3474, -149, 1272, 658], [-3474, 5164, -682, -483, -4621], [-149, -682, 4630, 459, 788], [1272, -483, 459, 2687, 1309], [658, -4621, 788, 1309, 7185]], "lincomb_LLL": [2.0, 3.0, 0.0, -1.0, 2.0], "lincomb_cube": [1.265554428100586, 1.9415454864501953, 0.20589399337768555, -1.0, 1.2924022674560547], "sv_LLL": [-2.0, -29.0, -2.0, 4.0, -22.0], "sv_cube": [-2.235382080078125, -0.559814453125, 9.611465454101562, 7.0013427734375, -9.05596923828125], "lincomb_diff": [0.7344455718994141, 1.0584545135498047, -0.20589399337768555, 0.0, 0.7075977325439453], "Diff impact": [3067.63, -2700.61, 22.53, 0.0, 341.96, -2700.61, 5785.36, 148.63, -0.0, -3460.94, 22.53, 148.63, 196.28, -0.0, -114.8, 0.0, -0.0, -0.0, 0.0, 0.0, 341.96, -3460.94, -114.8, 0.0, 3597.49]}, {"B": [[41, 6, 31, -16, -2], [4, 17, -6, 5, -44], [26, 1, 22, -5, -35], [-3, -16, 7, 12, -8], [-44, -13, -46, 36, -25]], "G": [[2938, 88, 1904, -178, -3834], [88, 2302, 1504, 86, 1159], [1904, 1504, 2411, 280, -1474], [-178, 86, 280, 522, 650], [-3834, 1159, -1474, 650, 6142]], "lincomb_LLL": [2.0, 0.0, -1.0, 0.0, 1.0], "lincomb_cube": [0.40105342864990234, 0.7136240005493164, -1.0, 0.8181858062744141, -0.21088743209838867], "sv_LLL": [12.0, -2.0, -6.0, 9.0, 6.0], "sv_cube": [0.122161865234375, 3.188495635986328, 1.5790252685546875, 4.3775482177734375, 1.5251617431640625], "lincomb_diff": [1.5989456176757812, -0.7136240005493164, 0.0, -0.8181858062744141, 1.2108879089355469], "Diff impact": [7511.37, -100.41, 0.0, 232.87, -7423.18, -100.41, 1172.31, -0.0, 50.21, -1001.51, 0.0, -0.0, 0.0, -0.0, -0.0, 232.87, 50.21, -0.0, 349.44, -643.98, -7423.18, -1001.51, -0.0, -643.98, 9005.7]}, {"B": [[16, -45, 37, 17, -31], [-2, -47, 46, -17, 42], [30, 43, 8, 28, -50], [31, 50, 46, 19, -6], [-2, 1, 15, -30, 16]], "G": [[4900, 2194, 867, 457, -528], [2194, 6382, -4289, -871, 1829], [867, -4289, 6097, 4280, -1537], [457, -871, 4280, 5974, 12], [-528, 1829, -1537, 12, 1386]], "lincomb_LLL": [1.0, -2.0, -2.0, 1.0, 1.0], "lincomb_cube": [1.6950721740722656, -2.6878128051757812, -3.0421981811523438, 1.6559886932373047, 1.0], "sv_LLL": [-11.0, 14.0, -10.0, -16.0, -5.0], "sv_cube": [-9.43359375, 3.033935546875, 5.916259765625, -9.208709716796875, -7.2615966796875], "lincomb_diff": [-0.6950721740722656, 0.6878128051757812, 1.0421981811523438, -0.6559886932373047, 0.0], "Diff impact": [2367.31, -1048.91, -628.06, 208.37, 0.0, -1048.91, 3019.24, -3074.51, 392.99, 0.0, -628.06, -3074.51, 6622.42, -2926.11, -0.0, 208.37, 392.99, -2926.11, 2570.74, -0.0, 0.0, 0.0, -0.0, -0.0, 0.0]}, {"B": [[-13, -33, -43, -2, 49], [7, 34, -3, -30, -39], [-50, -14, -45, -16, 25], [28, 21, 43, 35, 35], [27, -38, 44, -46, 43]], "G": [[5512, -2935, 4304, -1261, 1210], [-2935, 3635, -1186, -1634, -1532], [4304, -1186, 5602, -3314, -987], [-1261, -1634, -3314, 5524, 1745], [1210, -1532, -987, 1745, 8074]], "lincomb_LLL": [0.0, 1.0, 1.0, 1.0, 0.0], "lincomb_cube": [0.6886320114135742, 1.0, -0.07635664939880371, 0.41085004806518555, -0.011585593223571777], "sv_LLL": [-15.0, 41.0, -5.0, -11.0, 21.0], "sv_cube": [13.056610107421875, 21.4122314453125, -12.01837158203125, -15.24285888671875, 6.7156219482421875], "lincomb_diff": [-0.6886320114135742, 0.0, 1.0763568878173828, 0.5891494750976562, 0.011585593223571777], "Diff impact": [2613.87, 0.0, -3190.18, 511.6, -9.65, 0.0, 0.0, -0.0, -0.0, -0.0, -3190.18, -0.0, 6490.16, -2101.52, -12.31, 511.6, -0.0, -2101.52, 1917.36, 11.91, -9.65, -0.0, -12.31, 11.91, 1.08]}, {"B": [[16, 42, -6, -39, 0], [-2, 15, 17, -40, 33], [21, 0, -9, -9, 11], [34, 29, -10, -25, 30], [-16, -40, -1, 20, 0]], "G": [[3577, 2056, 741, 2797, -2710], [2056, 3207, 528, 2187, -1385], [741, 528, 724, 1359, -507], [2797, 2187, 1359, 3622, -2194], [-2710, -1385, -507, -2194, 2257]], "lincomb_LLL": [1.0, 0.0, 0.0, 0.0, 1.0], "lincomb_cube": [1.0, -0.33498620986938477, -1.210886001586914, 0.7841415405273438, 1.4853935241699219], "sv_LLL": [0.0, 2.0, -7.0, -19.0, 0.0], "sv_cube": [-5.864105224609375, 0.299560546875, -10.12359619140625, -4.5982666015625, -0.850067138671875], "lincomb_diff": [0.0, 0.33498620986938477, 1.210886001586914, -0.7841415405273438, -0.4853935241699219], "Diff impact": [0.0, 0.0, 0.0, -0.0, 0.0, 0.0, 359.88, 214.17, -574.47, 225.2, 0.0, 214.17, 1061.56, -1290.38, 297.99, -0.0, -574.47, -1290.38, 2227.09, -835.07, 0.0, 225.2, 297.99, -835.07, 531.76]}, {"B": [[33, -11, 26, 1, 6], [9, -32, 0, -50, 9], [44, 6, 30, 11, 30], [34, 35, -24, -19, -39], [38, -25, 12, -27, -46]], "G": [[1923, 653, 2357, -140, 1538], [653, 3686, -76, -215, 2078], [2357, -76, 3893, -393, 205], [-140, -215, -393, 4839, 2436], [1538, 2078, 205, 2436, 5058]], "lincomb_LLL": [23.0, 1.0, -13.0, 4.0, -9.0], "lincomb_cube": [27.03582763671875, 1.0, -15.324691772460938, 4.7714691162109375, -10.30859375], "sv_LLL": [-10.0, 2.0, 4.0, -3.0, 15.0], "sv_cube": [-2.60009765625, 3.3740234375, 4.97265625, -3.861328125, -0.41796875], "lincomb_diff": [-4.03582763671875, 0.0, 2.3246917724609375, -0.7714691162109375, 1.30859375], "Diff impact": [31321.64, -0.0, -22113.5, -435.89, -8122.58, -0.0, 0.0, -0.0, 0.0, 0.0, -22113.5, -0.0, 21038.52, 704.82, 623.63, -435.89, 0.0, 704.82, 2880.0, -2459.24, -8122.58, 0.0, 623.63, -2459.24, 8661.41]}, {"B": [[-10, 24, -21, -36, -43], [-36, -18, 14, -30, 8], [36, 35, 11, -34, -40], [-41, -27, 41, -42, -3], [3, 22, -50, -44, 25]], "G": [[4262, 370, 3193, 542, 2057], [370, 2780, -1072, 3772, 316], [3193, -1072, 5398, -422, 824], [542, 3772, -422, 5864, -994], [2057, 316, 824, -994, 5554]], "lincomb_LLL": [-1.0, 8.0, 2.0, -5.0, -1.0], "lincomb_cube": [-0.505183219909668, 5.642585754394531, 1.285928726196289, -3.65985107421875, -1.0], "sv_LLL": [-4.0, 15.0, 0.0, -18.0, 17.0], "sv_cube": [-4.73388671875, 8.132568359375, 3.6964111328125, 2.9013671875, 1.40594482421875], "lincomb_diff": [-0.49481678009033203, 2.3574142456054688, 0.7140712738037109, -1.34014892578125, 0.0], "Diff impact": [1043.52, -431.6, -1128.2, 359.42, -0.0, -431.6, 15449.58, -1804.56, -11916.83, 0.0, -1128.2, -1804.56, 2752.43, 403.84, 0.0, 359.42, -11916.83, 403.84, 10531.74, 0.0, -0.0, 0.0, 0.0, 0.0, 0.0]}, {"B": [[17, -20, -38, 40, -4], [-17, -16, -2, 47, -40], [-13, 38, 41, -46, 38], [-20, 41, 19, 16, 2], [-2, 23, -49, 40, 22]], "G": [[3749, 2147, -4531, -1250, 2880], [2147, 4358, -4151, 318, 764], [-4531, -4151, 6854, 1937, -2113], [-1250, 318, 1937, 2702, 736], [2880, 764, -2113, 736, 5018]], "lincomb_LLL": [0.0, 2.0, 2.0, -2.0, 1.0], "lincomb_cube": [1.1438121795654297, 1.3985328674316406, 2.0, -1.1059627532958984, 0.1349799633026123], "sv_LLL": [-22.0, -15.0, -9.0, 10.0, 14.0], "sv_cube": [-8.48095703125, -11.492752075195312, 8.11077880859375, 7.18743896484375, 16.2410888671875], "lincomb_diff": [-1.1438121795654297, 0.6014671325683594, 0.0, -0.8940372467041016, 0.8650197982788086], "Diff impact": [4904.84, -1477.06, 0.0, -1278.26, -2849.53, -1477.06, 1576.56, -0.0, -171.0, 397.49, 0.0, -0.0, 0.0, -0.0, -0.0, -1278.26, -171.0, -0.0, 2159.72, -569.19, -2849.53, 397.49, -0.0, -569.19, 3754.76]}, {"B": [[16, -40, -19, 29, 17], [24, -46, -23, 3, 41], [34, -11, 9, -34, -27], [-20, -42, 16, 49, -33], [-21, 23, -9, 31, 17]], "G": [[3347, 3445, -632, 1916, 103], [3445, 4911, -94, -122, -565], [-632, -94, 3243, -849, -2561], [1916, -122, -849, 5910, 268], [103, -565, -2561, 268, 2301]], "lincomb_LLL": [0.0, 0.0, 1.0, 0.0, 1.0], "lincomb_cube": [-1.102203369140625, 0.9583806991577148, 1.0, 0.45981788635253906, 1.3441028594970703], "sv_LLL": [13.0, 12.0, 0.0, -3.0, -10.0], "sv_cube": [1.943328857421875, 0.604644775390625, 3.159271240234375, 1.1094970703125, 1.231903076171875], "lincomb_diff": [1.102203369140625, -0.9583806991577148, 0.0, -0.45981788635253906, -0.3441028594970703], "Diff impact": [4066.11, -3639.06, -0.0, -971.05, -39.06, -3639.06, 4510.72, 0.0, -53.76, -186.33, -0.0, 0.0, 0.0, 0.0, 0.0, -971.05, -53.76, 0.0, 1249.57, 42.4, -39.06, -186.33, 0.0, 42.4, 272.45]}, {"B": [[10, -15, 37, 1, 30], [-12, 27, -21, -5, 32], [32, -13, -23, 18, 49], [-42, -18, 39, -2, 31], [0, 36, -28, -45, 10]], "G": [[2595, -347, 1152, 2221, -1321], [-347, 2363, 1226, 201, 2105], [1152, 1226, 4447, -524, -144], [2221, 201, -524, 4574, -1340], [-1321, 2105, -144, -1340, 4205]], "lincomb_LLL": [-1.0, -2.0, 1.0, 1.0, 1.0], "lincomb_cube": [-1.0, -0.7577629089355469, 0.5565280914306641, 0.6698389053344727, 0.297696590423584], "sv_LLL": [4.0, -34.0, -7.0, -20.0, -4.0], "sv_cube": [-11.231201171875, -14.03448486328125, -16.098876953125, -1.9297027587890625, -3.2365646362304688], "lincomb_diff": [0.0, -1.2422370910644531, 0.44347190856933594, 0.33016109466552734, 0.7023029327392578], "Diff impact": [0.0, 0.0, 0.0, 0.0, -0.0, 0.0, 3646.47, -675.4, -82.44, -1836.46, 0.0, -675.4, 874.58, -76.72, -44.85, 0.0, -82.44, -76.72, 498.6, -310.71, -0.0, -1836.46, -44.85, -310.71, 2074.03]}, {"B": [[6, -15, 16, 14, 30], [1, -41, 38, -16, -50], [-20, 19, 41, 18, 41], [-18, 19, -5, 5, -1], [-26, 3, 24, -4, -36]], "G": [[1613, -495, 1733, -433, -953], [-495, 5882, -1579, -1017, 2627], [1733, -1579, 4447, 565, 13], [-433, -1017, 565, 736, 421], [-953, 2627, 13, 421, 2573]], "lincomb_LLL": [-3.0, 6.0, 2.0, 10.0, -9.0], "lincomb_cube": [-3.0, 6.776908874511719, 2.1229782104492188, 11.6605224609375, -9.948944091796875], "sv_LLL": [2.0, 0.0, -4.0, -16.0, 6.0], "sv_cube": [-4.89990234375, -0.813385009765625, -0.512939453125, -14.11865234375, 4.6982421875], "lincomb_diff": [0.0, -0.7769088745117188, -0.12297821044921875, -1.6605224609375, 0.948944091796875], "Diff impact": [0.0, 0.0, -0.0, 0.0, -0.0, 0.0, 3550.3, -150.86, -1312.01, -1936.74, -0.0, -150.86, 67.25, 115.38, -1.52, 0.0, -1312.01, 115.38, 2029.4, -663.39, -0.0, -1936.74, -1.52, -663.39, 2316.97]}, {"B": [[40, 9, 16, -14, -7], [9, 35, 9, -26, -32], [8, -34, -25, 26, 10], [30, -22, -6, -8, -22], [-39, -42, -24, -3, -32]], "G": [[2182, 1407, -820, 1172, -2056], [1407, 3087, -2339, 358, -935], [-820, -2339, 2621, 710, 1318], [1172, 358, 710, 1968, 626], [-2056, -935, 1318, 626, 4894]], "lincomb_LLL": [9.0, 1.0, 4.0, -8.0, 4.0], "lincomb_cube": [6.376747131347656, 1.0, 3.1014251708984375, -5.989265441894531, 2.8008155822753906], "sv_LLL": [5.0, -12.0, 5.0, 4.0, -7.0], "sv_cube": [-0.0284423828125, 1.0718994140625, 2.2083740234375, 4.8743438720703125, -3.485107421875], "lincomb_diff": [2.6232528686523438, 0.0, 0.8985748291015625, -2.0107345581054688, 1.1991844177246094], "Diff impact": [15015.34, 0.0, -1932.89, -6181.91, -6467.69, 0.0, 0.0, -0.0, -0.0, -0.0, -1932.89, -0.0, 2116.29, -1282.82, 1420.22, -6181.91, -0.0, -1282.82, 7956.73, -1509.44, -6467.69, -0.0, 1420.22, -1509.44, 7037.78]}, {"B": [[-36, -27, -5, -48, 50], [-21, -26, -43, -15, 38], [-45, 10, 7, -13, 3], [-46, -2, 26, 47, -33], [11, 7, -15, -20, 8]], "G": [[6854, 4293, 2089, -2326, 850], [4293, 4635, 693, -2059, 836], [2089, 693, 2352, 1522, -246], [-2326, -2059, 1522, 6094, -2114], [850, 836, -246, -2114, 859]], "lincomb_LLL": [-2.0, 1.0, 3.0, -4.0, -8.0], "lincomb_cube": [-1.659109115600586, 1.0, 2.4905738830566406, -2.9948272705078125, -5.988525390625], "sv_LLL": [12.0, 10.0, 4.0, 14.0, 15.0], "sv_cube": [-1.459716796875, 7.7716064453125, -5.30810546875, 11.2734375, 13.43743896484375], "lincomb_diff": [-0.34089088439941406, 0.0, 0.5094261169433594, -1.0051727294921875, -2.011474609375], "Diff impact": [796.48, -0.0, -362.77, -797.01, 582.84, -0.0, 0.0, 0.0, 0.0, -0.0, -362.77, 0.0, 610.38, -779.36, 252.08, -797.01, 0.0, -779.36, 6157.21, -4274.25, 582.84, -0.0, 252.08, -4274.25, 3475.54]}, {"B": [[-12, -16, 43, -17, -32], [50, -10, -20, 8, 10], [-20, 25, -48, 8, 34], [-17, -3, -5, -9, -3], [-44, -25, -1, -10, 10]], "G": [[3562, -1756, -3448, 286, 735], [-1756, 3164, 114, -822, -1910], [-3448, 114, 4549, 331, 563], [286, -822, 331, 413, 888], [735, -1910, 563, 888, 2762]], "lincomb_LLL": [5.0, 2.0, 4.0, -3.0, 0.0], "lincomb_cube": [3.7322006225585938, 1.3760719299316406, 2.9734840393066406, -3.0, 0.3168210983276367], "sv_LLL": [11.0, 9.0, -2.0, -10.0, 5.0], "sv_cube": [1.607421875, 1.9406814575195312, 4.9190216064453125, -4.819183349609375, 7.5970458984375], "lincomb_diff": [1.2677993774414062, 0.6239280700683594, 1.0265159606933594, 0.0, -0.3168210983276367], "Diff impact": [5725.26, -1389.02, -4487.28, 0.0, -295.22, -1389.02, 1231.7, 73.01, -0.0, 377.56, -4487.28, 73.01, 4793.44, 0.0, -183.1, 0.0, -0.0, 0.0, 0.0, -0.0, -295.22, 377.56, -183.1, -0.0, 277.24]}, {"B": [[44, -26, 31, -16, 2], [-36, 25, -28, -3, -25], [-22, 5, -15, -30, 9], [23, -4, -11, 34, 4], [-24, 32, -11, -6, -48]], "G": [[3833, -3104, -1065, 239, -2229], [-3104, 3339, 1202, -822, 3190], [-1065, 1202, 1715, -1345, 601], [239, -822, -1345, 1838, -955], [-2229, 3190, 601, -955, 4061]], "lincomb_LLL": [0.0, -1.0, 1.0, 1.0, 1.0], "lincomb_cube": [-0.5741653442382812, -2.0886077880859375, 1.4181938171386719, 1.0, 1.3507766723632812], "sv_LLL": [13.0, 8.0, -9.0, 1.0, -10.0], "sv_cube": [9.3077392578125, 9.0289306640625, -6.4495849609375, -1.1980438232421875, 2.9932861328125], "lincomb_diff": [0.5741653442382812, 1.0886077880859375, -0.4181938171386719, 0.0, -0.35077667236328125], "Diff impact": [1263.61, -1940.13, 255.72, 0.0, 448.93, -1940.13, 3956.94, -547.21, -0.0, -1218.13, 255.72, -547.21, 299.93, 0.0, 88.16, 0.0, -0.0, 0.0, 0.0, 0.0, 448.93, -1218.13, 88.16, 0.0, 499.68]}, {"B": [[26, -19, 27, -38, -2], [22, -16, -31, 14, -32], [1, -3, 25, -44, 42], [-5, -31, -1, -20, -10], [-45, -26, -31, -32, -29]], "G": [[3214, -429, 2346, 1212, -239], [-429, 2921, -2665, 457, 867], [2346, -2665, 4335, 523, -552], [1212, 457, 523, 1487, 1992], [-239, 867, -552, 1992, 5527]], "lincomb_LLL": [-1.0, 1.0, 1.0, 0.0, 0.0], "lincomb_cube": [-1.0, 0.2749357223510742, 0.5135021209716797, 1.154245376586914, -0.45108985900878906], "sv_LLL": [-3.0,