[{"B": [[-861, 538, -375, -23, 606, 89, -26, -473, 831, -825], [-770, 971, 896, -813, 140, 435, 134, -19, 495, 928], [209, -893, -534, -130, 243, -380, -657, -725, 338, -543], [702, -463, -297, 706, -500, -121, -1, 226, -383, -912], [-677, -175, -854, -791, -223, -685, -740, -421, 1000, -59], [-259, 994, -389, 420, 869, -258, -901, 687, -456, -568], [-607, 508, -528, -816, -384, -338, -872, -457, -283, -749], [301, 564, 55, -229, -34, -813, 363, -723, -115, -204], [-468, -646, -178, 849, -399, 861, -338, 304, -944, -359], [439, -837, -152, 270, 940, 759, 210, 701, 535, -552]], "G": [[3142667, 642870, 745155, -744893, 1729135, 1185777, 1371498, 341228, -685835, 422648], [642870, 4332877, -1942944, -2993187, 249156, -402581, 6866, 9058, -1649456, -1277304], [745155, -1942944, 2713002, 754044, 1941201, -231262, 1057935, 217921, -82858, 659631], [-744893, -2993187, 754044, 2587969, -928250, 215558, -158633, -46134, 1476143, 826369], [1729135, 249156, 1941201, -928250, 4091227, -60653, 2334437, 328978, -1391152, -846978], [1185777, -402581, -231262, 215558, -60653, 4018893, 1304538, -110162, 483803, 209840], [1371498, 6866, 1057935, -158633, 2334437, 1304538, 3443176, 748695, -88843, -1690669], [341228, 9058, 217921, -46134, 328978, -110162, 748695, 1835627, -1556540, -1438656], [-685835, -1649456, -82858, 1476143, -1391152, 483803, -88843, -1556540, 3516024, 705227], [422648, -1277304, 659631, 826369, -846978, 209840, -1690669, -1438656, 705227, 3575405]], "lincomb_exact": [0.0, 1.0, 0.0, 1.0, 0.0, 0.0, 0.0, 0.0, 0.0, 0.0], "lincomb_LLL": [0.0, 1.0, 0.0, 1.0, 0.0, 0.0, 0.0, 0.0, 0.0, 0.0], "lincomb_cube": [-0.9352788925170898, 1.8216991424560547, 0.03429657220840454, 1.0, 1.577127456665039, 0.48355531692504883, -0.7789497375488281, 2.6954193115234375, 1.7348403930664062, 1.2431774139404297], "lincomb_cube_shortest": [-1.0, 2.0, 0.0, 1.0, 2.0, 1.0, -1.0, 3.0, 2.0, 1.0], "exact.norm": 966.6806640625, "LLL.norm": 966.6806640625, "shortest_cube.norm": 1210.662109375, "sv_LLL": [-68.0, 508.0, 599.0, -107.0, -360.0, 314.0, 133.0, 207.0, 112.0, 16.0], "sv_exact": [-68.0, 508.0, 599.0, -107.0, -360.0, 314.0, 133.0, 207.0, 112.0, 16.0], "sv_shortst_cube": [-577.0, 640.0, -42.0, 38.0, 21.0, -588.0, -593.0, 103.0, -95.0, -50.0]}, {"B": [[-645, 642, -41, -667, -859, -413, 605, -114, 541, -172], [392, -847, -472, 533, 224, 141, -726, 450, 19, 970], [-404, 262, 75, -687, -410, 551, -319, 150, -323, -544], [-951, 505, 857, 835, -621, 391, -422, -337, -460, 304], [-192, -39, -737, -421, 444, -157, -435, -464, -796, -627], [254, 962, 653, -982, 197, 982, -428, -50, 449, -70], [-896, 872, -586, 950, -13, -967, 134, -519, 436, 263], [658, 190, -389, -193, 149, -250, -490, 383, -740, 37], [682, -254, 717, -697, -743, -948, 963, -573, -871, -902], [112, 781, 226, 888, -935, -32, -31, 622, 986, 794]], "G": [[2884495, -2030513, 717295, 199439, -439800, 508915, 1269534, -929307, 1194175, 951176], [-2030513, 3118840, -1030725, -403087, -357745, -1135419, -513573, 725791, -2376020, 626397], [717295, -1030725, 1705681, 544467, 700116, 1355434, -1038135, 121176, 351694, -715239], [199439, -403087, 544467, 3725291, -641868, 215178, 1211227, -785258, -740476, 1382462], [-439800, -357745, 700116, -641868, 2411846, -324965, -13428, 940885, 568751, -2560306], [508915, -1135419, 1355434, 215178, -324965, 3776011, -1510481, -75006, -707225, 209015], [1269534, -513573, -1038135, 1211227, -13428, -1510481, 4290936, -716817, -1179050, 1646689], [-929307, 725791, 121176, -785258, 940885, -75006, -716817, 1678093, 302234, -615373], [1194175, -2376020, 351694, -740476, 568751, -707225, -1179050, 302234, 5808234, -1815096], [951176, 626397, -715239, 1382462, -2560306, 209015, 1646689, -615373, -1815096, 4327851]], "lincomb_exact": [0.0, 0.0, -1.0, 0.0, 2.0, 0.0, -1.0, -1.0, 0.0, 1.0], "lincomb_LLL": [0.0, 0.0, -1.0, 0.0, 2.0, 0.0, -1.0, -1.0, 0.0, 1.0], "lincomb_cube": [0.9469404220581055, -0.8858232498168945, -2.221172332763672, 0.6145811080932617, 2.0357208251953125, -0.344818115234375, -1.7829151153564453, -0.08259618282318115, -0.6306657791137695, 1.0], "lincomb_cube_shortest": [1.0, -1.0, -2.0, 1.0, 2.0, -1.0, -2.0, 0.0, -1.0, 1.0], "exact.norm": 999.361328125, "LLL.norm": 999.361328125, "shortest_cube.norm": 1288.814453125, "sv_LLL": [370.0, -621.0, -348.0, -24.0, 227.0, 320.0, -226.0, -320.0, 21.0, -216.0], "sv_exact": [370.0, -621.0, -348.0, -24.0, 227.0, 320.0, -226.0, -320.0, 21.0, -216.0], "sv_shortst_cube": [-596.0, -279.0, -308.0, 834.0, -359.0, 289.0, -157.0, 154.0, -348.0, 236.0]}, {"B": [[-479, 498, -995, 456, -358, 539, -398, 768, 928, 957], [112, 479, -692, -799, 680, 321, -383, 568, 137, 705], [-90, -310, 951, 863, -177, -945, -56, 249, -449, 657], [324, 359, 400, -840, 456, -973, 361, -164, 655, -216], [-622, -534, -599, -121, 460, 249, 231, -219, -8, -615], [792, -959, -973, 207, 979, 868, 342, -230, -406, -973], [-968, 783, -759, -552, 895, 219, 757, -61, 722, -270], [-683, 285, -474, -12, 285, 48, -362, 698, 581, 10], [-209, 532, 378, 314, -651, 783, 349, -588, -345, 543], [810, -797, -880, 336, -267, 966, 245, -448, 231, -427]], "G": [[4619352, 1829148, -684379, -1313651, -313743, -1297738, 1218222, 2087965, 396221, 224335], [1829148, 2909798, -1365352, 306396, -69070, 78401, 1495801, 1228580, -604480, -439708], [-684379, -1365352, 3376111, -143256, -1237207, -2047604, -2278314, -644040, 205342, -1747883], [-1313651, 306396, -143256, 2887020, -316804, -943473, 1137089, -82000, -1168845, -1314139], [-313743, -69070, -1237207, -316804, 1798694, 1974749, 1520138, 453784, -644793, 941420], [-1297738, 78401, -2047604, -943473, 1974749, 5529817, 415489, -564814, -1069868, 3417245], [1218222, 1495801, -2278314, 1137089, 1520138, 415489, 4450838, 1616446, -348169, -458229], [2087965, 1228580, -644040, -82000, 453784, -564814, 1616446, 1811972, -768301, -668467], [396221, -604480, 205342, -1168845, -644793, -1069868, -348169, -768301, 2486494, 147138], [224335, -439708, -1747883, -1314139, 941420, 3417245, -458229, -668467, 147138, 3679469]], "lincomb_exact": [3.0, -1.0, -1.0, 2.0, 2.0, 2.0, -2.0, -2.0, 1.0, -3.0], "lincomb_LLL": [3.0, -1.0, -1.0, 2.0, 2.0, 2.0, -2.0, -2.0, 1.0, -3.0], "lincomb_cube": [1.4609413146972656, -0.5296354293823242, -0.567840576171875, 1.4134159088134766, 1.206319808959961, 1.2184772491455078, -1.3635101318359375, -0.345517635345459, 1.0, -1.630157470703125], "lincomb_cube_shortest": [1.0, 0.0, 0.0, 1.0, 1.0, 1.0, -1.0, 0.0, 1.0, -1.0], "exact.norm": 523.1865234375, "LLL.norm": 523.1865234375, "shortest_cube.norm": 649.4619140625, "sv_LLL": [192.0, -156.0, -104.0, 230.0, 3.0, -120.0, -63.0, -257.0, -66.0, 245.0], "sv_exact": [192.0, -156.0, -104.0, 230.0, 3.0, -120.0, -63.0, -257.0, -66.0, 245.0], "sv_shortst_cube": [-36.0, -90.0, -150.0, 232.0, 258.0, 281.0, -117.0, 76.0, -129.0, 393.0]}, {"B": [[-932, 276, -363, 475, -498, 911, -945, 370, -777, -584], [936, 504, 419, 318, 777, 187, 913, -567, -10, -165], [-200, 988, 907, -192, -342, -952, -212, 573, 908, 748], [-694, 165, -624, -406, 629, -750, 906, -110, 831, -519], [966, 65, -844, 397, 388, 714, 502, 404, 926, -64], [512, -209, 769, 276, -26, -238, 981, -236, -440, -596], [-55, 33, -685, -186, 263, -403, -989, -986, -711, -855], [-729, 218, -476, 263, 488, 261, 823, 651, 706, 22], [-403, 830, -716, -198, -742, -65, -241, 369, -163, 550], [-466, 681, -644, -18, -7, -62, -632, -285, 258, -735]], "G": [[4354829, -1919329, -1388307, -1509943, -937231, -1211206, 1344118, -66219, 1250561, 1515058], [-1919329, 3227878, -464976, 358368, 1375098, 1851372, -447731, 111293, -1428921, -682271], [-1388307, -464976, 4656166, 423920, -865132, -617461, -1888707, 319639, 1130813, -98043], [-1509943, 358368, 423920, 3814072, 627441, 38851, 79578, 2092640, -154003, 941651], [-937231, 1375098, -865132, 627441, 3744458, -210655, -1230873, 1520307, -302000, -62941], [-1211206, 1851372, -617461, 38851, -210655, 2597555, -439175, -457097, -1529881, -1094379], [1344118, -447731, -1888707, 79578, -1230873, -439175, 3926376, -1629017, -71950, 1866781], [-66219, 111293, 319639, 2092640, 1520307, -457097, -1629017, 2781025, 323306, 230691], [1250561, -1428921, 1130813, -154003, -302000, -1529881, -71950, 323306, 2481269, 827763], [1515058, -682271, -98043, 941651, -62941, -1094379, 1866781, 230691, 827763, 2187308]], "lincomb_exact": [-3.0, -1.0, -1.0, -3.0, -1.0, 1.0, 0.0, 3.0, 0.0, 3.0], "lincomb_LLL": [-3.0, -1.0, -1.0, -3.0, -1.0, 1.0, 0.0, 3.0, 0.0, 3.0], "lincomb_cube": [-1.9486618041992188, -0.8237228393554688, -0.4521522521972656, -2.2793731689453125, -0.6125001907348633, 1.0, 0.3625478744506836, 2.284515380859375, 0.18840360641479492, 1.9148826599121094], "lincomb_cube_shortest": [-2.0, -1.0, -1.0, -2.0, -1.0, 1.0, 0.0, 2.0, 0.0, 2.0], "exact.norm": 921.0302734375, "LLL.norm": 921.0302734375, "shortest_cube.norm": 1196.0078125, "sv_LLL": [103.0, -392.0, -112.0, 281.0, 201.0, -73.0, 468.0, -328.0, 466.0, 55.0], "sv_exact": [103.0, -392.0, -112.0, 281.0, 201.0, -73.0, 468.0, -328.0, 466.0, 55.0], "sv_shortst_cube": [-328.0, -850.0, 21.0, 105.0, -149.0, -111.0, 238.0, -434.0, -444.0, -335.0]}, {"B": [[640, 715, -456, 75, -961, -101, 712, 556, -816, -989], [-205, -801, 971, -637, -660, 712, 762, -53, -182, 809], [676, 89, 812, 539, 785, 23, -398, 911, 654, -11], [-84, 615, -759, -50, -136, 169, 307, -21, -37, -646], [302, 848, -919, -566, 202, -559, -251, -925, 140, -669], [757, -774, 883, 100, -277, 151, -702, 858, 42, 651], [870, 165, -414, 594, 255, -55, 660, 937, 737, 34], [-56, 376, -769, 110, -95, -915, -768, -241, -365, -235], [-12, -533, -889, -499, 72, -84, 349, -942, 706, 889], [-978, 889, -499, -93, -724, -889, -728, -320, 40, -287]], "G": [[4528165, -770631, -889925, 1717940, 892940, -914019, 1024483, 625067, -1812105, 570784], [-770631, 4245838, -745970, -1251279, -2513231, 1487431, -951716, -2391373, 683282, -1869254], [-889925, -745970, 3447678, -906589, -1269823, 2081111, 1858264, -815162, -1536909, -1598568], [1717940, -1251279, -906589, 1524294, 1469392, -1807236, 402656, 607000, -124565, 927647], [892940, -2513231, -1269823, 1469392, 3714297, -2483265, -422774, 1960490, 993167, 1996769], [-914019, 1487431, 2081111, -1807236, -2483265, 3715877, 539492, -949250, -908900, -1760701], [1024483, -951716, 1858264, 402656, -422774, 539492, 3234301, -586566, -105531, -1449154], [625067, -2391373, -815162, 607000, 1960490, -949250, -586566, 2430578, -8580, 2333817], [-1812105, 683282, -1536909, -124565, 993167, -908900, -105531, -8580, 3633717, -129070], [570784, -1869254, -1598568, 927647, 1996769, -1760701, -1449154, 2333817, -129070, 4035305]], "lincomb_exact": [2.0, 0.0, 4.0, 2.0, -2.0, -1.0, -3.0, 1.0, 3.0, 0.0], "lincomb_LLL": [2.0, 0.0, 4.0, 2.0, -2.0, -1.0, -3.0, 1.0, 3.0, 0.0], "lincomb_cube": [1.433908462524414, 0.3149228096008301, 2.805339813232422, 1.0316963195800781, -1.3185653686523438, -0.7242069244384766, -1.9309043884277344, 1.0, 2.001373291015625, -0.05407905578613281], "lincomb_cube_shortest": [1.0, 0.0, 3.0, 2.0, -2.0, -1.0, -2.0, 1.0, 2.0, 0.0], "exact.norm": 767.8251953125, "LLL.norm": 767.8251953125, "shortest_cube.norm": 1221.177734375, "sv_LLL": [-247.0, 376.0, -421.0, 69.0, 175.0, 193.0, -51.0, -172.0, 130.0, -297.0], "sv_exact": [-247.0, 376.0, -421.0, 69.0, 175.0, 193.0, -51.0, -172.0, 130.0, -297.0], "sv_shortst_cube": [-681.0, 270.0, -302.0, 548.0, 534.0, 300.0, -54.0, 240.0, 323.0, -152.0]}, {"B": [[750, -531, -996, -698, -935, -933, 772, 412, 879, -431], [-161, 681, 882, -719, 345, -884, 693, 32, -718, 131], [-103, -27, -92, -594, 479, 585, -213, -662, 746, 221], [-239, 681, -173, 760, -716, -599, 761, 503, 504, -325], [389, -425, 569, -310, 314, 271, 244, -396, 680, -538], [665, -697, 970, -76, -906, 443, -9, 254, -585, 109], [725, -52, 31, -735, 787, -861, -591, -978, -529, -828], [-432, 118, -768, 400, -60, -188, -677, -432, 294, 847], [624, -885, 295, -398, 215, -198, 980, -752, -656, 720], [663, -214, -147, -734, -969, 138, 2, -945, 905, -964]], "G": [[5792525, -496177, -427036, 1707113, 475462, -73918, 153673, -476685, 465420, 2870072], [-496177, 3699006, -683217, 224732, -160838, 60480, 1266804, -1252694, 1312814, -1115610], [-427036, -683217, 2033274, -1313593, 1010703, -847143, 429452, 572342, 114878, 1090838], [1707113, 224732, -1313593, 3191639, -599520, -685175, -1759604, -83550, -1337774, 70149], [475462, -160838, 1010703, -599520, 1892040, 406747, 892229, -1098860, 627420, 1734626], [-73918, 60480, -847143, -685175, 406747, 3310498, -514026, -1357112, 1328111, 567746], [153673, 1266804, 429452, -1759604, 892229, -514026, 4701395, -556735, 1046918, 1387790], [-476685, -1252694, 572342, -83550, -1098860, -1357112, -556735, 2438114, -657054, -603728], [465420, 1312814, 114878, -1337774, 627420, 1328111, 1046918, -657054, 3978099, 41050], [2870072, -1115610, 1090838, 70149, 1734626, 567746, 1387790, -603728, 41050, 4645085]], "lincomb_exact": [0.0, 0.0, -1.0, 0.0, 1.0, 0.0, 0.0, 1.0, 0.0, 0.0], "lincomb_LLL": [0.0, 0.0, -1.0, 0.0, 1.0, 0.0, 0.0, 1.0, 0.0, 0.0], "lincomb_cube": [-0.02835136651992798, 0.6477994918823242, -2.001861572265625, -1.2731704711914062, 1.3323097229003906, -0.7058773040771484, -0.8245916366577148, 1.0, -0.17958688735961914, 0.6291046142578125], "lincomb_cube_shortest": [0.0, 1.0, -2.0, -1.0, 1.0, -1.0, -1.0, 1.0, 0.0, 1.0], "exact.norm": 999.80859375, "LLL.norm": 999.80859375, "shortest_cube.norm": 1285.19921875, "sv_LLL": [60.0, -280.0, -107.0, 684.0, -225.0, -502.0, -220.0, -166.0, 228.0, 88.0], "sv_exact": [60.0, -280.0, -107.0, 684.0, -225.0, -502.0, -220.0, -166.0, 228.0, 88.0], "sv_shortst_cube": [-486.0, 282.0, -108.0, -124.0, -493.0, -816.0, 527.0, -196.0, 279.0, 78.0]}, {"B": [[-778, -817, 50, 170, -647, 618, -665, 794, -433, -783], [-677, 466, 893, -268, -758, 587, 560, 337, 299, 547], [310, 392, 871, -119, 553, -818, 138, 266, -539, 241], [-660, -341, -253, 377, 857, 247, -491, 939, 322, 956], [90, -463, -279, -414, -565, -708, -617, -514, -912, 600], [607, -71, -342, 727, -635, -698, 744, -26, -75, -675], [787, -426, 576, 583, 200, -803, 559, -265, 166, 752], [-894, 860, 449, -151, 116, 578, 593, 814, 417, -118], [410, -74, -726, -357, 816, 120, 180, -968, 936, 864], [-245, 841, -36, 633, 836, -756, -213, 638, 796, -414]], "G": [[3977945, 335676, -1237321, 625791, 79217, -282672, -2004827, 435648, -2779396, -771066], [335676, 3279670, 20745, 117025, -865435, -856435, -311439, 2365316, -885728, -614209], [-1237321, 20745, 2435901, -92769, 333658, -30742, 1375161, 105529, -667611, 839251], [625791, 117025, -92769, 3693899, -545852, -1791573, -77972, 863083, 662719, 1216581], [79217, -865435, 333658, -545852, 3128824, -47382, 412641, -2251542, -73226, -1771406], [-282672, -856435, -30742, -1791573, -47382, 2924874, 1071034, -875754, -853355, 305595], [-2004827, -311439, 1375161, -77972, 412641, 1071034, 3133085, -1244018, 956971, 104161], [435648, 2365316, 105529, 863083, -2251542, -875754, -1244018, 3312836, -931083, 1264358], [-2779396, -885728, -667611, 662719, -73226, -853355, 956971, -931083, 4100373, -39637], [-771066, -614209, 839251, 1216581, -1771406, 305595, 104161, 1264358, -39637, 3697148]], "lincomb_exact": [2.0, 3.0, 4.0, 1.0, -1.0, 3.0, -3.0, -3.0, 3.0, 0.0], "lincomb_LLL": [2.0, 3.0, 4.0, 1.0, -1.0, 3.0, -3.0, -3.0, 3.0, 0.0], "lincomb_cube": [-0.4587092399597168, -1.7047595977783203, -1.7772884368896484, -0.6664533615112305, 1.0, -1.2262001037597656, 1.7910213470458984, 2.2570114135742188, -1.0037498474121094, -0.008728861808776855], "lincomb_cube_shortest": [-1.0, -2.0, -2.0, -1.0, 1.0, -2.0, 2.0, 2.0, -2.0, 0.0], "exact.norm": 942.84375, "LLL.norm": 942.84375, "shortest_cube.norm": 1290.89453125, "sv_LLL": [275.0, -283.0, 10.0, -335.0, -339.0, -379.0, 344.0, 487.0, -57.0, 60.0], "sv_exact": [275.0, -283.0, 10.0, -335.0, -339.0, -379.0, 344.0, 487.0, -57.0, 60.0], "sv_shortst_cube": [14.0, 137.0, 582.0, -63.0, -95.0, -405.0, -401.0, -367.0, -877.0, -259.0]}, {"B": [[-444, -34, 597, 360, 244, 970, -773, -411, 442, 225], [684, -179, 294, 666, -734, -879, 672, 922, 55, 546], [-785, 712, 46, -534, 49, -816, -975, 180, -215, 752], [-120, 996, -27, 580, -290, 714, -526, 857, -101, -995], [627, -794, -302, -98, -752, 6, 118, -467, -32, -420], [644, 696, -50, -768, -618, 627, 879, -703, 336, 265], [-336, -943, 269, 389, -867, -135, 953, -437, 36, -566], [401, -630, -867, 257, -737, -519, 908, 526, 918, 578], [-705, -296, 838, -237, -56, -647, -283, 84, -571, 798], [576, 516, 931, 213, 135, -680, -789, -370, 83, 702]], "G": [[2697176, -1665296, 133855, 619771, -652555, -340929, -529119, -1647225, 208199, 689142], [-1665296, 3944095, -415683, -408911, 381274, -202105, 962622, 2761703, 560686, 732331], [133855, -415683, 3673452, -163859, -1568897, -1000615, -1976538, -1106408, 2046893, 1618545], [619771, -408911, -163859, 3948792, -733541, -563692, -841764, -1354621, -1331513, -590400], [-652555, 381274, -1568897, -733541, 2099350, 719997, 1622985, 1128771, -788141, -673996], [-340929, -202105, -1000615, -563692, 719997, 3716500, 273251, 685763, -1179176, -209347], [-529119, 962622, -1976538, -841764, 1622985, 273251, 3416571, 1376510, 6503, -1356644], [-1647225, 2761703, -1106408, -1354621, 1128771, 685763, 1376510, 4465917, -782329, -1022197], [208199, 560686, 2046893, -1331513, -788141, -1179176, 6503, -782329, 2814789, 1308291], [689142, 732331, 1618545, -590400, -673996, -209347, -1356644, -1022197, 1308291, 3249901]], "lincomb_exact": [2.0, 4.0, 3.0, -2.0, 0.0, 0.0, 1.0, -3.0, -4.0, -2.0], "lincomb_LLL": [2.0, 4.0, 3.0, -2.0, 0.0, 0.0, 1.0, -3.0, -4.0, -2.0], "lincomb_cube": [2.458038330078125, 4.903953552246094, 3.8795318603515625, -2.9929237365722656, 0.29451990127563477, -0.10930788516998291, 1.0, -3.9853515625, -5.1652374267578125, -2.804821014404297], "lincomb_cube_shortest": [2.0, 5.0, 4.0, -3.0, 0.0, 0.0, 1.0, -4.0, -5.0, -3.0], "exact.norm": 1047.54296875, "LLL.norm": 1047.54296875, "shortest_cube.norm": 1204.408203125, "sv_LLL": [-138.0, 459.0, 218.0, 762.0, -423.0, -82.0, 208.0, 81.0, 61.0, -16.0], "sv_exact": [-138.0, 459.0, 218.0, 762.0, -423.0, -82.0, 208.0, 81.0, 61.0, -16.0], "sv_shortst_cube": [-391.0, 406.0, -317.0, 81.0, -160.0, -645.0, 595.0, 86.0, -428.0, 199.0]}, {"B": [[-356, -950, -453, 46, 460, -497, -992, -98, -624, -475], [-422, -763, -264, -674, 882, 774, 542, 121, 370, -98], [877, -572, 96, -46, -513, -376, -363, 471, -330, -754], [287, 113, 743, -580, 893, 963, -422, -164, 313, 708], [-758, -923, 570, -121, -709, -813, 942, 905, -655, 45], [-92, 836, 39, 211, 782, -464, -420, 434, -89, 914], [636, -752, -824, -895, -83, -864, 459, 483, -209, 811], [594, 450, -745, -763, -356, 691, -734, 648, -929, -268], [429, -265, -51, 302, -72, -799, 955, -39, 663, 156], [615, 191, 941, -938, -992, -802, 735, -253, -117, 953]], "G": [[3303839, 250860, 1014484, -737528, 325034, -183587, 453843, 527856, -931346, -2011530], [250860, 3116134, -859451, 1318281, 73908, -718594, 534621, -299120, -107944, -1286094], [1014484, -859451, 2543216, -1096306, 859410, -1094452, 835777, 1230220, 144937, 308115], [-737528, 1318281, -1096306, 3512618, -1963310, 951474, -665866, 180813, -1032255, 152534], [325034, 73908, 859410, -1963310, 5067123, -785844, 1654785, -1015861, 991506, 1945684], [-183587, -718594, -1094452, 951474, -785844, 2788295, 204522, -40271, -219292, 1214], [453843, 534621, 835777, -665866, 1654785, 204522, 4348758, 721564, 1347627, 2099400], [527856, -299120, 1230220, 180813, -1015861, -40271, 721564, 4190272, -1967309, -585266], [-931346, -107944, 144937, -1032255, 991506, -219292, 1347627, -1967309, 2369107, 1377064], [-2011530, -1286094, 308115, 152534, 1945684, 1214, 2099400, -585266, 1377064, 5333431]], "lincomb_exact": [-2.0, 1.0, 2.0, -2.0, -1.0, 1.0, 2.0, -3.0, -5.0, 0.0], "lincomb_LLL": [-2.0, 1.0, 2.0, -2.0, -1.0, 1.0, 2.0, -3.0, -5.0, 0.0], "lincomb_cube": [-1.32952880859375, 1.2451038360595703, 1.7942256927490234, -1.6187324523925781, -0.8840999603271484, 1.0, 0.7979555130004883, -1.940786361694336, -3.0763511657714844, 0.33097028732299805], "lincomb_cube_shortest": [-1.0, 2.0, 2.0, -2.0, -1.0, 1.0, 0.0, -2.0, -3.0, 1.0], "exact.norm": 1058.51171875, "LLL.norm": 1058.51171875, "shortest_cube.norm": 1296.37890625, "sv_LLL": [-519.0, -3.0, -341.0, -377.0, -97.0, -367.0, -373.0, 333.0, -48.0, 443.0], "sv_exact": [-519.0, -3.0, -341.0, -377.0, -97.0, -367.0, -373.0, 333.0, -48.0, 443.0], "sv_shortst_cube": [-502.0, -101.0, 684.0, -312.0, -81.0, -71.0, 170.0, -293.0, 396.0, -755.0]}, {"B": [[437, 361, 415, 399, -281, -368, -736, 216, 663, 982], [-200, 530, -975, -259, -408, 252, -48, -35, 660, 853], [-33, -294, -514, 238, -293, -349, 895, 674, 822, -429], [-663, -750, -597, 459, 796, 392, -447, 393, -193, 219], [246, 555, 740, 598, -78, 340, -15, 623, -641, -794], [773, -85, 916, 857, 86, 847, -430, -35, -848, 490], [-518, 459, 591, 569, 583, 921, -101, -933, 856, -529], [-174, -92, -455, -989, -286, -413, -583, 385, -883, 217], [517, 63, -933, 321, 60, 963, -58, -730, -803, -624], [847, 979, 205, 960, -680, 702, -685, -691, 685, -558]], "G": [[2859346, 920870, -417566, -492048, -308726, 921213, -170264, -320423, -1641837, 1385520], [920870, 2735312, 431917, 39438, -1635355, -1256202, -231272, 315258, -59196, 388490], [-417566, 431917, 2731041, -99337, -284929, -1903884, -567116, -822001, -769590, -514782], [-492048, 39438, -99337, 2795907, -474083, 247671, 130047, 242342, 496934, -1463427], [-308726, -1635355, -284929, -474083, 2825100, 1753734, 464171, -497793, 542684, 1352956], [921213, -1256202, -1903884, 247671, 1753734, 4048393, 510772, -673113, 1061250, 1582565], [-170264, -231272, -567116, 130047, 464171, 510772, 4233444, -2501816, 643936, 2523542], [-320423, 315258, -822001, 242342, -497793, -673113, -2501816, 2791143, -77182, -1968228], [-1641837, -59196, -769590, 496934, 542684, 1061250, 643936, -77182, 3746206, 1593994], [1385520, 388490, -514782, -1463427, 1352956, 1582565, 2523542, -1968228, 1593994, 5321974]], "lincomb_exact": [3.0, -1.0, 3.0, -1.0, 0.0, 1.0, 3.0, 3.0, 2.0, -2.0], "lincomb_LLL": [3.0, -1.0, 3.0, -1.0, 0.0, 1.0, 3.0, 3.0, 2.0, -2.0], "lincomb_cube": [1.8445854187011719, -0.505126953125, 2.3341217041015625, -0.9777078628540039, -0.21653079986572266, 1.0, 2.299163818359375, 2.3909339904785156, 1.3861312866210938, -1.349863052368164], "lincomb_cube_shortest": [1.0, 0.0, 2.0, -1.0, 0.0, 1.0, 2.0, 2.0, 1.0, -1.0], "exact.norm": 885.630859375, "LLL.norm": 885.630859375, "shortest_cube.norm": 910.1689453125, "sv_LLL": [112.0, -395.0, 323.0, 30.0, 347.0, 98.0, -256.0, 555.0, 83.0, 9.0], "sv_exact": [112.0, -395.0, 323.0, 30.0, 347.0, 98.0, -256.0, 555.0, 83.0, 9.0], "sv_shortst_cube": [93.0, 256.0, 34.0, -206.0, -243.0, 666.0, 330.0, 1.0, 110.0, -295.0]}, {"B": [[727, 204, -433, 513, -922, -102, -350, -858, 71, -624], [-896, 384, 70, 621, -547, 951, 633, 677, 273, 74], [-569, 795, 637, -828, -14, 45, -129, 264, -273, -860], [773, 194, -570, 727, 785, -127, 798, 290, -917, -756], [437, -529, -688, -781, -157, 694, 979, -956, 28, -877], [436, -969, 996, 498, -830, 91, -689, -922, 701, 737], [73, -331, -243, 583, -52, -823, 70, 667, -917, 322], [343, -46, -857, 532, 670, -328, 88, 536, 630, -269], [-961, -674, 932, -906, -52, -558, 283, 73, 461, 335], [104, 220, -393, -532, 896, -430, 227, 158, -997, 493]], "G": [[3134372, -706670, -607855, 389009, 1207834, 1321589, -341086, 21588, -1937610, -1357944], [-706670, 3483446, 354861, -361538, -466735, -657643, -332352, -162368, -18157, -1250670], [-607855, 354861, 2949826, -393239, -59467, -1760336, -838025, -1052780, 899261, 134615], [389009, -361538, -393239, 4254277, 989503, -2736930, 1465014, 1550393, -2462458, 1486795], [1207834, -466735, -59467, 989503, 4702690, -597409, -1521329, -157184, -449747, -213240], [1321589, -657643, -1760336, -2736930, -597409, 5425633, -699567, -1291909, 1011339, -2244645], [-341086, -332352, -838025, 1465014, -1521329, -699567, 2588223, 493120, -386161, 1221684], [21588, -162368, -1052780, 1550393, -157184, -1291909, 493120, 2458023, -1166804, 164626], [-1937610, -18157, 899261, -2462458, -449747, 1011339, -386161, -1166804, 3791489, -157847], [-1357944, -1250670, 134615, 1486795, -213240, -2244645, 1221684, 164626, -157847, 2797956]], "lincomb_exact": [0.0, -1.0, -2.0, 1.0, -1.0, -2.0, -1.0, -2.0, 1.0, -2.0], "lincomb_LLL": [0.0, -1.0, -2.0, 1.0, -1.0, -2.0, -1.0, -2.0, 1.0, -2.0], "lincomb_cube": [-0.7376346588134766, -3.056671142578125, -5.059356689453125, 1.3580513000488281, -2.044178009033203, -5.162559509277344, -1.906524658203125, -4.8491973876953125, 1.0, -5.3257904052734375], "lincomb_cube_shortest": [-1.0, -3.0, -5.0, 2.0, -2.0, -5.0, -2.0, -5.0, 1.0, -6.0], "exact.norm": 814.47265625, "LLL.norm": 814.47265625, "shortest_cube.norm": 1271.646484375, "sv_LLL": [-430.0, -4.0, 457.0, 58.0, 45.0, -263.0, 405.0, -97.0, 38.0, -142.0], "sv_exact": [-430.0, -4.0, 457.0, 58.0, 45.0, -263.0, 405.0, -97.0, 38.0, -142.0], "sv_shortst_cube": [-148.0, -142.0, 355.0, 750.0, -7.0, 235.0, 520.0, -280.0, 207.0, -663.0]}, {"B": [[376, -953, -897, 41, -557, 394, 287, 695, 175, -314], [168, -807, -800, 832, -719, -927, -804, 160, 769, -89], [324, -196, 776, -232, -502, -837, -66, 125, 692, 723], [-603, -984, -605, -307, -109, -170, 680, 419, -335, -455], [-766, 432, -28, -340, 491, 782, -872, -710, 154, -612], [-192, -258, 191, 924, -937, -115, -608, 720, 684, -851], [-327, 172, -464, 521, -862, 322, 972, -281, -680, 890], [-27, 538, -157, -466, -789, 640, 599, 83, -723, 976], [-453, 718, 683, 719, -927, -653, -992, -310, -830, 554], [769, 255, -858, -983, -632, -727, 957, -828, -481, -868]], "G": [[3015975, 1662169, -485125, 1805465, -1178511, 1229656, 442912, 87099, -1998057, 728614], [1662169, 4659285, 1076482, 460521, -1055353, 2777993, -496362, -1837970, 728514, -274257], [-485125, 1076482, 2773539, -757046, -1543826, 477020, -383753, -91345, 940519, -439891], [1805465, 460521, -757046, 2790131, -691909, 138413, 553995, -57641, -1633718, 1158625], [-1178511, -1055353, -1543826, -691909, 3405113, -188765, -1308274, -760897, 46043, -788958], [1229656, 2777993, 477020, 138413, -188765, 3965000, -833954, -1558038, 980997, -1378171], [442912, -496362, -383753, 553995, -1308274, -833954, 3748223, 2736810, 1098468, 706488], [87099, -1837970, -91345, -57641, -760897, -1558038, 2736810, 3405094, 790569, 747693], [-1998057, 728514, 940519, -1633718, 46043, 980997, 1098468, 790569, 5065901, -1171769], [728614, -274257, -439891, 1158625, -788958, -1378171, 706488, 747693, -1171769, 5873010]], "lincomb_exact": [0.0, 0.0, 0.0, 0.0, 0.0, 0.0, 1.0, -1.0, 0.0, 0.0], "lincomb_LLL": [0.0, 0.0, 0.0, 0.0, 0.0, 0.0, 1.0, -1.0, 0.0, 0.0], "lincomb_cube": [-1.0183391571044922, 0.6084747314453125, -0.45023345947265625, 0.22995471954345703, -0.2772102355957031, 0.3048586845397949, -0.49862051010131836, 1.0, -0.44660425186157227, -0.046472132205963135], "lincomb_cube_shortest": [-1.0, 1.0, 0.0, 0.0, 0.0, 0.0, 0.0, 1.0, -1.0, 0.0], "exact.norm": 1296.03125, "LLL.norm": 1296.03125, "shortest_cube.norm": 1391.94140625, "sv_LLL": [-300.0, -366.0, -307.0, 987.0, -73.0, -318.0, 373.0, -364.0, 43.0, -86.0], "sv_exact": [-300.0, -366.0, -307.0, 987.0, -73.0, -318.0, 373.0, -364.0, 43.0, -86.0], "sv_shortst_cube": [218.0, -34.0, -743.0, -394.0, -24.0, -28.0, 500.0, -142.0, 701.0, 647.0]}, {"B": [[687, -772, -257, -606, 998, -382, 875, 871, 192, 408], [240, 632, -737, -415, 305, 820, 711, 2, 371, -864], [-652, -184, 644, 190, 777, -787, -30, -594, -7, -578], [84, 783, 633, 816, -148, 601, -540, 145, 119, 447], [557, 204, -761, 304, 700, -825, 403, -992, -2, 675], [452, -997, -107, -8, 313, -504, 929, -612, 130, -224], [-27, -518, 94, 24, 804, 20, 124, 952, 432, 860], [-904, -852, -242, 774, -713, 924, -103, 295, 678, -699], [-890, -700, -260, -899, -451, -606, -421, -17, -923, 521], [-314, 887, 95, 252, 882, -601, -447, -255, -11, -279]], "G": [[4370760, 451612, -291236, -1722212, 1013883, 1830848, 2508913, -1422892, -25852, -696965], [451612, 3327505, -760324, -568174, -65088, 143801, -644174, 424766, -1817712, 5467], [-291236, -760324, 2820763, -553260, 547173, 922385, -282332, -316665, 225376, 1635100], [-1722212, -568174, -553260, 2596390, -686527, -1841228, 71160, 262818, -1470557, 520558], [1013883, -65088, 547173, -686527, 3796129, 1592302, 46575, -2326608, -328994, 1008104], [1830848, 143801, 922385, -1841228, 1592302, 2866472, 131656, -259838, -122506, -657615], [2508913, -644174, -282332, 71160, 46575, 131656, 2773185, -133376, -53174, -281782], [-1422892, 424766, -316665, 262818, -2326608, -259838, -133376, 4608824, -421952, -1325621], [-25852, -1817712, 225376, -1470557, -328994, -122506, -53174, -421952, 4029438, -568948], [-696965, 5467, 1635100, 520558, 1008104, -657615, -281782, -1325621, -568948, 2439815]], "lincomb_exact": [-1.0, 1.0, -3.0, 2.0, -2.0, 5.0, 1.0, 0.0, 2.0, 4.0], "lincomb_LLL": [-1.0, 1.0, -3.0, 2.0, -2.0, 5.0, 1.0, 0.0, 2.0, 4.0], "lincomb_cube": [-1.144662857055664, 0.15062332153320312, -1.3651008605957031, 0.013630703091621399, -0.8749551773071289, 1.940185546875, 1.0, -0.306333065032959, 0.32142066955566406, 1.4930973052978516], "lincomb_cube_shortest": [-1.0, 0.0, -1.0, 0.0, 0.0, 1.0, 1.0, 0.0, 0.0, 1.0], "exact.norm": 789.2138671875, "LLL.norm": 789.2138671875, "shortest_cube.norm": 1112.26953125, "sv_LLL": [-240.0, -241.0, -205.0, -161.0, 275.0, 299.0, 179.0, 25.0, -366.0, -328.0], "sv_exact": [-240.0, -241.0, -205.0, -161.0, 275.0, 299.0, 179.0, 25.0, -366.0, -328.0], "sv_shortst_cube": [76.0, 328.0, -305.0, 684.0, 224.0, 84.0, -239.0, -192.0, 366.0, 527.0]}, {"B": [[-698, -591, -858, -88, -743, -380, 742, -609, -306, -236], [789, -922, -839, 365, -56, -162, 883, -43, -786, -325], [-521, 211, -150, 882, -96, -151, 947, 291, 354, -526], [153, -930, -621, 326, -28, 709, 536, 822, 368, -607], [-858, -332, 500, 239, -398, 977, -118, -116, -538, 297], [-851, -91, -742, -36, -575, 268, -11, 483, -436, 589], [662, -218, 634, 802, 808, 380, -323, -593, -16, 164], [-882, -250, -179, 467, 695, 778, 4, 574, -805, 910], [994, 387, 648, -331, 454, -722, -125, -909, 469, 202], [-385, -145, 23, -61, -708, -554, 316, -873, -455, 105]], "G": [[3347619, 1783679, 960016, 626108, 347142, 1305071, -1604867, -251181, -1242702, 1957202], [1783679, 3844090, 588401, 1850865, -611972, 131434, 76876, 6112, -651067, 557831], [960016, 588401, 2531885, 1196716, -88731, 184428, -483956, 68510, -1083041, 93269], [626108, 1850865, 1196716, 3350544, 111874, 482744, -347450, 518459, -2006972, -1110591], [347142, -611972, -88731, 111874, 2671475, 1226223, 226952, 1981669, -1694665, 455872], [1305071, 131434, 184428, 482744, 1226223, 2457218, -1584878, 1862385, -2327735, 419678], [-1604867, 76876, -483956, -347450, 226952, -1584878, 2811322, 409310, 1416540, -600063], [-251181, 6112, 68510, 518459, 1981669, 1862385, 409310, 3984480, -2206204, -617869], [-1242702, -651067, -1083041, -2006972, -1694665, -2327735, 1416540, -2206204, 3497341, 236718], [1957202, 557831, 93269, -1110591, 455872, 419678, -600063, -617869, 236718, 2061715]], "lincomb_exact": [-1.0, 0.0, 0.0, 1.0, 0.0, 1.0, 0.0, 0.0, 1.0, 1.0], "lincomb_LLL": [-1.0, 0.0, 0.0, 1.0, 0.0, 1.0, 0.0, 0.0, 1.0, 1.0], "lincomb_cube": [-0.45992279052734375, -0.2385578155517578, -0.1280653476715088, 0.4630160331726074, -0.434995174407959, -0.1441652774810791, 0.02771356701850891, 0.22410917282104492, -0.2260570526123047, 1.0], "lincomb_cube_shortest": [-1.0, 0.0, 0.0, 0.0, -1.0, 0.0, 0.0, 0.0, -1.0, 1.0], "exact.norm": 900.423828125, "LLL.norm": 900.423828125, "shortest_cube.norm": 1047.91015625, "sv_LLL": [609.0, -188.0, 166.0, -14.0, -114.0, 81.0, -26.0, 132.0, 252.0, 525.0], "sv_exact": [609.0, -188.0, 166.0, -14.0, -114.0, 81.0, -26.0, 132.0, 252.0, 525.0], "sv_shortst_cube": [177.0, 391.0, -267.0, 119.0, -21.0, -429.0, -183.0, 761.0, -80.0, -158.0]}, {"B": [[4, 191, -181, 602, -307, 959, -560, -679, -913, 618], [-626, -467, 29, -434, 956, 767, -851, -792, 345, 777], [171, -276, 404, 81, 831, -679, 809, 239, -230, -653], [915, -762, -420, -687, -997, 512, 782, -674, -393, 404], [-857, 609, -99, 868, 195, -973, -353, -412, 105, 329], [318, 263, 614, 71, -814, -289, 690, 545, -476, -366], [-58, -444, -93, 405, -501, -255, 102, -913, 65, -343], [-585, 46, -907, 571, -112, -685, -670, 886, -244, 737], [886, 100, 101, 91, -277, -28, -149, 524, -158, -969], [-417, -527, -856, 192, -960, -146, 17, 576, -271, 513]], "G": [[3435726, 1263372, -1791557, 945858, 245259, -592195, 376357, 343668, -609612, 486734], [1263372, 4375606, -1192427, -444737, 231190, -2802176, -217144, -204929, -2019821, -796296], [-1791557, -1192427, 2617707, -736575, -84639, 792337, -61987, -816282, 634698, -1075995], [945858, -444737, -736575, 4705856, -2402247, 658951, 946029, -1548184, 92310, 1068828], [245259, 231190, -84639, -2402247, 3266928, -627554, 524605, 1847776, -1154866, 139693], [-592195, -2802176, 792337, 658951, -627554, 2432104, -14661, -534184, 1222725, 307363], [376357, -217144, -61987, 946029, 524605, -14661, 1655047, -586010, -93922, 216004], [343668, -204929, -816282, -1548184, 1847776, -534184, -586010, 3811401, -614659, 2256408], [-609612, -2019821, 634698, 92310, -1154866, 1222725, -93922, -614659, 2151693, -376126], [486734, -796296, -1075995, 1068828, 139693, 307363, 216004, 2256408, -376126, 2832809]], "lincomb_exact": [0.0, -2.0, -1.0, -1.0, -5.0, 1.0, 4.0, 5.0, -4.0, -5.0], "lincomb_LLL": [0.0, -2.0, -1.0, -1.0, -5.0, 1.0, 4.0, 5.0, -4.0, -5.0], "lincomb_cube": [-0.06523299217224121, -0.8177757263183594, -0.7111377716064453, -0.6160602569580078, -3.088287353515625, 1.0, 2.6123580932617188, 3.121379852294922, -2.33074951171875, -3.207469940185547], "lincomb_cube_shortest": [0.0, -1.0, -1.0, -1.0, -4.0, 1.0, 3.0, 4.0, -3.0, -4.0], "exact.norm": 808.73046875, "LLL.norm": 808.73046875, "shortest_cube.norm": 1052.5390625, "sv_LLL": [153.0, -121.0, 36.0, 356.0, -191.0, -394.0, 135.0, 426.0, -41.0, 308.0], "sv_exact": [153.0, -121.0, 36.0, 356.0, -191.0, -394.0, 135.0, 426.0, -41.0, 308.0], "sv_shortst_cube": [-218.0, -8.0, 211.0, 97.0, 336.0, 166.0, -633.0, 349.0, 159.0, 564.0]}, {"B": [[616, 309, -254, 682, -948, 506, 363, -893, 335, 502], [-946, -57, 878, -737, -250, -768, -520, 540, 6, -880], [245, -192, 451, -285, 383, -74, 20, 701, -240, -706], [722, 940, 102, -511, -982, 331, 344, 752, 282, -369], [350, 4, 109, -162, 52, -235, 353, -598, 322, 637], [-706, -369, 959, -997, -865, -777, -439, -37, 38, -959], [-446, 244, 928, 153, 208, -585, 8, -209, 798, 35], [-589, 223, 680, -342, -379, 975, 931, 327, -368, 286], [354, -696, 423, 947, 776, 778, -957, -46, -54, -2], [956, -318, 836, 454, 50, -732, -248, -790, -140, -103]], "G": [[3452764, -2588333, -1671405, 821792, 1000257, -1640603, -349459, 218995, -125975, 686966], [-2588333, 4200978, 1334259, 274475, -1013860, 4131134, 1364279, 178099, -939025, -145004], [-1671405, 1334259, 1581517, 514313, -721523, 973952, -20820, 133973, 343862, 163808], [821792, 274475, 514313, 3649819, -251002, 528683, -416365, 1080245, -1722227, -727667], [1000257, -1013860, -721523, -251002, 1210236, -576404, 476590, -127784, -457644, 799709], [-1640603, 4131134, 973952, 528683, -576404, 5015456, 1237856, 187835, -1385657, 548565], [-349459, 1364279, -20820, -416365, 476590, 1237856, 2210308, -97936, -125199, 827723], [218995, 178099, 133973, 1080245, -127784, 187835, -97936, 3261190, -822211, -1420592], [-125975, -939025, 343862, -1722227, -457644, -1385657, -125199, -822211, 3813815, 1094064], [686966, -145004, 163808, -727667, 799709, 548565, 827723, -1420592, 1094064, 3174209]], "lincomb_exact": [7.0, 12.0, 5.0, -2.0, 7.0, -6.0, -4.0, -1.0, 1.0, -2.0], "lincomb_LLL": [7.0, 12.0, 5.0, -2.0, 7.0, -6.0, -4.0, -1.0, 1.0, -2.0], "lincomb_cube": [9.075820922851562, 14.898956298828125, 6.614219665527344, -2.7137527465820312, 8.805252075195312, -7.46392822265625, -4.894950866699219, -1.109588623046875, 1.0, -2.740337371826172], "lincomb_cube_shortest": [9.0, 14.0, 7.0, -3.0, 9.0, -7.0, -5.0, -1.0, 1.0, -3.0], "exact.norm": 867.9423828125, "LLL.norm": 867.9423828125, "shortest_cube.norm": 1209.21875, "sv_LLL": [242.0, -378.0, 177.0, 144.0, 20.0, -82.0, -606.0, 309.0, 81.0, 153.0], "sv_exact": [242.0, -378.0, 177.0, 144.0, 20.0, -82.0, -606.0, 309.0, 81.0, 153.0], "sv_shortst_cube": [246.0, -747.0, -280.0, 41.0, 83.0, 539.0, 161.0, 93.0, -51.0, 655.0]}, {"B": [[-364, 5, 335, 648, -738, -595, 212, 363, 233, 467], [413, 839, -272, -700, -620, 737, -129, 814, -174, 721], [-561, 895, -542, -369, -218, 605, -248, 756, -537, -15], [495, 287, 461, 531, -96, 21, -816, -858, 20, 113], [831, -444, -196, -43, 535, 846, -137, -363, -323, -327], [69, -107, -75, -483, 289, 460, -118, 619, -852, 592], [296, -67, 743, -550, -828, -568, 20, -437, -623, -812], [1000, 80, -966, -268, -632, 735, 681, -120, 112, 402], [77, 298, 855, -562, 121, -52, -541, 667, 449, 314], [69, -8, -764, 252, 86, -808, -591, -883, -783, 192]], "G": [[2012410, -107513, -321368, -48884, -1685209, -573113, 54696, -517141, 216037, -239104], [-107513, 3595397, 2235980, -492022, -111473, 1551232, -491665, 1948832, 1090314, -963472], [-321368, 2235980, 2880854, -891713, -408368, 1245573, -577514, 389733, 302240, -335746], [-48884, -492022, -891713, 2246722, 516969, -690644, 499734, -398637, 120298, 1034149], [-1685209, -111473, -408368, 516969, 2291699, 557172, -147118, 1062663, -606705, 153862], [-573113, 1551232, 1245573, -690644, 557172, 2023698, -485825, 405708, 471848, -101684], [54696, -491665, -577514, 499734, -147118, -485825, 3193704, -504022, 39545, 408400], [-517141, 1948832, 389733, -398637, 1062663, 405708, -504022, 3603338, -961111, -216407], [216037, 1090314, 302240, 120298, -606705, 471848, 39545, -961111, 2196714, -1300002], [-239104, -963472, -335746, 1034149, 153862, -101684, 408400, -216407, -1300002, 3091208]], "lincomb_exact": [2.0, -20.0, 11.0, 4.0, -3.0, 6.0, 1.0, 14.0, 12.0, 0.0], "lincomb_LLL": [2.0, -20.0, 11.0, 4.0, -3.0, 6.0, 1.0, 14.0, 12.0, 0.0], "lincomb_cube": [1.705404281616211, -16.91644287109375, 9.300186157226562, 3.8679542541503906, -2.9124526977539062, 5.4511260986328125, 1.0, 11.7674560546875, 9.696762084960938, -0.3305845260620117], "lincomb_cube_shortest": [2.0, -17.0, 9.0, 4.0, -3.0, 6.0, 1.0, 12.0, 10.0, 0.0], "exact.norm": 861.0390625, "LLL.norm": 861.0390625, "shortest_cube.norm": 1089.3671875, "sv_LLL": [-38.0, -458.0, -391.0, -454.0, 47.0, 129.0, -223.0, 20.0, 309.0, -82.0], "sv_exact": [-38.0, -458.0, -391.0, -454.0, 47.0, 129.0, -223.0, 20.0, 309.0, -82.0], "sv_shortst_cube": [169.0, -487.0, 99.0, -156.0, -355.0, -236.0, -394.0, -144.0, -261.0, 679.0]}, {"B": [[-992, 336, -587, -743, 486, -979, -850, -927, -721, 126], [-861, 915, 730, -165, 813, 272, -458, -744, 250, 537], [-636, 191, 180, 276, 153, 515, -244, 650, 147, -431], [681, -74, 993, 79, -272, -556, 26, 880, -639, -620], [-308, -995, 658, -914, -815, 39, 257, 115, -134, 425], [-933, -390, -686, -719, -582, 697, -413, 818, -172, 679], [-449, -134, -290, -626, -438, -666, 294, 217, 318, 977], [-452, -546, 828, -624, -322, 821, 925, 572, 488, -695], [6, -345, 472, -401, -505, 232, 641, -310, 495, -239], [32, 364, -407, 1000, 674, -981, 49, -208, -104, -117]], "G": [[5305761, 1950867, -600910, -1385133, -345090, 568510, 917643, -2473639, -1218040, 1085840], [1950867, 3987793, 506145, -1473882, -674615, -317079, -73628, -541925, -325108, 168009], [-600910, 506145, 1527593, 164281, -423422, 781422, -680037, 1050932, -235342, -262198], [-1385133, -1473882, 164281, 3412444, 575074, -1175710, -754183, 783086, 50742, -10957], [-345090, -674615, -423422, 575074, 3296850, 1682257, 1457088, 2034833, 1400322, -2188527], [568510, -317079, 781422, -1175710, 1682257, 4164997, 1575696, 804975, -216641, -1939575], [917643, -73628, -680037, -754183, 1457088, 1575696, 2520111, -106891, 269451, -391091], [-2473639, -541925, 1050932, 783086, 2034833, 804975, -106891, 4259083, 2003050, -2239721], [-1218040, -325108, -235342, 50742, 1400322, -216641, 269451, 2003050, 1620622, -1214082], [1085840, 168009, -262198, -10957, -2188527, -1939575, -391091, -2239721, -1214082, 2785976]], "lincomb_exact": [0.0, 0.0, 1.0, 0.