[{"B": [[-835, -232, -278, 117, 479, 504, -258, 0, -731, 218], [483, 721, -35, -478, -588, 29, 175, -241, 321, 433], [-74, 376, -292, 759, -60, -922, -494, 14, -966, -588], [572, 893, 172, -112, 862, 246, 809, -724, 199, 793], [20, -110, -596, -206, 900, -784, 415, -261, -352, 674], [819, 943, -387, -744, -691, -282, -876, 182, -417, -41], [-966, 769, -930, -606, 32, 126, -333, -528, 816, 342], [258, 855, -797, -841, -285, 887, 378, 705, -267, -623], [-222, 272, -928, 675, -929, 438, 532, -924, 655, -214], [70, -346, 776, 27, 359, -172, 380, -141, -774, 934]], "G": [[1973928, -1069216, 356523, -390151, 483544, -833323, 458646, -18249, -427727, 565892], [-1069216, 1708660, -763200, 1191230, -187882, 1494015, 873922, 905044, 791047, -215353], [356523, -763200, 3185013, -1188624, 378742, 1005956, -778100, -456537, -228737, -195533], [-390151, 1191230, -1188624, 3817428, 1405839, -293631, 647122, 88941, 247653, 1124796], [483544, -187882, 378742, 1405839, 2653334, -396138, 448111, -745593, -712666, 1125815], [-833323, 1494015, 1005956, -293631, -396138, 3796390, 528461, 1832575, -448524, -862991], [458646, 873922, -778100, 647122, 448111, 528461, 3946046, 832713, 1675078, -1446168], [-18249, 905044, -456537, 88941, -745593, 1832575, 832713, 4107400, 508609, -1504817], [-427727, 791047, -228737, 247653, -712666, -448524, 1675078, 508609, 4106583, -1594804], [565892, -215353, -195533, 1124796, 1125815, -862991, -1446168, -1504817, -1594804, 2521699]], "lincomb_exact": [-4.0, -8.0, -1.0, 1.0, -1.0, 3.0, 2.0, 1.0, 2.0, 4.0], "lincomb_LLL": [-4.0, -8.0, -1.0, 1.0, -1.0, 3.0, 2.0, 1.0, 2.0, 4.0], "lincomb_cube": [-3.2144012451171875, -6.6116180419921875, -1.0, 0.4013800621032715, -0.774078369140625, 2.4515953063964844, 1.8234024047851562, 0.8526554107666016, 1.5481338500976562, 3.6183319091796875], "lincomb_cube_shortest": [-3.0, -6.0, -1.0, 0.0, -1.0, 2.0, 2.0, 1.0, 1.0, 4.0], "exact.norm": 1197.109375, "LLL.norm": 1197.109375, "shortest_cube.norm": 1441.41796875, "sv_LLL": [721.0, 169.0, -118.0, -136.0, 94.0, 185.0, 188.0, -766.0, 201.0, -383.0], "sv_exact": [721.0, 169.0, -118.0, -136.0, 94.0, 185.0, 188.0, -766.0, 201.0, -383.0], "sv_shortst_cube": [-317.0, -729.0, 677.0, -794.0, 155.0, 345.0, -185.0, 218.0, -325.0, 163.0]}, {"B": [[264, -201, 55, -705, -336, -763, -915, -906, 202, 420], [621, -473, 772, 979, 327, -214, -313, 826, 518, -370], [-391, -24, 741, 984, -150, -404, -98, -287, -624, -590], [105, 245, -471, 875, 742, 858, 743, 507, 517, 983], [-557, 280, -871, -772, 320, 865, -581, -832, -732, 220], [77, 427, 95, 993, -942, 979, -438, -449, 609, 299], [894, -853, -601, 111, -917, -307, -778, 644, -764, -564], [-309, -375, 654, 522, 607, 48, -39, 664, 601, -736], [268, 434, 911, -319, 36, -134, -618, 27, -849, -673], [207, -216, 204, -282, -178, 502, -446, -499, -553, 148]], "G": [[3180477, -848033, -416869, -2190164, 755455, -134642, 575710, -1332434, 435514, 795514], [-848033, 3501989, 1030015, 591674, -2952962, 344845, 957565, 2333938, 417549, -667299], [-416869, 1030015, 2685959, -1113779, -968762, 368297, 297291, 890109, 1274348, 66488], [-2190164, 591674, -1113779, 4387920, -291225, 1133541, -1879685, 410874, -2207973, -800167], [755455, -2952962, -968762, -291225, 4207908, 20763, -506636, -1801386, 130643, 1353161], [-134642, 344845, 368297, 1133541, 20763, 3882864, -261308, -263353, -649073, 449069], [575710, 957565, 297291, -1879685, -506636, -261308, 4757317, -448940, 820996, 589164], [-1332434, 2333938, 890109, 410874, -1801386, -263353, -448940, 2652373, 226243, -835924], [435514, 417549, 1274348, -2207973, 130643, -649073, 820996, 226243, 2767497, 795906], [795514, -667299, 66488, -800167, 1353161, 449069, 589164, -835924, 795906, 1269963]], "lincomb_exact": [3.0, -6.0, 1.0, 4.0, -2.0, 0.0, 2.0, 5.0, 2.0, 1.0], "lincomb_LLL": [3.0, -6.0, 1.0, 4.0, -2.0, 0.0, 2.0, 5.0, 2.0, 1.0], "lincomb_cube": [0.8712568283081055, -2.1739234924316406, 0.18718886375427246, 1.2933235168457031, -1.061929702758789, -0.026614487171173096, 0.6619977951049805, 1.7435455322265625, 0.5539112091064453, 1.0], "lincomb_cube_shortest": [1.0, -2.0, 0.0, 1.0, -1.0, 0.0, 1.0, 2.0, 0.0, 1.0], "exact.norm": 1123.947265625, "LLL.norm": 1123.947265625, "shortest_cube.norm": 1319.521484375, "sv_LLL": [-805.0, -298.0, 226.0, -49.0, 303.0, 153.0, -264.0, -106.0, -368.0, 376.0], "sv_exact": [-805.0, -298.0, 226.0, -49.0, 303.0, 153.0, -264.0, -106.0, -368.0, 376.0], "sv_shortst_cube": [167.0, -1109.0, -178.0, -143.0, -449.0, -51.0, -267.0, 254.0, 300.0, 35.0]}, {"B": [[-671, -827, -134, -738, -298, 614, 720, 498, -212, 791], [635, -222, 700, 258, 714, 508, 824, -351, -66, -464], [-385, -430, -219, 873, -724, -77, 836, 580, -200, -846], [162, 245, -472, 909, 112, 144, -207, -941, 666, -245], [-996, 882, -781, -987, 735, 642, 156, -215, 513, -634], [224, -75, -833, -523, -996, 558, 359, -994, -504, 844], [874, -934, -635, 459, 914, 527, -503, 653, -632, -52], [-736, 178, -312, -213, 433, 264, 294, -599, 577, 560], [396, -268, -368, 254, -636, -75, 824, -691, 337, 934], [789, -43, 840, -885, -728, -380, 936, 292, -122, -296]], "G": [[3599599, -362105, 431465, -1816516, 342120, 1586657, 39404, 812728, 877770, 641400], [-362105, 2798762, 257895, 335169, -314357, -700466, 778737, -182373, 92583, 971567], [431465, 257895, 3464332, -7733, -828506, -539624, 31211, -935417, 161873, 541164], [-1816516, 335169, -7733, 2600525, 367966, 223079, -110559, 714420, 796317, -1697174], [342120, -314357, -828506, 367966, 5042145, -20238, -1151377, 1947308, -1251858, -1177041], [1586657, -700466, -539624, 223079, -20238, 4409868, -616573, 791909, 2475230, 313584], [39404, 778737, 31211, -110559, -1151377, -616573, 4444809, -1107086, -801394, -1263155], [812728, -182373, -935417, 714420, 1947308, 791909, -1107086, 2065044, 800020, -1213355], [877770, 92583, 161873, 796317, -1251858, 2475230, -801394, 800020, 2981083, 533480], [641400, 971567, 541164, -1697174, -1177041, 313584, -1263155, -1213355, 533480, 3851439]], "lincomb_exact": [1.0, 1.0, -1.0, 0.0, 1.0, -1.0, -1.0, -4.0, 2.0, -2.0], "lincomb_LLL": [1.0, 1.0, -1.0, 0.0, 1.0, -1.0, -1.0, -4.0, 2.0, -2.0], "lincomb_cube": [1.0, 0.41094350814819336, -0.6597890853881836, 0.30638933181762695, 0.703770637512207, -0.5651149749755859, -0.6791477203369141, -2.5592803955078125, 1.0877723693847656, -0.9610748291015625], "lincomb_cube_shortest": [1.0, 0.0, -1.0, 0.0, 1.0, -1.0, -1.0, -3.0, 2.0, -1.0], "exact.norm": 1212.611328125, "LLL.norm": 1212.611328125, "shortest_cube.norm": 1406.623046875, "sv_LLL": [413.0, 110.0, 304.0, 854.0, 409.0, 310.0, -392.0, 123.0, 181.0, -33.0], "sv_exact": [413.0, 110.0, 304.0, 854.0, 409.0, 310.0, -392.0, 123.0, 181.0, -33.0], "sv_shortst_cube": [-169.0, 467.0, 132.0, -502.0, -600.0, -314.0, 14.0, 167.0, 702.0, 695.0]}, {"B": [[-14, 190, -235, 127, -760, 43, -222, -272, -668, -444], [-703, -193, -3, -870, 695, 319, 893, 633, 965, 259], [688, -988, -151, 215, -487, -276, -486, 249, 938, 197], [-855, -901, -216, -51, 799, 360, -557, -773, 496, -914], [981, 427, 140, -731, -481, -26, 825, 47, -349, 129], [-623, -440, -207, -500, -967, 968, -708, -930, 743, -149], [694, -549, 157, -864, -542, 158, 91, -345, 259, -797], [817, 106, 746, 753, 939, 263, 500, 32, -125, 218], [303, 3, 832, -584, -824, 929, -666, -805, 278, 701], [-117, -423, -648, -457, 779, -99, -471, -239, -545, 465]], "G": [[1453727, -1781134, -450198, -298299, 286023, 666779, 412559, -906304, 262691, -253618], [-1781134, 4069597, -226274, 745325, -15991, 52707, -50614, -113062, -638807, 95868], [-450198, -226274, 3048709, 198541, -375026, 913713, 986565, -332600, 621284, -265238], [-298299, 745325, 198541, 4349274, -2396986, 2193124, 608173, -713127, -245231, 982978], [286023, -15991, -375026, -2396986, 2751964, -928902, 1222205, 427990, 620220, -573794], [666779, 52707, 913713, 2193124, -928902, 4687105, 1453369, -2249099, 2948050, -145960], [412559, -50614, 986565, 608173, 1222205, 1453369, 2702506, -663711, 1167649, -465885], [-906304, -113062, -332600, -713127, 427990, -2249099, -663711, 3067313, -341312, -336165], [262691, -638807, 621284, -245231, 620220, 2948050, 1167649, -341312, 4327381, -362299], [-253618, 95868, -265238, 982978, -573794, -145960, -465885, -336165, -362299, 2230225]], "lincomb_exact": [2.0, 1.0, 1.0, 1.0, 1.0, -1.0, -1.0, 0.0, 1.0, 0.0], "lincomb_LLL": [2.0, 1.0, 1.0, 1.0, 1.0, -1.0, -1.0, 0.0, 1.0, 0.0], "lincomb_cube": [2.4554100036621094, 1.0, 1.264760971069336, 2.0293312072753906, 1.6646842956542969, -1.5966739654541016, -1.8527297973632812, -0.3436117172241211, 1.2183818817138672, -0.4248771667480469], "lincomb_cube_shortest": [2.0, 1.0, 1.0, 2.0, 2.0, -1.0, -2.0, 0.0, 1.0, 0.0], "exact.norm": 875.17578125, "LLL.norm": 875.17578125, "shortest_cube.norm": 1067.900390625, "sv_LLL": [315.0, -283.0, 182.0, -403.0, -309.0, 266.0, 182.0, 82.0, -10.0, 430.0], "sv_exact": [315.0, -283.0, 182.0, -403.0, -309.0, 266.0, 182.0, 82.0, -10.0, 430.0], "sv_shortst_cube": [-253.0, -208.0, -51.0, -321.0, 551.0, 442.0, 359.0, -299.0, -122.0, 442.0]}, {"B": [[-347, 931, 689, -191, -434, -599, -77, 332, -681, 65], [536, 696, -436, 360, -314, -718, 744, -548, -969, -267], [-994, -707, 58, -322, -341, -727, -593, 649, -399, 522], [257, 937, -319, 762, 788, 160, -658, -392, -93, 885], [-146, 141, -194, 826, -683, -752, -991, 235, -22, 507], [750, 4, 643, 166, -443, 449, 582, -474, 835, -994], [422, 681, 654, -116, -206, -405, -165, 776, -19, 725], [-282, -619, 593, -65, -583, 822, 748, -280, -26, -595], [448, -35, -692, 528, -146, 784, -537, -732, -424, -125], [210, -822, 492, 287, 410, -647, -42, -738, 303, -61]], "G": [[2629668, 1062488, 938410, 21383, 839635, -757321, 1622739, -468324, -1092985, -796458], [1062488, 3569618, -1086591, 420082, 176087, 149959, 5566, -377047, 636331, -139082], [938410, -1086591, 3444278, -931948, 1561430, -2444631, 526530, -551026, -1203602, 32300], [21383, 420082, -931948, 3651469, 1138068, -1313864, 670175, -2125639, 1284914, -200170], [839635, 176087, 1561430, 1138068, 3087941, -1342121, 970843, -1542955, 316283, 32165], [-757321, 149959, -2444631, -1313864, -1342121, 3650032, -570466, 1921656, 199890, 685084], [1622739, 5566, 526530, 670175, 970843, -570466, 2444865, -1129574, -1198035, -620851], [-468324, -377047, -551026, -2125639, -1542955, 1921656, -1129574, 2826737, 68902, 155476], [-1092985, 636331, -1203602, 1284914, 316283, 199890, -1198035, 68902, 2615143, -191263], [-796458, -139082, 32300, -200170, 32165, 685084, -620851, 155476, -191263, 2272864]], "lincomb_exact": [1.0, -1.0, -4.0, -2.0, 2.0, -3.0, 0.0, 1.0, 0.0, 1.0], "lincomb_LLL": [1.0, -1.0, -4.0, -2.0, 2.0, -3.0, 0.0, 1.0, 0.0, 1.0], "lincomb_cube": [1.0862998962402344, -1.4438819885253906, -5.717529296875, -2.9020156860351562, 2.2818374633789062, -4.514015197753906, 0.04313373565673828, 1.0, -0.23759770393371582, 1.3696823120117188], "lincomb_cube_shortest": [1.0, -1.0, -5.0, -3.0, 2.0, -4.0, 0.0, 1.0, 0.0, 1.0], "exact.norm": 913.994140625, "LLL.norm": 913.994140625, "shortest_cube.norm": 1149.677734375, "sv_LLL": [-35.0, 18.0, 299.0, 589.0, -542.0, 31.0, -155.0, -58.0, -202.0, -186.0], "sv_exact": [-35.0, 18.0, 299.0, 589.0, -542.0, 31.0, -155.0, -58.0, -202.0, -186.0], "sv_shortst_cube": [-48.0, -216.0, -83.0, -17.0, -546.0, 149.0, 514.0, 159.0, -545.0, -599.0]}, {"B": [[522, -602, -60, -976, 123, -878, 536, 121, -176, -358], [-157, -429, -739, 436, 971, -162, -665, -436, -99, -342], [240, -541, 816, 359, 901, 304, -131, 970, 495, 81], [415, 732, 199, 738, 805, -432, -799, 804, -560, 581], [329, 382, 673, -186, -34, 387, -433, 113, 861, 585], [-168, -343, -322, -202, -949, -198, -232, 713, -844, 303], [83, -743, -409, -650, 119, 339, -345, 137, -585, -86], [339, 148, -597, 321, 649, -854, 831, -137, -33, -686], [-285, 960, -859, -689, 715, -54, -582, -119, -111, -432], [507, 872, -936, -541, -27, -277, -649, 411, 438, -159]], "G": [[2838154, -212559, -173435, -918369, -840419, 394370, 831952, 1320260, -19488, 245472], [-212559, 2673078, 161020, 684692, -936314, -742652, 642218, 977947, 1267962, 284203], [-173435, 161020, 3258882, 1379301, 1081619, -776503, -53392, -359140, -1037381, -728982], [-918369, 684692, 1379301, 4062921, 512808, 194944, -457738, 104286, 684435, 872452], [-840419, -936314, 1081619, 512808, 2176419, -778196, -672858, -1451011, -331938, 475887], [394370, -742652, -776503, 194944, -778196, 2596504, 969253, -897612, -520502, 132633], [831952, 642218, -53392, -457738, -672858, 969253, 1765216, -485742, 415599, 69199], [1320260, 977947, -359140, 104286, -1451011, -897612, -485742, 2927807, 679946, 404089], [-19488, 1267962, -1037381, 684435, -331938, -520502, 415599, 679946, 3281398, 2213930], [245472, 284203, -728982, 872452, 475887, 132633, 69199, 404089, 2213930, 3070915]], "lincomb_exact": [0.0, 0.0, 0.0, 0.0, -1.0, -1.0, 0.0, -1.0, -1.0, 1.0], "lincomb_LLL": [0.0, 0.0, 0.0, 0.0, -1.0, -1.0, 0.0, -1.0, -1.0, 1.0], "lincomb_cube": [0.4920358657836914, -0.35581016540527344, 0.030508339405059814, 0.46694087982177734, -2.56463623046875, -1.7880744934082031, -0.3266587257385254, -1.9401626586914062, -1.0, 1.3264331817626953], "lincomb_cube_shortest": [0.0, 0.0, 0.0, 0.0, -2.0, -1.0, 0.0, -1.0, -1.0, 1.0], "exact.norm": 1000.6689453125, "LLL.norm": 1000.6689453125, "shortest_cube.norm": 1206.869140625, "sv_LLL": [292.0, -275.0, 169.0, 215.0, -408.0, 442.0, -233.0, -159.0, 565.0, 71.0], "sv_exact": [292.0, -275.0, 169.0, 215.0, -408.0, 442.0, -233.0, -159.0, 565.0, 71.0], "sv_shortst_cube": [-37.0, -657.0, -504.0, 401.0, -374.0, 55.0, 200.0, -272.0, -296.0, -514.0]}, {"B": [[-922, -831, 753, 352, 815, 225, -855, 623, 332, -835], [663, 561, 679, -382, 554, -180, 453, -556, -983, 795], [338, 879, 294, 125, 220, -22, 905, -530, -298, 704], [-474, -586, 399, -168, 382, 824, 282, -735, 799, -292], [-426, 859, 561, 172, -602, -965, 520, 425, -955, -509], [-992, -92, 265, -982, -808, -789, 865, 34, 92, -717], [-868, -954, 405, -852, -301, -971, 935, 666, 502, -722], [-787, 690, -49, 749, -499, -138, 860, -114, -157, -925], [565, 750, 928, -342, -967, 385, -310, 506, 849, 837], [525, -963, 654, -616, 383, -961, 538, -424, -791, -969]], "G": [[4873011, -2013528, -2393094, 1472108, -617705, -80242, 1519368, -144831, -1103999, 510114], [-2013528, 3813230, 2552188, -725754, 888238, -747371, -1516390, -833766, 360165, 1359028], [-2393094, 2552188, 2722175, -311998, 857901, -388785, -1328927, 547285, 646608, -183197], [1472108, -725754, -311998, 2923811, -1911783, 337851, 746203, -10048, -357119, 148639], [-617705, 888238, 857901, -1911783, 4179422, 2312469, 1406498, 2482389, -107025, 1255060], [-80242, -747371, -388785, 337851, 2312469, 4574396, 4297417, 1869600, -343112, 1867738], [1519368, -1516390, -1328927, 746203, 1406498, 4297417, 5677980, 968272, -752434, 2593734], [-144831, -833766, 547285, -10048, 2482389, 1869600, 968272, 3559786, -1031184, -98046], [-1103999, 360165, 646608, -357119, -107025, -343112, -752434, -1031184, 4716693, -2212323], [510114, 1359028, -183197, 148639, 1255060, 1867738, 2593734, -98046, -2212323, 5114238]], "lincomb_exact": [0.0, -3.0, 2.0, 1.0, 2.0, 0.0, -1.0, -2.0, 0.0, 1.0], "lincomb_LLL": [0.0, -3.0, 2.0, 1.0, 2.0, 0.0, -1.0, -2.0, 0.0, 1.0], "lincomb_cube": [-0.44058942794799805, -0.7356300354003906, 0.19538378715515137, 1.0, 1.4071769714355469, -0.5129251480102539, 0.06524813175201416, -1.0281352996826172, -0.2693486213684082, -0.10995984077453613], "lincomb_cube_shortest": [0.0, -1.0, 1.0, 1.0, 1.0, 0.0, 0.0, -1.0, 0.0, 0.0], "exact.norm": 1150.248046875, "LLL.norm": 1150.248046875, "shortest_cube.norm": 1153.48828125, "sv_LLL": [328.0, -182.0, 419.0, 310.0, -362.0, -324.0, -344.0, -139.0, 263.0, -684.0], "sv_exact": [328.0, -182.0, 419.0, 310.0, -362.0, -324.0, -344.0, -139.0, 263.0, -684.0], "sv_shortst_cube": [-438.0, -99.0, 624.0, -238.0, -55.0, 155.0, 394.0, -170.0, 686.0, 33.0]}, {"B": [[-247, -888, -374, 208, -61, -881, -887, 103, 727, -13], [719, 254, 483, 256, -33, -185, -867, 120, -678, 259], [-328, 933, -468, 119, -860, -851, -434, -972, 590, 164], [185, 772, 286, -231, -441, 3, -293, -12, -660, -416], [-839, 389, 793, 241, 23, 558, -462, 817, -321, -876], [-269, 883, 526, 585, 11, 317, -689, 687, -209, -261], [319, 753, -684, -608, 43, 381, 43, -775, 859, -515], [-202, 190, 851, -602, -507, 762, -809, -32, 613, -25], [431, -756, 704, -978, 378, -773, -15, 424, 454, -263], [-244, 740, 472, 655, 39, 398, 385, -169, -141, -318]], "G": [[3138651, -80425, 966127, -1077742, -605688, -539299, -443167, -42448, 1146560, -1447432], [-80425, 2208470, -106521, 1014430, 325639, 1129587, -983369, 311178, 26016, -7576], [966127, -106521, 4183195, 556168, -1125624, -78561, 1641454, 300958, -1140717, 117099], [-1077742, 1014430, 556168, 1654505, 1009589, 1083461, 211336, 560872, -436577, 608393], [-605688, 325639, -1125624, 1009589, 3605415, 2479742, -927717, 1359425, -317767, 1255594], [-539299, 1129587, -78561, 1083461, 2479742, 2630053, -622294, 967366, -950816, 1208197], [-443167, -983369, 1641454, 211336, -927717, -622294, 3258880, 660540, -400764, 101792], [-42448, 311178, 300958, 560872, 1359425, 967366, 660540, 3033101, 459930, 96213], [1146560, 26016, -1140717, -436577, -317767, -950816, -400764, 459930, 3405096, -1323629], [-1447432, -7576, 117099, 608393, 1255594, 1208197, 101792, 96213, -1323629, 1716661]], "lincomb_exact": [1.0, -1.0, -1.0, 2.0, -1.0, 0.0, 0.0, 0.0, 0.0, 1.0], "lincomb_LLL": [0.0, 0.0, 0.0, 0.0, -1.0, 1.0, 0.0, 0.0, 0.0, 0.0], "lincomb_cube": [0.6250104904174805, -0.9886131286621094, -0.5893077850341797, 1.1408271789550781, -1.2912635803222656, 1.0, -0.23173880577087402, 0.2558770179748535, -0.003183845430612564, 0.3961000442504883], "lincomb_cube_shortest": [1.0, -1.0, -1.0, 2.0, -2.0, 1.0, 0.0, 0.0, 0.0, 1.0], "exact.norm": 1128.7734375, "LLL.norm": 1129.595703125, "shortest_cube.norm": 1197.04296875, "sv_LLL": [570.0, 494.0, -267.0, 344.0, -12.0, -241.0, -227.0, -130.0, 112.0, 615.0], "sv_exact": [327.0, -180.0, -138.0, -215.0, -34.0, 1.0, 675.0, -55.0, -325.0, -710.0], "sv_shortst_cube": [897.0, 314.0, -405.0, 129.0, -46.0, -240.0, 448.0, -185.0, -213.0, -95.0]}, {"B": [[527, 349, 407, 168, -608, -769, -72, -597, -864, -663], [-639, 981, -468, 302, 762, -238, 372, -815, -633, -184], [-832, -666, -378, -354, -789, 737, -878, -756, -573, -831], [254, 785, -515, 182, 472, 518, -826, 848, -743, 814], [59, 555, 595, 716, -774, 346, -110, 911, -241, -501], [-734, -51, -521, -516, 654, -377, 802, -217, 630, 5], [668, 780, 804, 64, -529, -986, -986, -254, -112, -167], [220, 770, 150, 526, -517, -286, -897, 477, -486, -978], [-659, -351, -472, 162, 773, -100, -555, -168, 742, -277], [552, 947, -145, -282, -37, -302, -988, 235, 130, -455]], "G": [[3102086, 714277, 589316, -801038, 796199, -1286901, 2472221, 1916491, -1344945, 889936], [714277, 3555352, -23189, 462294, -766258, 1170554, -245204, 142707, 471158, 45026], [589316, -23189, 4930980, -761093, -69116, -674848, -450440, 776517, 638844, -135290], [-801038, 462294, -761093, 4086223, 723085, -1249154, 165446, 997064, -318119, 1281462], [796199, -766258, -69116, 723085, 3048082, -1827942, 1052531, 2347719, -1163479, 713502], [-1286901, 1170554, -674848, -1249154, -1827942, 2736117, -1763293, -1914585, 1264590, -906498], [2472221, -245204, -450440, 165446, 1052531, -1763293, 4034318, 2438355, -840372, 2266016], [1916491, 142707, 776517, 997064, 2347719, -1914585, 2438355, 3514379, -443886, 2166190], [-1344945, 471158, 638844, -318119, -1163479, 1264590, -840372, -443886, 2377581, 59545], [889936, 45026, -135290, 1281462, 713502, -906498, 2266016, 2166190, 59545, 2649929]], "lincomb_exact": [10.0, -2.0, 1.0, 4.0, 9.0, 3.0, -1.0, -12.0, 6.0, 4.0], "lincomb_LLL": [10.0, -2.0, 1.0, 4.0, 9.0, 3.0, -1.0, -12.0, 6.0, 4.0], "lincomb_cube": [11.57513427734375, -2.396129608154297, 1.0, 4.4460296630859375, 9.74200439453125, 3.0515975952148438, -1.3708457946777344, -13.381378173828125, 7.3995361328125, 4.41986083984375], "lincomb_cube_shortest": [11.0, -2.0, 1.0, 4.0, 10.0, 3.0, -1.0, -14.0, 7.0, 5.0], "exact.norm": 874.10546875, "LLL.norm": 874.10546875, "shortest_cube.norm": 1019.5615234375, "sv_LLL": [7.0, 506.0, 344.0, -186.0, -286.0, 188.0, 238.0, 306.0, -282.0, 90.0], "sv_exact": [7.0, 506.0, 344.0, -186.0, -286.0, 188.0, 238.0, 306.0, -282.0, 90.0], "sv_shortst_cube": [46.0, 466.0, 429.0, -474.0, 102.0, -65.0, 307.0, -267.0, 457.0, 150.0]}, {"B": [[-917, 282, 322, -359, -812, 804, 464, -114, 731, -813], [-875, -404, 496, 684, 96, -577, 190, -361, 786, 803], [-10, 323, -404, 763, 899, 451, 680, 821, 723, -630], [-428, -867, -58, -439, 863, -615, -163, 113, -801, -382], [-800, -309, 652, 114, 386, 836, 123, 361, -630, 932], [827, -400, 267, 264, 794, -24, 175, 120, 265, 865], [37, -519, -197, -457, -621, 26, -925, 276, 778, 809], [308, 306, 582, -598, -144, -100, 782, -717, -548, 350], [-893, 527, -997, 246, 502, -380, -20, 625, -298, -479], [-251, 463, 911, -308, -293, -267, 944, -341, -174, 166]], "G": [[3882360, 111784, 591496, -1271788, -28136, -1985995, -104165, 1918, -63938, 1002633], [111784, 3413884, -78950, -174668, 927153, 733870, 678132, -211869, -338619, 698683], [591496, -78950, 3917486, -445344, -206812, 523241, -1333243, -1443801, 1635396, -703236], [-1271788, -174668, -445344, 3080815, 510769, 3784, -655980, -134371, 1037614, -416716], [-28136, 927153, -206812, 510769, 3432447, 656675, -18032, 339943, -229874, 537626], [-1985995, 733870, 523241, 3784, 656675, 2479401, 348454, 226242, -1164663, -235326], [-104165, 678132, -1333243, -655980, -18032, 348454, 3096271, -966398, -972544, -1081678], [1918, -211869, -1443801, -134371, 339943, 226242, -966398, 2463981, -1343543, 1983805], [-63938, -338619, 1635396, 1037614, -229874, -1164663, -972544, -1343543, 3235377, -821184], [1002633, 698683, -703236, -416716, 537626, -235326, -1081678, 1983805, -821184, 2424542]], "lincomb_exact": [0.0, 0.0, 0.0, 0.0, 0.0, 0.0, 0.0, -1.0, 0.0, 1.0], "lincomb_LLL": [0.0, 0.0, 0.0, 0.0, 0.0, 0.0, 0.0, -1.0, 0.0, 1.0], "lincomb_cube": [0.9630317687988281, -0.3100295066833496, -1.2773094177246094, -0.1778240203857422, -0.19307851791381836, 1.7561111450195312, -0.6556730270385742, -1.0, 0.7687950134277344, 0.2893972396850586], "lincomb_cube_shortest": [1.0, 0.0, -1.0, 0.0, 0.0, 1.0, -1.0, -1.0, 0.0, 0.0], "exact.norm": 959.642578125, "LLL.norm": 959.642578125, "shortest_cube.norm": 1098.294921875, "sv_LLL": [-559.0, 157.0, 329.0, 290.0, -149.0, -167.0, 162.0, 376.0, 374.0, -184.0], "sv_exact": [-559.0, 157.0, 329.0, 290.0, -149.0, -167.0, 162.0, 376.0, 374.0, -184.0], "sv_shortst_cube": [-425.0, -228.0, 608.0, 197.0, -152.0, 403.0, 102.0, -374.0, 43.0, -477.0]}, {"B": [[880, 568, -983, -527, 302, 441, 537, -284, -760, 280], [-14, -592, -839, -15, 633, -467, -794, 60, -766, 195], [168, -19, -908, -161, 168, -265, -970, 353, 438, 77], [398, 584, -777, -886, -307, 86, -844, -955, 983, -250], [-835, 280, -450, 569, -894, 386, -763, -191, 976, 728], [240, 974, 183, -312, -179, 200, 164, 900, 417, -658], [-350, 185, 620, -43, -237, 46, 64, 555, 886, 628], [771, 200, -309, -218, -841, 528, 640, 763, -283, -969], [-533, -440, 414, 563, -787, -899, 786, 240, 992, 455], [-747, -807, 971, -530, 452, -594, 37, -421, -285, -570]], "G": [[3651752, 662627, 115868, 858789, -1426442, 114417, -1461779, 1260327, -2329354, -1719936], [662627, 2932401, 1474089, -109492, -542513, -1459480, -1369390, -1080159, -1447018, 297519], [115868, 1474089, 2240701, 1722433, 1075140, 113410, -100099, -389838, -649889, -1026378], [858789, -109492, 1722433, 4642980, 1588145, 447225, -268290, -144270, -1156493, -1010157], [-1426442, -542513, 1075140, 1588145, 4351328, -319396, 1437300, -1232808, 1466340, -1615047], [114417, -1459480, 113410, 447225, -319396, 2652899, 740923, 1958699, -236123, -938570], [-1461779, -1369390, -100099, -268290, 1437300, 740923, 2092760, -586296, 1830942, -239240], [1260327, -1080159, -389838, -144270, -1232808, 1958699, -586296, 3774330, -597879, -1280158], [-2329354, -1447018, -649889, -1156493, 1466340, -236123, 1830942, -597879, 4260109, 421089], [-1719936, 297519, -1026378, -1010157, -1615047, -938570, -239240, -1280158, 421089, 3574874]], "lincomb_exact": [1.0, -3.0, 3.0, -1.0, 0.0, -1.0, -1.0, 0.0, 0.0, 1.0], "lincomb_LLL": [1.0, -3.0, 3.0, -1.0, 0.0, -1.0, -1.0, 0.0, 0.0, 1.0], "lincomb_cube": [1.0, -1.9255905151367188, 2.169055938720703, -1.0035400390625, 0.47478294372558594, -0.31920576095581055, -0.6667385101318359, -0.14577507972717285, -0.06485569477081299, 1.0220661163330078], "lincomb_cube_shortest": [1.0, -2.0, 2.0, -1.0, 1.0, 0.0, -1.0, 0.0, 0.0, 1.0], "exact.norm": 1060.15625, "LLL.norm": 1060.15625, "shortest_cube.norm": 1179.392578125, "sv_LLL": [391.0, -263.0, -245.0, -254.0, 82.0, 121.0, 662.0, -326.0, 281.0, -364.0], "sv_exact": [391.0, -263.0, -245.0, -254.0, 82.0, 121.0, 662.0, -326.0, 281.0, -364.0], "sv_shortst_cube": [-386.0, 418.0, -443.0, 149.0, -526.0, 505.0, 239.0, 90.0, 470.0, -176.0]}, {"B": [[-954, 448, 772, -788, -675, 322, 114, -539, 925, 457], [457, -361, -567, 29, 867, -193, -797, 7, -514, 381], [-385, -537, 657, 122, -789, 957, -874, -86, 515, 963], [-797, 85, 428, -236, -691, 628, -384, 287, -358, 303], [-25, 682, 802, -55, -30, -167, 302, 410, -872, 867], [496, 834, 667, 982, -864, 170, 593, 466, 837, -974], [738, 902, 688, 109, 830, 377, -760, 738, -405, -666], [587, 604, 972, -724, 298, -10, 611, 455, 998, 496], [119, -402, -317, 549, 43, -246, 353, -217, 879, -770], [-751, -928, -247, 880, 669, -266, -311, 661, -300, -959]], "G": [[4255048, -2101617, 2241695, 1592295, 361403, 425031, -1456977, 1801351, -460805, -2228137], [-2101617, 2495053, -421664, -757223, -167024, -2476682, 836868, -1069387, -548112, 830046], [2241695, -421664, 4385363, 2078152, 114079, -301674, -846432, 173715, -819266, -912900], [1592295, -757223, 2078152, 2202977, 926564, -255652, -132712, -352852, -1324277, -297102], [361403, -167024, 114079, 926564, 2912144, -169334, 903434, 1140195, -1938218, -1229028], [425031, -2476682, -301674, -255652, -169334, 5344231, 1234147, 1399647, 1566373, -263704], [-1456977, 836868, -846432, -132712, 903434, 1234147, 4404327, 948308, -761690, 474050], [1801351, -1069387, 173715, -352852, 1140195, 1399647, 948308, 4089615, -251011, -2340861], [-460805, -548112, -819266, -1324277, -1938218, 1566373, -761690, -251011, 2177259, 1160819], [-2228137, 830046, -912900, -297102, -1229028, -263704, 474050, -2340861, 1160819, 4322234]], "lincomb_exact": [-1.0, 1.0, -1.0, 7.0, 4.0, -3.0, 2.0, 0.0, 12.0, -3.0], "lincomb_LLL": [-1.0, 1.0, -1.0, 7.0, 4.0, -3.0, 2.0, 0.0, 12.0, -3.0], "lincomb_cube": [-1.0, 1.7473621368408203, -1.0737953186035156, 6.357398986816406, 2.971954345703125, -2.0173187255859375, 1.1305713653564453, 0.2713303565979004, 9.522811889648438, -2.4534568786621094], "lincomb_cube_shortest": [-1.0, 1.0, -1.0, 6.0, 3.0, -2.0, 1.0, 0.0, 9.0, -2.0], "exact.norm": 901.287109375, "LLL.norm": 901.287109375, "shortest_cube.norm": 1143.66796875, "sv_LLL": [-214.0, 313.0, 520.0, 43.0, 135.0, 346.0, 353.0, -228.0, 179.0, -223.0], "sv_exact": [-214.0, 313.0, 520.0, 43.0, 135.0, 346.0, 353.0, -228.0, 179.0, -223.0], "sv_shortst_cube": [-742.0, -244.0, -27.0, 440.0, -298.0, 150.0, 418.0, 115.0, -286.0, -350.0]}, {"B": [[-232, 395, 477, 221, 420, -88, -275, -980, 932, -673], [485, 461, -357, 89, -19, 427, -685, -818, -469, -197], [328, 86, -450, -609, 63, 236, -749, 107, -286, -870], [-539, 712, 373, -993, 89, -636, -939, 52, -534, -934], [-302, -549, -587, 129, -380, 534, 559, 923, 350, -667], [53, -24, 555, -955, 50, 565, 949, -783, -918, 709], [443, -122, -294, 349, -559, -706, 622, 407, 477, -789], [969, -898, -844, -430, -178, 655, -212, -507, 717, -818], [578, 401, 199, 169, 938, 70, 202, 729, 845, 758], [-138, -259, 345, 812, 806, -797, -304, -347, 636, -869]], "G": [[3027941, 558887, 34400, 796263, -888047, -823184, 18924, 564382, 51807, 2283633], [558887, 2162925, 1135813, 607139, -1113961, 253114, -823485, 986911, -859066, -227864], [34400, 1135813, 2159172, 1851017, 301663, -665209, -19583, 1636777, -867212, -89909], [796263, 607139, 1851017, 4376997, -989429, -349036, -463281, -928073, -1391630, 530403], [-888047, -1113961, 301663, -989429, 2915170, -1155521, 1402779, 1267819, -232828, -333772], [-823184, 253114, -665209, -349036, -1155521, 4404255, -1622588, -666061, -560887, -2211852], [18924, -823485, -19583, -463281, 1402779, -1622588, 2632870, 923159, -138805, 923246], [564382, 986911, 1636777, -928073, 1267819, -666061, 923159, 4588516, -588362, 200248], [51807, -859066, -867212, -1391630, -232828, -560887, -138805, -588362, 3308625, 286845], [2283633, -227864, -89909, 530403, -333772, -2211852, 923246, 200248, 286845, 3521821]], "lincomb_exact": [-1.0, 2.0, -3.0, 2.0, 1.0, 0.0, 0.0, 1.0, 1.0, 0.0], "lincomb_LLL": [-1.0, 2.0, -3.0, 2.0, 1.0, 0.0, 0.0, 1.0, 1.0, 0.0], "lincomb_cube": [-1.5608482360839844, 2.5101470947265625, -4.783683776855469, 2.8799362182617188, 1.5912799835205078, 0.14012813568115234, -0.29473114013671875, 1.6760921478271484, 1.0, 0.7579746246337891], "lincomb_cube_shortest": [-1.0, 2.0, -5.0, 3.0, 1.0, 0.0, 0.0, 2.0, 1.0, 0.0], "exact.norm": 1030.560546875, "LLL.norm": 1030.560546875, "shortest_cube.norm": 1080.078125, "sv_LLL": [385.0, 647.0, -327.0, -334.0, -89.0, 221.0, -177.0, 272.0, -168.0, 294.0], "sv_exact": [385.0, 647.0, -327.0, -334.0, -89.0, 221.0, -177.0, 272.0, -168.0, 294.0], "sv_shortst_cube": [159.0, 289.0, 102.0, -539.0, -304.0, -232.0, 170.0, -397.0, 587.0, 282.0]}, {"B": [[330, -806, 1, 308, -234, 691, -893, -260, 485, -656], [-384, -527, -544, 118, 773, 830, -868, -347, -958, -492], [-724, -103, -45, 153, 741, 750, 543, -601, 330, -468], [689, 198, 977, 723, 395, 794, 883, 881, -209, -958], [-438, 481, 817, 85, -441, 108, -480, -443, 786, 445], [700, -177, 719, -654, -942, -968, 304, -773, -217, 799], [698, -808, 432, 878, -757, 568, 721, -132, 371, -200], [-612, 948, 748, 546, -395, 577, -826, -904, 600, -37], [150, -296, 270, -574, 373, 452, 437, -988, -268, -141], [48, 634, 402, -895, 482, 193, 50, 306, -972, 966]], "G": [[2916248, 1449956, 374452, 257171, 305703, -975392, 1423672, 981935, 165759, -1979173], [1449956, 4055135, 1221463, -251334, -1172533, -2356298, -924383, 40563, 836905, 162250], [374452, 1221463, 2655774, 764981, 54751, -1860905, 244694, 845479, 1245936, -682771], [257171, -251334, 764981, 5294939, -840030, -1596477, 2164185, -422033, 106286, -160639], [305703, -1172533, 54751, -840030, 2546534, 832486, 43385, 2870168, -197422, -149109], [-975392, -2356298, -1860905, -1596477, 832486, 4665829, 612195, -313989, 780085, 916302], [1423672, -924383, 244694, 2164185, 43385, 612195, 3708155, -10103, 305176, -1904318], [981935, 40563, 845479, -422033, 2870168, -313989, -10103, 4480683, 6224, -632213], [165759, 836905, 1245936, 106286, -197422, 780085, 305176, 6224, 2114743, 552640], [-1979173, 162250, -682771, -160639, -149109, 916302, -1904318, -632213, 552640, 3610538]], "lincomb_exact": [-4.0, 1.0, -7.0, 0.0, 5.0, -5.0, 1.0, -2.0, 7.0, -3.0], "lincomb_LLL": [-4.0, 1.0, -7.0, 0.0, 5.0, -5.0, 1.0, -2.0, 7.0, -3.0], "lincomb_cube": [-2.8187522888183594, 1.0, -4.395545959472656, -0.05836302042007446, 3.6525497436523438, -3.015064239501953, 0.7027273178100586, -1.4111499786376953, 4.307830810546875, -2.0436973571777344], "lincomb_cube_shortest": [-3.0, 1.0, -4.0, 0.0, 3.0, -3.0, 1.0, -1.0, 4.0, -2.0], "exact.norm": 849.349609375, "LLL.norm": 849.349609375, "shortest_cube.norm": 992.1103515625, "sv_LLL": [502.0, 30.0, -123.0, -37.0, 225.0, 195.0, 265.0, 392.0, 18.0, -373.0], "sv_exact": [502.0, 30.0, -123.0, -37.0, 225.0, 195.0, 265.0, 392.0, 18.0, -373.0], "sv_shortst_cube": [-78.0, 69.0, -113.0, 625.0, 180.0, 398.0, 482.0, 35.0, -81.0, -373.0]}, {"B": [[779, -405, 646, -273, 395, -717, 806, 969, 872, 203], [344, 967, 401, 659, 531, 625, -43, -128, 537, 364], [945, -345, -931, 441, 84, 878, 649, -234, 175, 208], [383, 295, 1, -267, 69, 601, -528, -159, 429, -375], [-227, -219, 303, 411, -13, -60, -923, 643, 488, -153], [349, 159, 861, 396, -116, -159, -470, 336, 255, 760], [270, 967, 119, -983, 26, -622, -855, -852, -563, -543], [497, -951, -346, 147, 372, -175, 439, 78, 141, 258], [328, -324, 899, 754, -755, -494, 636, -638, -830, 557], [299, 709, -571, 280, -372, 733, 223, 410, 589, 647]], "G": [[4323015, 100566, 48887, -432919, 306888, 1047161, -1495711, 1385828, 101322, 49946], [100566, 2760191, 673839, 790658, 221837, 1109840, -301215, -561597, -241392, 1494333], [48887, 673839, 3401078, 366565, -989487, -682300, -1733685, 1407309, -47205, 1591795], [-432919, 790658, 366565, 1299697, 353897, -8731, 828233, -489751, -1318675, 490328], [306888, 221837, -989487, 353897, 1890920, 978661, -554373, -269016, -869277, -73979], [1047161, 1109840, -682300, -8731, 978661, 2060377, -383611, -180864, 1000087, 437801], [-1495711, -301215, -1733685, 828233, -554373, -383611, 4444746, -1513858, -406676, -1265367], [1385828, -561597, 1407309, -489751, -269016, -180864, -1513858, 1746994, 332630, -173737], [101322, -241392, -47205, -1318675, -869277, 1000087, -406676, 332630, 4214027, -763338], [49946, 1494333, 1591795, 490328, -73979, 437801, -1265367, -173737, -763338, 2655555]], "lincomb_exact": [0.0, 0.0, -1.0, 1.0, 0.0, -1.0, 0.0, 1.0, 1.0, 1.0], "lincomb_LLL": [0.0, 0.0, -1.0, 1.0, 0.0, -1.0, 0.0, 1.0, 1.0, 1.0], "lincomb_cube": [-0.17368340492248535, 0.4582333564758301, -1.770975112915039, 1.2171134948730469, 0.44698667526245117, -1.5160293579101562, 0.1423664093017578, 2.0303001403808594, 1.0, 1.3327445983886719], "lincomb_cube_shortest": [0.0, 1.0, -2.0, 1.0, 0.0, -2.0, 0.0, 2.0, 1.0, 1.0], "exact.norm": 1017.1171875, "LLL.norm": 1017.1171875, "shortest_cube.norm": 1153.841796875, "sv_LLL": [213.0, -85.0, 53.0, 77.0, -654.0, -54.0, 591.0, -411.0, -101.0, 119.0], "sv_exact": [213.0, -85.0, 53.0, 77.0, -654.0, -54.0, 591.0, -411.0, -101.0, 119.0], "sv_shortst_cube": [-240.0, 117.0, 178.0, 46.0, 281.0, -323.0, 808.0, -563.0, 147.0, -227.0]}, {"B": [[-235, -261, 627, -488, 39, 970, 459, -315, -128, -115], [-899, -682, -137, 682, -293, -101, 839, 804, -480, 50], [693, -70, -167, -823, 611, -968, -834, -410, -134, -368], [618, -988, 116, -540, 100, 450, 128, 451, -987, 970], [-119, 858, -321, -750, 162, 158, -557, 922, 343, 242], [-392, 398, 672, 260, 516, 705, -51, 558, -558, -420], [959, -525, 35, 521, 693, 111, 756, 834, -751, -374], [526, -104, -196, 629, -836, 703, 938, -496, 640, -22], [470, -138, 717, 998, -665, 859, 542, 344, 855, -151], [347, 562, 851, 249, 780, 795, -377, -188, 307, 485]], "G": [[2036555, 48686, -956985, 820763, -489489, 907225, 37486, 630388, 743741, 776514], [48686, 3436505, -2178375, 651568, -887697, 596518, 1278776, 307727, 675443, -1541406], [-956985, -2178375, 3517748, 31618, 425868, -949798, -151494, -1961033, -2495620, -267013], [820763, 651568, 31618, 4010478, -225457, 59398, 1804691, -458478, -474729, 93593], [-489489, -887697, 425868, -225457, 2803620, 422251, -836997, -1350600, -853002, 492276], [907225, 596518, -949798, 59398, 422251, 2396262, 1012899, -824003, 515235, 1226536], [37486, 1278776, -151494, 1804691, -836997, 1012899, 3931511, 201620, 813754, -27729], [630388, 307727, -1961033, -458478, -1350600, -824003, 201620, 3450598, 2796893, -53864], [743741, 675443, -2495620, -474729, -853002, 515235, 813754, 2796893, 4096069, 1028652], [776514, -1541406, -267013, 93593, 492276, 1226536, -27729, -53864, 1028652, 2969827]], "lincomb_exact": [1.0, -7.0, -8.0, -1.0, -2.0, -4.0, 3.0, -7.0, 1.0, -3.0], "lincomb_LLL": [1.0, -7.0, -8.0, -1.0, -2.0, -4.0, 3.0, -7.0, 1.0, -3.0], "lincomb_cube": [1.0, -4.697425842285156, -5.7860870361328125, -0.9736099243164062, -1.2275199890136719, -3.1120758056640625, 2.421527862548828, -4.9800567626953125, 0.4974217414855957, -1.9403190612792969], "lincomb_cube_shortest": [1.0, -4.0, -5.0, -1.0, -1.0, -3.0, 2.0, -5.0, 1.0, -2.0], "exact.norm": 835.0625, "LLL.norm": 835.0625, "shortest_cube.norm": 935.6103515625, "sv_LLL": [326.0, 82.0, 401.0, -267.0, -360.0, -279.0, -177.0, -308.0, 38.0, 131.0], "sv_exact": [326.0, 82.0, 401.0, -267.0, -360.0, -279.0, -177.0, -308.0, 38.0, 131.0], "sv_shortst_cube": [-363.0, -39.0, 264.0, -194.0, -313.0, -533.0, -27.0, 340.0, 319.0, -186.0]}, {"B": [[867, -535, 695, 363, 929, -122, -899, 763, -694, -730], [26, 555, -338, 263, 744, -469, -156, -242, -4, -206], [174, -76, -584, -138, 435, -145, 73, 547, -23, 442], [-869, 519, 274, -653, 330, -562, -986, -267, 143, 240], [417, -200, -507, 342, 753, 937, -246, 159, -121, 614], [428, -723, -225, -327, 730, -371, 492, 624, 449, -617], [-498, -514, 355, 783, -294, -286, -35, -741, -704, -837], [306, 30, -408, -296, -905, -388, -885, -458, -703, -323], [-403, -247, -210, -364, -64, 172, 875, -413, 843, -238], [1000, 162, -783, 320, 690, 128, -623, -928, -553, -834]], "G": [[4935539, 443324, 202385, -294312, 803768, 1378845, 701612, 234668, -2088824, 1822314], [443324, 1390963, 280365, 678616, 155831, 214577, 63139, -88440, -291497, 1413832], [202385, 280365, 1106833, -150748, 871526, 771494, -1211026, -449059, -217879, -52614], [-294312, 678616, -150748, 3072285, -776361, -881479, -253516, 567405, -404668, -469845], [803768, 155831, 871526, -776361, 2510314, 72397, -1044372, -786166, -552749, 1091070], [1378845, 214577, 771494, -881479, 72397, 2747738, -565223, -1056400, 759984, 219314], [701612, 63139, -1211026, -253516, -1044372, -565223, 3166037, 968238, -181144, 948682], [234668, -88440, -449059, 567405, -786166, -1056400, 968238, 2909712, -1047096, 1496010], [-2088824, -291497, -217879, -404668, -552749, 759984, -181144, -1047096, 2137181, -846756], [1822314, 1413832, -52614, -469845, 1091070, 219314, 948682, 1496010, -846756, 4484895]], "lincomb_exact": [0.0, -1.0, 1.0, 0.0, -1.0, -1.0, 0.0, -1.0, 0.0, 1.0], "lincomb_LLL": [0.0, -1.0, 1.0, 0.0, -1.0, -1.0, 0.0, -1.0, 0.0, 1.0], "lincomb_cube": [-1.4543476104736328, -1.0, -1.0588951110839844, 0.4497957229614258, 0.030635476112365723, 1.54168701171875, 0.17621517181396484, -0.8016138076782227, -2.234771728515625, 0.6662225723266602], "lincomb_cube_shortest": [-2.0, -1.0, -2.0, 0.0, 0.0, 2.0, 0.0, -1.0, -3.0, 1.0], "exact.norm": 824.4521484375, "LLL.norm": 824.4521484375, "shortest_cube.norm": 1025.7265625, "sv_LLL": [-3.0, 424.0, 111.0, 200.0, -197.0, 274.0, 245.0, -464.0, -197.0, 140.0], "sv_exact": [-3.0, 424.0, 111.0, 200.0, -197.0, 274.0, 245.0, -464.0, -197.0, 140.0], "sv_shortst_cube": [651.0, 94.0, -79.0, 341.0, -225.0, 261.0, 429.0, -361.0, -43.0, -249.0]}, {"B": [[-642, -415, 742, -205, -174, -591, -584, 5, 781, -526], [266, -472, -472, 176, -70, -333, -178, 871, 911, -102], [967, 542, -142, -181, -820, -390, -853, -396, -947, 939], [-716, -556, -586, 925, -933, 105, 851, -710, 981, 894], [-502, 718, -358, 795, -588, -407, -733, 671, 270, -449], [49, -906, -321, 698, 114, 813, -752, 838, -101, 918], [888, -611, 243, 648, -666, -414, 199, 646, -427, 281], [-398, -773, 110, 763, 63, -537, 621, -31, -969, 80], [127, 985, -789, -926, -852, -502, 596, -72, -891, 815], [206, -310, -661, 578, -826, -670, -900, -866, 411, 232]], "G": [[2784253, 721237, -1278182, -38355, 817023, -655450, -502786, -353767, -1913972, 647369], [721237, 2293739, -927741, 574328, 1019842, 1114424, 818019, -512691, -1058531, 652437], [-1278182, -927741, 4769233, -888111, 133785, 332282, 1325985, -324459, 2959929, 1898313], [-38355, 574328, -888111, 5892225, 174527, 768090, 281834, 912319, 122273, 2106727], [817023, 1019842, 133785, 174527, 3301141, 270861, 149938, -380042, -196627, 1213950], [-655450, 1114424, 332282, 768090, 270861, 4208120, 1251658, 427040, -1454887, 390262], [-502786, 818019, 1325985, 281834, 149938, 1251658, 2973977, 1360189, 175990, 564914], [-353767, -512691, -324459, 912319, -380042, 427040, 1360189, 2974503, -88454, -78055], [-1913972, -1058531, 2959929, 122273, -196627, -1454887, 175990, -88454, 5262765, 96036], [647369, 652437, 1898313, 2106727, 1213950, 390262, 564914, -78055, 96036, 3823418]], "lincomb_exact": [0.0, 1.0, 0.0, 0.0, 0.0, 0.0, 0.0, 0.0, 0.0, 0.0], "lincomb_LLL": [0.0, 1.0, 0.0, 0.0, 0.0, 0.0, 0.0, 0.0, 0.0, 0.0]