[{"B": [[-854, 7, -130, -832, 33, -631, -161, -348, -690, 828], [451, -87, -168, 317, -517, 255, -288, 392, 784, -576], [628, -224, -225, 644, -438, -284, 677, 469, -151, 660], [543, 451, 43, 354, 658, 802, 440, -590, -479, -312], [865, -634, -272, 957, 921, -444, 642, 909, 117, -56], [-79, -795, 796, -131, 853, -226, -516, 110, 639, 67], [223, -850, 135, 234, -154, -361, -916, -180, -347, 810], [-763, -480, 583, -891, -818, -816, 901, 375, -153, -749], [-643, 19, 404, -556, 189, -938, 674, -911, 353, 529], [-616, 319, 845, 621, -526, -974, -692, -821, 20, 943]], "G": [[3146448, -1913569, -501227, -1038377, -1740247, -102470, 934305, 1011503, 1960398, 1663135], [-1913569, 1855037, 189018, -378850, 500377, 13762, -331776, -268934, -1451849, -877124], [-501227, 189018, 2319112, -170112, 1891770, -794437, 503186, -171980, -348538, 24326], [-1038377, -378850, -170112, 2570068, 468372, -652491, -947821, -1631645, -648031, -1185592], [-1740247, 500377, 1891770, 468372, 4440661, 819502, 99812, -814652, -1003394, -1663640], [-102470, 13762, -794437, -652491, 819502, 2758894, 970556, -62288, 616333, 500497], [934305, -331776, 503186, -947821, 99812, 970556, 2647212, -917805, -72996, 1822031], [1011503, -268934, -171980, -1631645, -814652, -62288, -917805, 4818155, 1638642, -159470], [1960398, -1451849, -348538, -648031, -1003394, 616333, -72996, 1638642, 3490374, 1999881], [1663135, -877124, 24326, -1185592, -1663640, 500497, 1822031, -159470, 1999881, 4848789]], "lincomb_exact": [1.0, 1.0, 0.0, 1.0, 0.0, 0.0, 0.0, 0.0, 0.0, 0.0], "lincomb_LLL": [1.0, 1.0, 0.0, 1.0, 0.0, 0.0, 0.0, 0.0, 0.0, 0.0], "lincomb_cube": [1.4888076782226562, 1.5436878204345703, 0.39253902435302734, 1.0, 0.11822962760925293, 0.5011997222900391, -0.34696483612060547, 0.18106412887573242, -0.2541632652282715, 0.24112319946289062], "lincomb_cube_shortest": [1.0, 1.0, 0.0, 1.0, 0.0, 0.0, 0.0, 0.0, 0.0, 0.0], "exact.norm": 953.9189453125, "LLL.norm": 953.9189453125, "shortest_cube.norm": 953.9189453125, "sv_LLL": [140.0, 371.0, -255.0, -161.0, 174.0, 426.0, -9.0, -546.0, -385.0, -60.0], "sv_exact": [140.0, 371.0, -255.0, -161.0, 174.0, 426.0, -9.0, -546.0, -385.0, -60.0], "sv_shortst_cube": [140.0, 371.0, -255.0, -161.0, 174.0, 426.0, -9.0, -546.0, -385.0, -60.0]}, {"B": [[673, 200, 329, -465, 546, 586, 883, 776, -348, 918], [133, 9, -987, 529, -621, 555, -998, 175, -25, 533], [-513, 3, 599, 753, -770, 973, -128, 704, -123, -749], [426, 267, -490, -93, 747, 60, 368, 11, -947, -393], [-981, 920, -40, -32, -425, 884, -898, 929, -660, 879], [-743, -845, 225, -372, -841, 371, 286, -765, -623, 702], [-787, -858, 646, -234, 636, -669, -200, -777, 899, 207], [369, 857, -410, -32, 420, 771, 750, 564, 326, 90], [347, 519, 662, -98, -647, -452, 627, 563, 931, -838], [648, 506, 763, -928, 54, -148, -573, -38, 592, -738]], "G": [[3804600, -740675, -559463, 967417, 776053, -143676, -1327063, 2049939, -120178, -256340], [-740675, 3276789, 611909, -488226, 2198690, 173317, -1488551, 1637, -1500637, -1111879], [-559463, 611909, 3816747, -726608, 1837108, 217499, -1315776, 163919, 1033929, -231699], [967417, -488226, -726608, 2249926, -454797, -812826, -1439025, 888001, -854694, -326830], [776053, 2198690, 1837108, -454797, 5651152, 700501, -1850981, 661345, -1401945, -884944], [-143676, 173317, 217499, -812826, 700501, 3847959, 881516, -1502735, -1554197, -1514165], [-1327063, -1488551, -1315776, -1439025, -1850981, 881516, 4174441, -1808284, -276259, 422850], [2049939, 1637, 163919, 888001, 661345, -1502735, -1808284, 2805547, 700178, -26418], [-120178, -1500637, 1033929, -854694, -1401945, -1554197, -276259, 700178, 3739634, 1904409], [-256340, -1111879, -231699, -326830, -884944, -1514165, 422850, -26418, 1904409, 3368994]], "lincomb_exact": [0.0, 1.0, 0.0, 1.0, 0.0, 0.0, 1.0, 0.0, 1.0, 0.0], "lincomb_LLL": [0.0, 1.0, 0.0, 1.0, 0.0, 0.0, 1.0, 0.0, 1.0, 0.0], "lincomb_cube": [0.2647099494934082, 0.9760160446166992, 0.07659316062927246, 1.3089656829833984, 0.1885848045349121, 0.34524059295654297, 0.9325017929077148, -0.12087714672088623, 1.0, -0.00405159592628479], "lincomb_cube_shortest": [0.0, 1.0, 0.0, 1.0, 0.0, 0.0, 1.0, 0.0, 1.0, 0.0], "exact.norm": 1160.17578125, "LLL.norm": 1160.17578125, "shortest_cube.norm": 1160.17578125, "sv_LLL": [119.0, -63.0, -169.0, 104.0, 115.0, -506.0, -203.0, -28.0, 858.0, -491.0], "sv_exact": [119.0, -63.0, -169.0, 104.0, 115.0, -506.0, -203.0, -28.0, 858.0, -491.0], "sv_shortst_cube": [119.0, -63.0, -169.0, 104.0, 115.0, -506.0, -203.0, -28.0, 858.0, -491.0]}, {"B": [[858, -679, -869, -651, 842, -638, -9, -455, 640, 572], [-740, -322, 121, -770, -331, 577, -624, -338, 889, 123], [639, 918, 417, -351, -235, 63, 793, -964, -51, 182], [-511, -149, 662, -794, -748, 588, 746, -695, -80, -722], [297, 178, -16, 198, 64, -33, -54, -380, 711, 174], [-543, 915, 189, 246, -586, -23, 172, -36, -871, 312], [193, 133, -846, 656, -893, 488, 496, 282, -448, 928], [-553, 748, 106, 173, -195, -270, -216, 665, -320, -884], [276, -467, 469, 405, -423, 283, -59, 648, -886, -735], [-712, -93, 175, 119, -895, -525, 602, -179, -892, -850]], "G": [[4436065, 131733, 55951, -1555284, 821866, -2254448, -568523, -2190112, -1935804, -2176986], [131733, 3010385, -525546, 1313944, 343900, -709769, -904921, -526463, -1065930, -732993], [55951, -525546, 3201199, 1438495, 578803, 894026, 216206, -611325, -841733, 208848], [-1555284, 1313944, 1438495, 3824475, -372061, 493484, -704598, 131578, 507439, 2018370], [821866, 343900, 578803, -372061, 847651, -550063, -139837, -624481, -965769, -993811], [-2254448, -709769, 894026, 493484, -550063, 2459101, 1285356, 1109591, 361377, 1522135], [-568523, -904921, 216206, -704598, -139837, 1285356, 3624011, -537656, 244226, 182194], [-2190112, -526463, -611325, 131578, -624481, 1109591, -537656, 2390140, 1000834, 1467357], [-1935804, -1065930, -841733, 507439, -965769, 361377, 244226, 1000834, 2685875, 1470751], [-2176986, -732993, 208848, 2018370, -993811, 1522135, 182194, 1467357, 1470751, 3549638]], "lincomb_exact": [-7.0, 4.0, 8.0, -9.0, -11.0, -11.0, 1.0, -2.0, -4.0, 5.0], "lincomb_LLL": [-7.0, 4.0, 8.0, -9.0, -11.0, -11.0, 1.0, -2.0, -4.0, 5.0], "lincomb_cube": [-6.553802490234375, 4.125762939453125, 7.955841064453125, -8.686569213867188, -10.864059448242188, -10.684524536132812, 1.0, -1.8245658874511719, -3.587749481201172, 5.033195495605469], "lincomb_cube_shortest": [-7.0, 4.0, 8.0, -9.0, -11.0, -11.0, 1.0, -2.0, -4.0, 5.0], "exact.norm": 835.330078125, "LLL.norm": 835.330078125, "shortest_cube.norm": 835.330078125, "sv_LLL": [86.0, 167.0, -17.0, 216.0, 90.0, -127.0, 73.0, 417.0, 424.0, 482.0], "sv_exact": [86.0, 167.0, -17.0, 216.0, 90.0, -127.0, 73.0, 417.0, 424.0, 482.0], "sv_shortst_cube": [86.0, 167.0, -17.0, 216.0, 90.0, -127.0, 73.0, 417.0, 424.0, 482.0]}, {"B": [[-346, 6, -509, -180, 933, -533, 410, -385, -41, -396], [-677, 166, -52, -423, -988, -833, -741, 908, -672, -961], [553, 277, -361, -670, 949, -98, -262, 790, 293, -643], [201, -243, 748, -479, 420, -465, 847, 126, 895, 15], [178, 948, 26, 273, 665, -668, -283, 815, -79, 211], [-265, -81, -327, -992, 49, 588, -846, 468, 763, 672], [-668, -987, 360, 112, 958, 371, 493, -709, -226, 895], [-441, 370, 930, -93, -548, -995, -757, -516, -877, 553], [-431, 633, -527, -595, -467, 380, 327, 38, 64, 21], [-928, 682, 382, -484, 282, -319, 282, -141, 409, -12]], "G": [[2040633, -385251, 883369, 530314, 348093, -655915, 847818, -577514, -1484, 808883], [-385251, 5086201, 450294, -1169383, 619495, -42335, -2750557, 1871535, 549818, 313141], [883369, 450294, 3064006, 669110, 1424459, 985417, -1305998, -1659191, -4933, 103267], [530314, -1169383, 669110, 2815555, 79464, -20479, 690442, -688664, -383129, 1019056], [348093, 619495, 1424459, 79464, 2689118, -61122, -1136057, 550950, -279362, 530210], [-655915, -42335, 985417, -20479, -61122, 3484417, -26655, -635472, 830154, 371581], [847818, -2750557, -1305998, 690442, -1136057, -26655, 4215773, 45433, -761029, 317710], [-577514, 1871535, -1659191, -688664, 550950, -635472, 45433, 4409502, -444340, 718682], [-1484, 549818, -4933, -383129, -279362, 830154, -761029, -444340, 1693603, 778206], [808883, 313141, 103267, 1019056, 530210, 371581, 317710, 718682, 778206, 2154603]], "lincomb_exact": [0.0, 0.0, 0.0, 0.0, 0.0, 0.0, 0.0, 0.0, 1.0, 0.0], "lincomb_LLL": [0.0, 0.0, 0.0, 0.0, 0.0, 0.0, 0.0, 0.0, 1.0, 0.0], "lincomb_cube": [-0.07126295566558838, 0.04193413257598877, 0.22529911994934082, 0.3261399269104004, 0.18700146675109863, -0.1893916130065918, 0.33437442779541016, 0.26210641860961914, 1.0, -0.6556644439697266], "lincomb_cube_shortest": [0.0, 0.0, 0.0, 0.0, 0.0, 0.0, 0.0, 0.0, 1.0, 0.0], "exact.norm": 1301.384765625, "LLL.norm": 1301.384765625, "shortest_cube.norm": 1301.384765625, "sv_LLL": [-431.0, 633.0, -527.0, -595.0, -467.0, 380.0, 327.0, 38.0, 64.0, 21.0], "sv_exact": [-431.0, 633.0, -527.0, -595.0, -467.0, 380.0, 327.0, 38.0, 64.0, 21.0], "sv_shortst_cube": [-431.0, 633.0, -527.0, -595.0, -467.0, 380.0, 327.0, 38.0, 64.0, 21.0]}, {"B": [[164, -605, -380, -917, 537, 462, -259, -342, 552, -236], [891, 738, -473, -190, 306, 864, -629, 196, 834, 30], [-722, 352, -934, 734, 464, 952, 42, -423, 30, -959], [-576, -477, -639, 873, -62, 232, -600, -276, -307, 984], [-475, -22, -139, 554, -364, -540, -77, 343, 642, -141], [-221, 646, -713, -865, 400, -454, 86, 482, -612, 728], [1, 874, -711, -460, -522, -990, 621, 730, -680, 0], [-523, 7, -972, 532, 674, 887, 44, -846, 810, -131], [-948, -574, -955, -72, -782, 460, 957, 185, -171, -834], [-995, -890, -528, -241, 537, 165, 593, 524, -717, 475]], "G": [[2424468, 1166261, 416138, -441606, -674439, -54627, -1360159, 1319213, 204607, 320827], [1166261, 3568999, 770232, -450603, -410059, 63390, -760135, 1348579, -1378064, -1794970], [416138, 770232, 4279174, 816354, 194848, -745408, -854436, 3345201, 2153217, 453835], [-441606, -450603, 816354, 3286104, 369539, 109092, -927361, 1376971, 129020, 1316730], [-674439, -410059, 194848, 369539, 1532065, -526628, 314907, 198716, 589611, -245703], [-54627, 63390, -745408, 109092, -526628, 3233115, 2531312, -775213, -270769, 1457944], [-1360159, -760135, -854436, -927361, 314907, 2531312, 4114523, -1919047, 1007932, 502082], [1319213, 1348579, 3345201, 1376971, 198716, -775213, -1919047, 4133344, 1119036, 347245], [204607, -1378064, 2153217, 129020, 589611, -270769, 1007932, 1119036, 4643384, 2022576], [320827, -1794970, 453835, 1316730, -245703, 1457944, 502082, 347245, 2022576, 3800523]], "lincomb_exact": [0.0, 0.0, 0.0, 0.0, 1.0, 0.0, 0.0, 0.0, 0.0, 0.0], "lincomb_LLL": [0.0, 0.0, 0.0, 0.0, 1.0, 0.0, 0.0, 0.0, 0.0, 0.0], "lincomb_cube": [0.05905026197433472, -0.02141427993774414, 0.2781820297241211, -0.16810917854309082, 1.0, 0.8037137985229492, -0.7589321136474609, -0.45253467559814453, 0.1308729648590088, -0.16178250312805176], "lincomb_cube_shortest": [0.0, 0.0, 0.0, 0.0, 1.0, 0.0, 0.0, 0.0, 0.0, 0.0], "exact.norm": 1237.765625, "LLL.norm": 1237.765625, "shortest_cube.norm": 1237.765625, "sv_LLL": [-475.0, -22.0, -139.0, 554.0, -364.0, -540.0, -77.0, 343.0, 642.0, -141.0], "sv_exact": [-475.0, -22.0, -139.0, 554.0, -364.0, -540.0, -77.0, 343.0, 642.0, -141.0], "sv_shortst_cube": [-475.0, -22.0, -139.0, 554.0, -364.0, -540.0, -77.0, 343.0, 642.0, -141.0]}, {"B": [[419, 145, 176, -594, -933, 716, -472, -451, -876, -835], [-672, -677, 840, 440, 946, 952, 237, -644, -136, 826], [193, 511, 895, -566, -672, 513, 35, 275, 727, 270], [-550, -81, 726, 74, 828, -887, 295, -780, -557, -741], [340, -723, -563, 290, 185, -83, 154, -612, 902, 26], [488, -210, -886, -739, -124, 836, -344, 688, 911, 632], [-761, -833, 582, -472, -655, 982, 719, -403, 701, -114], [798, 660, -710, 785, -181, 414, -904, 740, 85, -775], [438, -333, -174, 57, 255, 84, 544, -306, -189, -764], [291, 672, -427, -745, 678, 734, 904, 802, 288, -442]], "G": [[3854329, -1086233, 640123, -246784, -1074294, -302356, 580882, 969722, 577726, -191891], [-1086233, 4782010, -164876, 1041622, 341095, -703062, 1912202, -2353692, -148145, -703320], [640123, -164876, 2812783, -1360286, -638893, 1134471, 1552619, -230067, -810682, 702212], [-246784, 1041622, -1360286, 3868721, -287804, -3407375, -319285, -1783766, 871156, -861062], [-1074294, 341095, -638893, -287804, 2293052, 874052, 662992, -181903, 625080, -401381], [-302356, -703062, 1134471, -3407375, 874052, 4148658, 580853, 1076048, -618372, 1683141], [580882, 1912202, 1552619, -319285, 662992, 580853, 4411634, -2215956, 200423, 177643], [969722, -2353692, -230067, -1783766, -181903, 1076048, -2215956, 4369552, 144469, 718535], [577726, -148145, -810682, 871156, 625080, -618372, 200423, 144469, 1417328, 699681], [-191891, -703320, 702212, -861062, -401381, 1683141, 177643, 718535, 699681, 4010787]], "lincomb_exact": [0.0, 0.0, 0.0, 1.0, 0.0, 1.0, 0.0, 0.0, 0.0, 0.0], "lincomb_LLL": [0.0, 0.0, 0.0, 1.0, 0.0, 1.0, 0.0, 0.0, 0.0, 0.0], "lincomb_cube": [-0.38863563537597656, -0.024346619844436646, 0.18230772018432617, 0.5777502059936523, -0.8340578079223633, 1.0, 0.09226739406585693, 0.15667128562927246, 0.9959840774536133, -0.6397724151611328], "lincomb_cube_shortest": [0.0, 0.0, 0.0, 1.0, 0.0, 1.0, 0.0, 0.0, 0.0, 0.0], "exact.norm": 1096.64453125, "LLL.norm": 1096.64453125, "shortest_cube.norm": 1096.64453125, "sv_LLL": [-62.0, -291.0, -160.0, -665.0, 704.0, -51.0, -49.0, -92.0, 354.0, -109.0], "sv_exact": [-62.0, -291.0, -160.0, -665.0, 704.0, -51.0, -49.0, -92.0, 354.0, -109.0], "sv_shortst_cube": [-62.0, -291.0, -160.0, -665.0, 704.0, -51.0, -49.0, -92.0, 354.0, -109.0]}, {"B": [[-61, 53, -437, -106, 867, -598, 355, 370, -2, -696], [651, 258, 327, 705, -705, 756, 436, 915, 530, -353], [-533, 666, 616, 605, -902, -53, -377, 884, 716, -178], [7, -30, 818, 959, 359, 332, 195, 907, -126, 192], [-14, -124, -503, -184, -559, 219, -103, 125, -808, -65], [628, 942, 59, -554, -510, 879, 441, 106, 901, 29], [197, 944, -680, -873, -518, 877, -315, -635, 901, 301], [320, -461, 669, -791, -36, -740, -95, -88, -822, -922], [542, 718, 105, 124, 96, -72, 857, -772, 577, -248], [58, -816, 767, -253, 71, -721, 120, 977, -861, 316]], "G": [[2065373, -569031, -700150, -76985, -325477, -749464, -1103912, 735919, 262300, 323444], [-569031, 3595710, 2135446, 1718664, -111476, 2061220, 215088, -1015704, 598355, -317060], [-700150, 2135446, 3757464, 1322839, -421306, 974656, 146366, -938758, -302035, -135088], [-76985, 1718664, 1322839, 2742273, -529643, -323971, -2008290, -625654, -455787, 1274479], [-325477, -111476, -421306, -529643, 1346202, -337816, 69980, 442676, -876550, 348448], [-749464, 2061220, 974656, -323971, -337816, 3643245, 3105854, -1206300, 1650773, -1826917], [-1103912, 215088, 146366, -2008290, 69980, 3105854, 4596779, -1699192, 1157536, -3067504], [735919, -1015704, -938758, -625654, 442676, -1206300, -1699192, 3479596, -394690, 1957980], [262300, 598355, -302035, -455787, -876550, 1650773, 1157536, -394690, 2574955, -1673130], [323444, -317060, -135088, 1274479, 348448, -1826917, -3067504, 1957980, -1673130, 3656506]], "lincomb_exact": [0.0, 1.0, 0.0, 0.0, 0.0, -2.0, 2.0, 0.0, 1.0, 1.0], "lincomb_LLL": [0.0, 1.0, 0.0, 0.0, 0.0, -2.0, 2.0, 0.0, 1.0, 1.0], "lincomb_cube": [0.3418545722961426, 0.76715087890625, 0.0013263709843158722, 0.5847902297973633, 0.0363040566444397, -1.984670639038086, 2.141071319580078, 0.1477353572845459, 0.8852109909057617, 1.0], "lincomb_cube_shortest": [0.0, 1.0, 0.0, 0.0, 0.0, -2.0, 2.0, 0.0, 1.0, 1.0], "exact.norm": 914.8447265625, "LLL.norm": 914.8447265625, "shortest_cube.norm": 914.8447265625, "sv_LLL": [389.0, 164.0, -279.0, -62.0, -554.0, -41.0, -99.0, -362.0, 246.0, 259.0], "sv_exact": [389.0, 164.0, -279.0, -62.0, -554.0, -41.0, -99.0, -362.0, 246.0, 259.0], "sv_shortst_cube": [389.0, 164.0, -279.0, -62.0, -554.0, -41.0, -99.0, -362.0, 246.0, 259.0]}, {"B": [[87, 945, 415, -509, -368, 674, -365, 29, -854, 713], [-650, -165, -704, 207, 936, -564, -70, 144, -428, -535], [664, 760, 297, -265, -644, 0, -528, -4, -889, -752], [-216, -236, 385, 229, -804, -996, 852, 664, 447, -530], [175, -504, 822, -365, 299, 374, -881, -972, 357, -403], [88, -458, 671, -457, -116, -508, -491, 449, 148, -646], [600, -763, -634, 666, 23, 908, -634, -989, -842, -935], [822, -746, 657, -392, -158, -508, 779, 895, -26, -924], [-645, 74, 62, 975, 338, 555, -598, 669, 249, -272], [-50, -395, 634, 198, -215, -675, 239, 80, 232, -2]], "G": [[3293351, -1320799, 1686734, -1625382, -90936, -608534, -412269, -1340509, -375955, -875596], [-1320799, 2677427, -604531, -106887, -631394, 10615, 592074, -236440, 745709, -231651], [1686734, -604531, 3226291, -202683, 336202, 717120, 1229286, 682679, -533422, -390368], [-1625382, -106887, -202683, 3588959, -1321722, 1130334, -2041656, 2530767, -265348, 1600124], [-90936, -631394, 336202, -1321722, 3333630, 1049240, 1667856, -227415, -71371, 117784], [-608534, 10615, 717120, 1130334, 1049240, 2030020, -444827, 1922809, -9210, 833477], [-412269, 592074, 1229286, -2041656, 1667856, -444827, 5575940, -573319, 440447, -1040668], [-1340509, -236440, 682679, 2530767, -227415, 1922809, -573319, 4362859, -884437, 1222959], [-375955, 745709, -533422, -265348, -71371, -9210, 440447, -884437, 2739389, -243007], [-875596, -231651, -390368, 1600124, 117784, 833477, -1040668, 1222959, -243007, 1218884]], "lincomb_exact": [0.0, 0.0, 0.0, 0.0, 0.0, 0.0, 0.0, 0.0, 0.0, 1.0], "lincomb_LLL": [0.0, 0.0, 0.0, 0.0, 0.0, 0.0, 0.0, 0.0, 0.0, 1.0], "lincomb_cube": [-0.22710847854614258, -0.07183957099914551, 0.25600481033325195, -0.637049674987793, -0.29331541061401367, -0.06819236278533936, -0.035037875175476074, -0.001687459647655487, 0.06245625019073486, 1.0], "lincomb_cube_shortest": [0.0, 0.0, 0.0, 0.0, 0.0, 0.0, 0.0, 0.0, 0.0, 1.0], "exact.norm": 1104.03125, "LLL.norm": 1104.03125, "shortest_cube.norm": 1104.03125, "sv_LLL": [-50.0, -395.0, 634.0, 198.0, -215.0, -675.0, 239.0, 80.0, 232.0, -2.0], "sv_exact": [-50.0, -395.0, 634.0, 198.0, -215.0, -675.0, 239.0, 80.0, 232.0, -2.0], "sv_shortst_cube": [-50.0, -395.0, 634.0, 198.0, -215.0, -675.0, 239.0, 80.0, 232.0, -2.0]}, {"B": [[-243, 834, 768, 220, 87, -483, 639, 471, 277, -854], [-221, 67, -773, -327, 623, 986, 201, 409, -729, -47], [633, 895, -854, 211, -616, 266, 257, -409, -763, -858], [65, -266, -681, 118, -329, -115, -886, 848, -331, 888], [273, 356, -529, -871, 521, 463, 597, -816, 916, -625], [-907, 134, 990, 453, 14, -202, 470, -463, -272, 155], [-248, -844, -372, -722, 259, 603, 354, 468, 120, 375], [399, -353, -398, -408, -474, 860, 99, 791, 175, -420], [543, 856, 911, -992, 648, -207, -484, 875, -4, 54], [-564, 628, -830, -924, -195, 713, 28, -638, -616, -55]], "G": [[3069894, -818777, 294054, -1724550, 239000, 1165464, -1197260, -400424, 1275345, -947528], [-818777, 2859445, 870654, 505592, 586218, -798320, 1435286, 1117481, 18101, 1888326], [294054, 870654, 3977426, -502264, 886151, -881731, -1259908, 639939, -857240, 1814018], [-1724550, 505592, -502264, 3076337, -2123240, -1278083, 598464, 551942, 100865, -176126], [239000, 586218, 886151, -2123240, 3977503, -892041, 576605, 536842, 36493, 1549437], [1165464, -798320, -881731, -1278083, -892041, 2600192, -726505, -1600798, -497544, -323747], [-1197260, 1435286, -1259908, 598464, 576605, -726505, 2363563, 1306160, -178851, 581945], [-400424, 1117481, 639939, 551942, 536842, -1600798, 1306160, 2415461, 92304, 379636], [1275345, 18101, -857240, 100865, 36493, -497544, -178851, 92304, 4307136, -454465], [-947528, 1888326, 1814018, -176126, 1549437, -323747, 581945, 379636, -454465, 3591859]], "lincomb_exact": [0.0, 0.0, 0.0, 1.0, 1.0, 1.0, 0.0, 0.0, 0.0, 0.0], "lincomb_LLL": [0.0, 0.0, 0.0, 1.0, 1.0, 1.0, 0.0, 0.0, 0.0, 0.0], "lincomb_cube": [-0.21310925483703613, -0.013099461793899536, 0.3920111656188965, 0.7400903701782227, 0.6683759689331055, 1.0, 0.04793733358383179, 0.24480462074279785, 0.1862030029296875, -0.41928911209106445], "lincomb_cube_shortest": [0.0, 0.0, 0.0, 1.0, 1.0, 1.0, 0.0, 0.0, 0.0, 0.0], "exact.norm": 1033.103515625, "LLL.norm": 1033.103515625, "shortest_cube.norm": 1033.103515625, "sv_LLL": [-569.0, 224.0, -220.0, -300.0, 206.0, 146.0, 181.0, -431.0, 313.0, 418.0], "sv_exact": [-569.0, 224.0, -220.0, -300.0, 206.0, 146.0, 181.0, -431.0, 313.0, 418.0], "sv_shortst_cube": [-569.0, 224.0, -220.0, -300.0, 206.0, 146.0, 181.0, -431.0, 313.0, 418.0]}, {"B": [[270, 112, -337, -544, 459, -73, -101, 126, -423, -375], [-248, 177, -941, 657, 26, -116, -488, 402, 542, -138], [-483, 988, 574, -462, 406, -218, -949, -359, 647, -437], [-798, 890, 380, 690, -957, 821, 430, 641, -829, -492], [-935, 24, -287, -953, -109, 614, 801, -741, 322, -390], [-906, -872, 455, -837, -604, -948, 660, -216, -613, 721], [-96, 133, -430, 331, 509, 357, -535, 526, 892, 583], [-99, 417, -39, 919, -536, -8, 216, -399, 794, 876], [524, 371, -427, -941, -422, 828, 504, -125, -930, -514], [-151, 791, 726, 37, 679, -679, -821, 708, 185, -22]], "G": [[1056590, -144601, 181213, -545893, 106313, -353275, -314238, -1448711, 1104179, 246384], [-144601, 2136651, 216610, -2514, -654410, -1654112, 1516810, 769489, -1117065, 403586], [181213, 216610, 3603773, -362974, 457393, -1075118, 548092, -133860, -859249, 2332033], [-545893, -2514, -362974, 5164380, 403658, -359213, -853236, 323709, 1344583, -123107], [106313, -654410, 457393, 403658, 3700722, 1187162, -693811, -325826, 1490005, -1688470], [-353275, -1654112, -1075118, -359213, 1187162, 5130200, -1740738, -355932, -175844, -844064], [-314238, 1516810, 548092, -853236, -693811, -1740738, 2406350, 1003766, -1512636, 886811], [-1448711, 769489, -133860, 323709, -325826, -355932, 1003766, 2920801, -1555672, -340237], [1104179, -1117065, -859249, 1344583, 1490005, -175844, -1512636, -1555672, 3742432, -1642258], [246384, 403586, 2332033, -123107, -1688470, -844064, 886811, -340237, -1642258, 3309023]], "lincomb_exact": [1.0, 0.0, 0.0, 0.0, 0.0, 0.0, 0.0, 0.0, 0.0, 0.0], "lincomb_LLL": [1.0, 0.0, 0.0, 0.0, 0.0, 0.0, 0.0, 0.0, 0.0, 0.0], "lincomb_cube": [1.0, -0.27344751358032227, 0.22967839241027832, 0.2468869686126709, -0.16206121444702148, 0.06659471988677979, 0.18007969856262207, 0.2126009464263916, -0.3953862190246582, -0.48212480545043945], "lincomb_cube_shortest": [1.0, 0.0, 0.0, 0.0, 0.0, 0.0, 0.0, 0.0, 0.0, 0.0], "exact.norm": 1027.90625, "LLL.norm": 1027.90625, "shortest_cube.norm": 1027.90625, "sv_LLL": [270.0, 112.0, -337.0, -544.0, 459.0, -73.0, -101.0, 126.0, -423.0, -375.0], "sv_exact": [270.0, 112.0, -337.0, -544.0, 459.0, -73.0, -101.0, 126.0, -423.0, -375.0], "sv_shortst_cube": [270.0, 112.0, -337.0, -544.0, 459.0, -73.0, -101.0, 126.0, -423.0, -375.0]}, {"B": [[-546, -375, -725, -310, 3, -320, 848, -730, -498, -747], [97, -745, -650, -38, 608, 531, -738, 335, -951, -943], [323, 133, 325, 742, 320, 450, -164, -1, -362, -93], [647, 822, 168, -597, 836, -864, 873, 648, -12, -533], [-980, 770, 864, 506, 849, 829, 576, 769, -795, -651], [-553, 469, 719, 315, 246, 932, -442, 242, 13, -837], [-16, 970, -679, 617, -491, 360, -681, -522, 470, -335], [-595, 119, 407, 971, 70, -481, 328, 894, -755, -561], [660, 45, 441, -653, -745, -823, -354, -122, 72, -870], [979, -308, -367, -729, 166, -822, 93, -245, -608, 640]], "G": [[3220892, 848992, -723513, 352137, 9622, -723075, -350925, 258871, 169497, 418987], [848992, 4090522, 678968, -499804, 909318, 946288, -217023, 643785, -148994, 79100], [-723513, 678968, 1249697, -281254, 1339952, 994664, 339082, 753146, -617762, -556151], [352137, -499804, -281254, 4390584, 1193141, -422213, -1176803, 849375, 1090939, 1191383], [9622, 909318, 1339952, 1193141, 5942837, 3131216, -579532, 3020235, -1664908, -2491163], [-723075, 946288, 994664, -422213, 3131216, 3025762, 845849, 1083386, -326727, -2548595], [-350925, -217023, 339082, -1176803, -579532, 845849, 3222937, -616777, 30313, -1328053], [258871, 643785, 753146, 849375, 3020235, 1083386, -616777, 3504503, -289678, -1157909], [169497, -148994, -617762, 1090939, -1664908, -326727, 30313, -289678, 3193153, 895698], [418987, 79100, -556151, 1191383, -2491163, -2548595, -1328053, -1157909, 895698, 3270613]], "lincomb_exact": [0.0, 0.0, 0.0, 0.0, 0.0, 1.0, 0.0, 0.0, 0.0, 1.0], "lincomb_LLL": [0.0, 0.0, 0.0, 0.0, 0.0, 1.0, 0.0, 0.0, 0.0, 1.0], "lincomb_cube": [0.269686222076416, -0.34181833267211914, -0.3089165687561035, 0.10806214809417725, -0.9077482223510742, 1.7998504638671875, -0.02793261408805847, 0.5812644958496094, -0.6435947418212891, 1.0], "lincomb_cube_shortest": [0.0, 0.0, 0.0, 0.0, 0.0, 1.0, 0.0, 0.0, 0.0, 1.0], "exact.norm": 1095.072265625, "LLL.norm": 1095.072265625, "shortest_cube.norm": 1095.072265625, "sv_LLL": [426.0, 161.0, 352.0, -414.0, 412.0, 110.0, -349.0, -3.0, -595.0, -197.0], "sv_exact": [426.0, 161.0, 352.0, -414.0, 412.0, 110.0, -349.0, -3.0, -595.0, -197.0], "sv_shortst_cube": [426.0, 161.0, 352.0, -414.0, 412.0, 110.0, -349.0, -3.0, -595.0, -197.0]}, {"B": [[-308, -676, -613, -280, 203, 723, -179, 794, 638, -989], [-590, -204, 572, 983, -869, -409, -575, 942, 543, 415], [-466, -54, 811, 662, 938, -68, 503, 945, 5, -156], [-936, 670, -358, 970, -227, -553, -26, -360, -432, -50], [91, 724, -42, -76, -772, 817, 727, 102, 276, 6], [-691, -988, 315, -634, -378, -652, 638, -321, -799, 287], [232, 365, -53, 138, -337, -618, 164, -631, -985, 256], [-835, 771, -420, 68, -654, -287, 988, 406, 17, 359], [147, -200, 25, -51, 794, -536, -104, 36, 126, 508], [773, -450, 233, 976, 318, 868, 760, 407, -516, 985]], "G": [[3617589, 8506, 456546, -1170030, 84558, -845670, -2251556, -564552, -512291, -774130], [8506, 4290694, 1152224, 1008238, -132986, -222634, -677704, 820247, -179575, 172041], [456546, 1152224, 3370900, 228838, -483053, -130311, -912195, 282651, 613121, 1349072], [-1170030, 1008238, 228838, 3070798, -110491, 133218, 1234101, 1624477, -303930, -706530], [84558, -132986, -483053, -110491, 2418615, -771825, -183090, 1531634, -1213589, 581769], [-845670, -222634, -130311, 133218, -771825, 3753649, 1072873, 663629, 152786, -271860], [-2251556, -677704, -912195, 1234101, -183090, 1072873, 2165213, 498108, -17423, 122078], [-564552, 820247, 282651, 1624477, 1531634, 663629, 498108, 3252925, -559979, -220020], [-512291, -179575, 613121, -303930, -1213589, 152786, -17423, -559979, 1268619, 317900], [-774130, 172041, 1349072, -706530, 581769, -271860, 122078, -220020, 317900, 4641172]], "lincomb_exact": [0.0, 0.0, 0.0, 0.0, 1.0, 0.0, 0.0, 0.0, 1.0, 0.0], "lincomb_LLL": [0.0, 0.0, 0.0, 0.0, 1.0, 0.0, 0.0, 0.0, 1.0, 0.0], "lincomb_cube": [0.4786858558654785, 0.19739270210266113, 0.06675338745117188, 0.2793698310852051, 1.010894775390625, 0.20954012870788574, 0.5523099899291992, -0.5518207550048828, 1.0, -0.12797284126281738], "lincomb_cube_shortest": [0.0, 0.0, 0.0, 0.0, 1.0, 0.0, 0.0, 0.0, 1.0, 0.0], "exact.norm": 1122.521484375, "LLL.norm": 1122.521484375, "shortest_cube.norm": 1122.521484375, "sv_LLL": [238.0, 524.0, -17.0, -127.0, 22.0, 281.0, 623.0, 138.0, 402.0, 514.0], "sv_exact": [238.0, 524.0, -17.0, -127.0, 22.0, 281.0, 623.0, 138.0, 402.0, 514.0], "sv_shortst_cube": [238.0, 524.0, -17.0, -127.0, 22.0, 281.0, 623.0, 138.0, 402.0, 514.0]}, {"B": [[57, -348, -419, -886, 246, 330, 506, -148, -905, 993], [-642, 385, -761, -66, -218, -518, -477, -77, 555, 671], [-71, 814, -256, -394, 800, -817, -675, -953, 345, -650], [337, 160, 395, -66, -486, 28, -247, -89, 671, -135], [-735, -867, 484, 548, -536, 245, 130, -540, -836, -120], [753, 850, 60, -563, -194, -233, 806, 18, 686, 260], [-771, -826, 449, 267, -700, -992, -18, -19, 820, -811], [-74, -171, -425, -875, -737, -935, -426, 944, 610, -385], [-852, 370, -49, -358, 842, -406, 989, 409, -45, 380], [-82, 168, 409, -223, -882, -686, 342, 475, -532, -563]], "G": [[3337340, -83745, -1061962, -1106936, 303611, 138707, -2234471, -770860, 1091514, -455130], [-83745, 2451438, 979279, 46943, -841409, 167650, 405085, 1218573, 503862, -504325], [-1061962, 979279, 4101257, 190308, -1405884, 386526, 253006, 342523, 200693, -520521], [-1106936, 46943, 190308, 1073926, -492853, 762901, 746012, 652070, -1006410, 177247], [303611, -841409, -1405884, -492853, 3195591, -2032626, 1198339, -1345496, -565522, 595320], [138707, 167650, 386526, 762901, -2032626, 2890159, -702298, 618882, 675234, 334959], [-2234471, 405085, 253006, 746012, 1198339, -702298, 4354477, 2019437, -323616, 1351638], [-770860, 1218573, 342523, 652070, -1345496, 618882, 2019437, 3991298, -116059, 1485027], [1091514, 503862, 200693, -1006410, -565522, 675234, -323616, -116059, 3158996, 70202], [-455130, -504325, -520521, 177247, 595320, 334959, 1351638, 1485027, 70202, 2443060]], "lincomb_exact": [0.0, 0.0, 0.0, 1.0, 0.0, 0.0, 0.0, 0.0, 0.0, 0.0], "lincomb_LLL": [0.0, 0.0, 0.0, 1.0, 0.0, 0.0, 0.0, 0.0, 0.0, 0.0], "lincomb_cube": [0.52655029296875, 0.1243438720703125, -0.05797094106674194, 1.0, -0.817286491394043, -0.7458591461181641, 0.324737548828125, -0.6116456985473633, 0.13266444206237793, 0.5285930633544922], "lincomb_cube_shortest": [0.0, 0.0, 0.0, 1.0, 0.0, 0.0, 0.0, 0.0, 0.0, 0.0], "exact.norm": 1036.3046875, "LLL.norm": 1036.3046875, "shortest_cube.norm": 1036.3046875, "sv_LLL": [337.0, 160.0, 395.0, -66.0, -486.0, 28.0, -247.0, -89.0, 671.0, -135.0], "sv_exact": [337.0, 160.0, 395.0, -66.0, -486.0, 28.0, -247.0, -89.0, 671.0, -135.0], "sv_shortst_cube": [337.0, 160.0, 395.0, -66.0, -486.0, 28.0, -247.0, -89.0, 671.0, -135.0]}, {"B": [[-766, -814, -991, -47, 575, 830, -605, 297, 462, -315], [934, -526, 318, -514, -449, 680, 138, 148, 666, 288], [367, 279, -586, -404, 924, -182, -980, 255, -547, 247], [903, -691, -140, -803, 939, 555, -842, -104, 357, -762], [230, 774, -904, 938, 448, -321, -262, -751, -313, -182], [695, 418, -655, -119, 718, 797, -256, -369, -682, -879], [-991, 523, 844, -361, 910, -262, -416, -375, -869, -265], [799, -545, 846, -863, -727, -217, 24, 394, 964, 770], [-595, -967, -157, 931, -55, 654, -617, -484, -894, 170], [74, 269, 647, 623, 352, 91, -296, -810, -694, 923]], "G": [[4020070, -94597, 809842, 1931318, -115081, 863524, -357961, -1259048, 1628892, -1341041], [-94597, 2745801, -711970, 1417597, -1789518, -295588, -2101478, 2849817, -809355, -640130], [809842, -711970, 2991685, 1726837, 1115034, 1634697, 1043947, -898348, 70120, 471190], [1931318, 1417597, 1726837, 4574918, -385630, 2322793, -94494, 565777, -162224, -946485], [-115081, -1789518, 1115034, -385630, 3416519, 1747342, 277904, -2812431, 669344, 1088295], [863524, -295588, 1634697, 2322793, 1747342, 3691130, 535038, -2304681, 452889, 27870], [-357961, -2101478, 1043947, -94494, 277904, 535038, 4134078, -1855493, 563915, 1470373], [-1259048, 2849817, -898348, 565777, -2812431, -2304681, -1855493, 4649537, -1923018, -637967], [1628892, -809355, 70120, -162224, 669344, 452889, 563915, -1923018, 4054346, 1566453], [-1341041, -640130, 471190, -946485, 1088295, 27870, 1470373, -637967, 1566453, 3094041]], "lincomb_exact": [-2.0, 9.0, 2.0, 0.0, 3.0, -5.0, 3.0, -5.0, 1.0, -3.0], "lincomb_LLL": [-2.0, 9.0, 2.0, 0.0, 3.0, -5.0, 3.0, -5.0, 1.0, -3.0], "lincomb_cube": [-2.1299972534179688, 9.263031005859375, 2.3403167724609375, 0.10297513008117676, 2.6007652282714844, -5.150909423828125, 2.904674530029297, -5.668647766113281, 1.0, -3.2555503845214844], "lincomb_cube_shortest": [-2.0, 9.0, 2.0, 0.0, 3.0, -5.0, 3.0, -5.0, 1.0, -3.0], "exact.norm": 878.8779296875, "LLL.norm": 878.8779296875, "shortest_cube.norm": 878.8779296875, "sv_LLL": [102.0, 204.0, 439.0, 363.0, -335.0, -172.0, -111.0, -309.0, 208.0, 321.0], "sv_exact": [102.0, 204.0, 439.0, 363.0, -335.0, -172.0, -111.0, -309.0, 208.0, 321.0], "sv_shortst_cube": [102.0, 204.0, 439.0, 363.0, -335.0, -172.0, -111.0, -309.0, 208.0, 321.0]}, {"B": [[668, 615, -587, -274, 533, -314, 796, -383, 853, -644], [-987, 685, 128, -146, 812, 384, -516, -136, -151, 326], [22, 475, 625, -710, -194, 306, 858, 624, 761, 164], [-733, -473, -880, -990, 598, -902, 379, 959, -598, 643], [656, -968, -886, 128, -446, 514, -21, 782, 795, -707], [176, -848, -183, -154, 118, -843, 11, -807, 915, 974], [64, 174, -172, 505, -734, -367, -834, 275, -638, 153], [-845, -174, -10, 931, -790, -608, 747, -13, -799, 942], [-479, -784, 583, 870, 306, -720, -456, -5, 141, -211], [425, -782, -487, -169, 749, 292, 376, 628, -204, 810]], "G": [[3549429, -658348, 922493, -380556, 746005, 544337, -1575563, -1839456, -1098459, -194206], [-658348, 2701723, -141742, 544502, -2053467, -699993, -237500, -253276, 1228, -257051], [922493, -141742, 2983663, 94047, 112807, -322892, -1356296, -622025, -1237618, 89637], [-380556, 544502, 94047, 5521101, -288392, 725914, -158160, 1218947, -217583, 2226327], [746005, -2053467, 112807, -288392, 4375691, 318, -153507, -1545084, -200108, 1010010], [544337, -699993, -322892, 725914, 318, 3969129, -625660, 481743, 905447, 794929], [-1575563, -237500, -1356296, -158160, -153507, -625660, 2194060, 1217830, 468326, -654181], [-1839456, -253276, -622025, 1218947, -1545084, 481743, 1217830, 4688869, 889343, 53952], [-1098459, 1228, -1237618, -217583, -200108, 905447, 468326, 889343, 2825285, -376754], [-194206, -257051, 89637, 2226327, 1010010, 794929, -654181, 53952, -376754, 2937620]], "lincomb_exact": [0.0, 0.0, 0.0, 0.0, 0.0, 0.0, 1.0, 0.0, 0.0, 0.0], "lincomb_LLL": [0.0, 0.0, 0.0, 0.0, 0.0, 0.0, 1.0, 0.0, 0.0, 0.0], "lincomb_cube": [0.418673038482666, 0.27260255813598633, 0.41472673416137695, -0.11284387111663818, -0.018649190664291382, 0.0915144681930542, 1.0, -0.05472230911254883, 0.20391297340393066, 0.3558940887451172], "lincomb_cube_shortest": [0.0, 0.0, 0.0, 0.0, 0.0, 0.0, 1.0, 0.0, 0.0, 0.0], "exact.norm": 1481.236328125, "LLL.norm": 1481.236328125, "shortest_cube.norm": 1481.236328125, "sv_LLL": [64.0, 174.0, -172.0, 505.0, -734.0, -367.0, -834.0, 275.0, -638.0, 153.0], "sv_exact": [64.0, 174.0, -172.0, 505.0, -734.0, -367.0, -834.0, 275.0, -638.0, 153.0], "sv_shortst_cube": [64.0, 174.0, -172.0, 505.0, -734.0, -367.0, -834.0, 275.0, -638.0, 153.0]}, {"B": [[33, -648, -397, 211, 311, 211, -791, -533, -349, 883], [-598, 787, 674, 558, 68, 235, -358, 219, 743, 623], [390, -743, 409, -175, 225, 395, -257, 543, -699, -293], [159, -239, 128, 472, 407, 903, -705, 514, -58, 901], [954, -154, 168, -626, -777, 888, 384, 24, 692, 611], [956, -428, 590, -999, -918, -983, 434, -893, -60, 131], [258, -902, -388, 732, 946, 486, -751, 900, -64, -429], [-625, -103, -7, -251, -465, 59, 537, 922, 212, 712], [-600, 81, -768, -33, 879, -889, -273, 833, 66, 423], [700, 766, 387, -23, -544, 396, -177, -499, 152, 221]], "G": [[2575625, -151564, 347456, 1625523, -140318, -359750, 1056120, -497714, 433864, -169319], [-151564, 2918765, -1022793, 1189539, -9329, -1675641, -387537, 740922, 330086, 693018], [347456, -1022793, 2044053, 894435, 92292, -80736, 1740974, -201646, -403493, -496279], [1625523, 1189539, 894435, 2879014, 652140, -2046448, 1985558, 394435, 324269, 161690], [-140318, -9329, 92292, 652140, 3746422, 1726557, -1015041, 799331, -1946370, 1563857], [-359750, -1675641, -80736, -2046448, 1726557, 5258800, -2855643, -447660, -1772354, 1091403], [1056120, -387537, 1740974, 1985558, -1015041, -2855643, 4259786, -553079, 1214478, -1420202], [-497714, 740922, -201646, 394435, 799331, -447660, -553079, 2374331, 855723, -602561], [433864, 330086, -403493, 324269, -1946370, -1772354, 1214478, 855723, 3472139, -1748462], [-169319, 693018, -496279, 161690, 1563857, 1091403, -1420202, -602561, -1748462, 2032081]], "lincomb_exact": [1.0, 1.0, 1.0, -2.0, 0.0, 0.0, 1.0, 1.0, 0.0, 1.0], "lincomb_LLL": [1.0, 1.0, 1.0, -2.0, 0.0, 0.0, 1.0, 1.0, 0.0, 1.0], "lincomb_cube": [0.7073173522949219, 0.2963433265686035, 0.5174551010131836, -1.32086181640625, 0.010296672582626343, -0.20951175689697266, 0.48284006118774414, 0.5862455368041992, 0.1559607982635498, 1.0], "lincomb_cube_shortest": [1.0, 1.0, 1.0, -2.0, 0.0, 0.0, 1.0, 1.0, 0.0, 1.0], "exact.norm": 931.43359375, "LLL.norm": 931.43359375, "shortest_cube.norm": 931.43359375, "sv_LLL": [-160.0, -365.0, 422.0, 108.0, -273.0, -24.0, -387.0, 524.0, 111.0, -85.0], "sv_exact": [-160.0, -365.0, 422.0, 108.0, -273.0, -24.0, -387.0, 524.0, 111.0, -85.0], "sv_shortst_cube": [-160.0, -365.0, 422.0, 108.0, -273.0, -24.0, -387.0, 524.0, 111.0, -85.0]}]