[{"B": [[509, 304, -609, 778], [417, 970, -391, -143], [-798, -577, 881, -508], [-510, -316, 817, -69]], "G": [[1327662, 633998, -1513343, -906889], [633998, 1288119, -1164283, -828770], [-1513343, -1164283, 2003958, 1344141], [-906889, -828770, 1344141, 1032206]], "lincomb_exact": [-2.0, -1.0, -3.0, 1.0], "lincomb_LLL": [-2.0, -1.0, -3.0, 1.0], "lincomb_cube": [-1.0289230346679688, -0.33432435989379883, -1.6420021057128906, 1.0], "lincomb_cube_shortest": [-1.0, -1.0, -2.0, 1.0], "exact.norm": 526.330078125, "LLL.norm": 526.330078125, "shortest_cube.norm": 562.1962890625, "sv_LLL": [449.0, -163.0, -217.0, 42.0], "sv_exact": [449.0, -163.0, -217.0, 42.0], "sv_shortst_cube": [160.0, -436.0, 55.0, 312.0]}, {"B": [[-693, 572, -246, 238], [-583, -706, -941, -233], [713, 238, -298, -908], [610, -856, 892, 697]], "G": [[924593, 176219, -500769, -965908], [176219, 1778095, -91725, -753067], [-500769, -91725, 1478281, -667490], [-965908, -753067, -667490, 2386309]], "lincomb_exact": [3.0, 1.0, 2.0, 2.0], "lincomb_LLL": [3.0, 1.0, 2.0, 2.0], "lincomb_cube": [4.208915710449219, 1.0, 2.746440887451172, 2.7874488830566406], "lincomb_cube_shortest": [5.0, 1.0, 3.0, 3.0], "exact.norm": 543.9609375, "LLL.norm": 543.9609375, "shortest_cube.norm": 593.7490234375, "sv_LLL": [-16.0, -226.0, -491.0, 59.0], "sv_exact": [-16.0, -226.0, -491.0, 59.0], "sv_shortst_cube": [-79.0, 300.0, -389.0, 324.0]}, {"B": [[607, 986, -316, -48], [-135, -443, -364, 502], [-474, -536, 449, 19], [-351, -20, 826, -166]], "G": [[1442805, -427815, -959010, -485825], [-427815, 598974, 147540, -327751], [-959010, 147540, 713934, 544814], [-485825, -327751, 544814, 833433]], "lincomb_exact": [-5.0, 1.0, -10.0, 4.0], "lincomb_LLL": [-5.0, 1.0, -10.0, 4.0], "lincomb_cube": [-3.0678176879882812, 1.0, -6.5110015869140625, 2.861194610595703], "lincomb_cube_shortest": [-3.0, 1.0, -7.0, 3.0], "exact.norm": 222.820556640625, "LLL.norm": 222.820556640625, "shortest_cube.norm": 432.37451171875, "sv_LLL": [166.0, -93.0, 30.0, -112.0], "sv_exact": [166.0, -93.0, 30.0, -112.0], "sv_shortst_cube": [309.0, 291.0, -81.0, 15.0]}, {"B": [[-931, 480, 668, -260], [786, 321, 515, 502], [235, -499, 208, -296], [820, 554, 998, 693]], "G": [[1610985, -364186, -242401, -11016], [-364186, 1238066, -16941, 1684210], [-242401, -16941, 435106, -81290], [-11016, 1684210, -81290, 2455569]], "lincomb_exact": [1.0, 3.0, 0.0, -2.0], "lincomb_LLL": [1.0, 3.0, 0.0, -2.0], "lincomb_cube": [1.0, 4.2156982421875, 0.18301630020141602, -2.880889892578125], "lincomb_cube_shortest": [1.0, 4.0, 0.0, -3.0], "exact.norm": 473.58544921875, "LLL.norm": 473.58544921875, "shortest_cube.norm": 501.7275390625, "sv_LLL": [-213.0, 335.0, 217.0, -140.0], "sv_exact": [-213.0, 335.0, 217.0, -140.0], "sv_shortst_cube": [-247.0, 102.0, -266.0, -331.0]}, {"B": [[-235, -307, -29, 1000], [173, -927, -102, 920], [-407, 192, 607, -47], [-458, -760, 776, 322]], "G": [[1150315, 1166892, -27902, 640446], [1166892, 1746062, -353549, 842374], [-27902, -353549, 573171, 496384], [640446, 842374, 496384, 1493224]], "lincomb_exact": [1.0, -2.0, -3.0, 2.0], "lincomb_LLL": [1.0, -2.0, -3.0, 2.0], "lincomb_cube": [1.0, -1.5025901794433594, -1.742452621459961, 0.9979896545410156], "lincomb_cube_shortest": [1.0, -2.0, -2.0, 1.0], "exact.norm": 624.0498046875, "LLL.norm": 624.0498046875, "shortest_cube.norm": 679.6904296875, "sv_LLL": [-276.0, -549.0, -94.0, -55.0], "sv_exact": [-276.0, -549.0, -94.0, -55.0], "sv_shortst_cube": [-225.0, 403.0, -263.0, -424.0]}, {"B": [[-883, 840, -552, -511], [250, 897, 984, -649], [242, -655, 130, 859], [-605, -428, -889, 405]], "G": [[2051114, 321201, -1274595, 458468], [321201, 2256566, -956606, -1672787], [-1274595, -956606, 1242370, 366255], [458468, -1672787, 366255, 1503555]], "lincomb_exact": [2.0, -3.0, 1.0, -4.0], "lincomb_LLL": [2.0, -3.0, 1.0, -4.0], "lincomb_cube": [1.4141769409179688, -1.5839157104492188, 1.0, -2.437000274658203], "lincomb_cube_shortest": [1.0, -1.0, 1.0, -2.0], "exact.norm": 432.69873046875, "LLL.norm": 432.69873046875, "shortest_cube.norm": 543.9208984375, "sv_LLL": [146.0, 46.0, -370.0, 164.0], "sv_exact": [146.0, 46.0, -370.0, 164.0], "sv_shortst_cube": [319.0, 144.0, 372.0, 187.0]}, {"B": [[-524, -77, -706, -995], [356, 781, -997, -1], [-959, 842, 187, -956], [538, 109, 307, 805]], "G": [[1768966, 458196, 1256880, -1308022], [458196, 1730707, 130715, -30227], [1256880, 130715, 2577550, -1136335], [-1308022, -30227, -1136335, 1043599]], "lincomb_exact": [8.0, -2.0, 1.0, 11.0], "lincomb_LLL": [8.0, -2.0, 1.0, 11.0], "lincomb_cube": [6.9767303466796875, -1.7517280578613281, 1.0, 9.7825927734375], "lincomb_cube_shortest": [7.0, -2.0, 1.0, 10.0], "exact.norm": 182.688232421875, "LLL.norm": 182.688232421875, "shortest_cube.norm": 378.0, "sv_LLL": [55.0, -137.0, -90.0, -59.0], "sv_exact": [55.0, -137.0, -90.0, -59.0], "sv_shortst_cube": [41.0, -169.0, 309.0, 131.0]}, {"B": [[375, -775, 720, 453], [766, -612, 240, 918], [684, -169, -713, 385], [347, 836, -812, 338]], "G": [[1464859, 1350204, 48520, -949301], [1350204, 1861624, 809682, -130426], [48520, 809682, 1153011, 805150], [-949301, -130426, 805150, 1592893]], "lincomb_exact": [5.0, -4.0, 1.0, 2.0], "lincomb_LLL": [5.0, -4.0, 1.0, 2.0], "lincomb_cube": [3.0262527465820312, -2.55352783203125, 1.0, 1.088979721069336], "lincomb_cube_shortest": [4.0, -3.0, 1.0, 2.0], "exact.norm": 503.0126953125, "LLL.norm": 503.0126953125, "shortest_cube.norm": 662.5791015625, "sv_LLL": [189.0, 76.0, 303.0, -346.0], "sv_exact": [189.0, 76.0, 303.0, -346.0], "sv_shortst_cube": [580.0, 239.0, -177.0, 119.0]}, {"B": [[-878, 541, -823, 94], [450, 337, 56, 783], [-113, 254, -148, 596], [930, -579, 513, -421]], "G": [[1749730, -185269, 414456, -1591552], [-185269, 932294, 493128, -77538], [414456, 493128, 454405, -578996], [-1591552, -77538, -578996, 1640551]], "lincomb_exact": [1.0, 0.0, 0.0, 1.0], "lincomb_LLL": [1.0, 0.0, 0.0, 1.0], "lincomb_cube": [0.5128755569458008, -0.5667972564697266, 1.4214973449707031, 1.0], "lincomb_cube_shortest": [0.0, -1.0, 2.0, 1.0], "exact.norm": 455.1669921875, "LLL.norm": 455.1669921875, "shortest_cube.norm": 506.99609375, "sv_LLL": [52.0, -38.0, -310.0, -327.0], "sv_exact": [52.0, -38.0, -310.0, -327.0], "sv_shortst_cube": [254.0, -408.0, 161.0, -12.0]}, {"B": [[755, 114, 755, 700], [-970, -295, -644, 16], [-932, -769, -174, -761], [506, -329, 654, -496]], "G": [[1643046, -1241000, -1455396, 491094], [-1241000, 1442917, 1230775, -822877], [-1455396, 1230775, 2069382, 45069], [491094, -822877, 45069, 1038009]], "lincomb_exact": [1.0, -2.0, 2.0, -2.0], "lincomb_LLL": [1.0, -2.0, 2.0, -2.0], "lincomb_cube": [1.0, -3.5956649780273438, 2.916980743408203, -3.4502105712890625], "lincomb_cube_shortest": [1.0, -4.0, 3.0, -4.0], "exact.norm": 482.234375, "LLL.norm": 482.234375, "shortest_cube.norm": 526.1669921875, "sv_LLL": [-181.0, -176.0, 387.0, 138.0], "sv_exact": [-181.0, -176.0, 387.0, 138.0], "sv_shortst_cube": [-185.0, 303.0, 193.0, 337.0]}, {"B": [[390, 573, 105, 783], [676, 707, -129, 432], [-359, -583, 747, 837], [-426, 152, 678, 892]], "G": [[1104543, 993462, 259737, 690582], [993462, 1160090, -389644, 117370], [259737, -389644, 1727348, 1317388], [690582, 117370, 1317388, 1459928]], "lincomb_exact": [-2.0, 2.0, 1.0, 0.0], "lincomb_LLL": [-2.0, 2.0, 1.0, 0.0], "lincomb_cube": [-3.040966033935547, 2.90948486328125, 1.0, 0.3021812438964844], "lincomb_cube_shortest": [-3.0, 3.0, 1.0, 0.0], "exact.norm": 490.5712890625, "LLL.norm": 490.5712890625, "shortest_cube.norm": 574.841796875, "sv_LLL": [213.0, -315.0, 279.0, 135.0], "sv_exact": [213.0, -315.0, 279.0, 135.0], "sv_shortst_cube": [499.0, -181.0, 45.0, -216.0]}, {"B": [[-241, 909, -757, 964], [418, -567, 846, -788], [-545, 691, 989, -311], [-843, -990, 203, -798]], "G": [[2386707, -2016195, -289013, -1619690], [-2016195, 1832873, 462155, 1009518], [-289013, 462155, 1849348, 224290], [-1619690, 1009518, 224290, 2368762]], "lincomb_exact": [-7.0, -7.0, 1.0, -2.0], "lincomb_LLL": [-7.0, -7.0, 1.0, -2.0], "lincomb_cube": [-8.167221069335938, -7.981834411621094, 1.0, -2.277496337890625], "lincomb_cube_shortest": [-8.0, -8.0, 1.0, -2.0], "exact.norm": 301.23388671875, "LLL.norm": 301.23388671875, "shortest_cube.norm": 334.095703125, "sv_LLL": [-98.0, 277.0, -40.0, 53.0], "sv_exact": [-98.0, 277.0, -40.0, 53.0], "sv_shortst_cube": [-275.0, -65.0, -129.0, -123.0]}, {"B": [[-208, 371, -606, -50], [538, 573, 527, 62], [159, -842, 595, -300], [121, -285, -556, -860]], "G": [[550641, -221783, -691024, 249033], [-221783, 899346, -101959, -444539], [-691024, -101959, 1178270, 186389], [249033, -444539, 186389, 1144602]], "lincomb_exact": [-5.0, -1.0, -3.0, 1.0], "lincomb_LLL": [-5.0, -1.0, -3.0, 1.0], "lincomb_cube": [-3.956066131591797, -0.7698125839233398, -2.5449295043945312, 1.0], "lincomb_cube_shortest": [-4.0, -1.0, -3.0, 1.0], "exact.norm": 366.76025390625, "LLL.norm": 366.76025390625, "shortest_cube.norm": 516.255859375, "sv_LLL": [146.0, -187.0, 162.0, 228.0], "sv_exact": [146.0, -187.0, 162.0, 228.0], "sv_shortst_cube": [-62.0, 184.0, -444.0, 178.0]}, {"B": [[-759, -225, -174, -485], [-649, 229, -539, -264], [788, 600, 876, 688], [-915, 663, 416, -947]], "G": [[892207, 662892, -1219196, 932221], [662892, 833859, -1027808, 771446], [-1219196, -1027808, 2221664, -610340], [932221, 771446, -610340, 2346659]], "lincomb_exact": [-1.0, 1.0, 0.0, 0.0], "lincomb_LLL": [-1.0, 1.0, 0.0, 0.0], "lincomb_cube": [0.5925064086914062, 1.0, 0.6815023422241211, -0.38686704635620117], "lincomb_cube_shortest": [1.0, 1.0, 1.0, 0.0], "exact.norm": 632.6787109375, "LLL.norm": 632.6787109375, "shortest_cube.norm": 882.896484375, "sv_LLL": [110.0, 454.0, -365.0, 221.0], "sv_exact": [110.0, 454.0, -365.0, 221.0], "sv_shortst_cube": [-620.0, 604.0, 163.0, -61.0]}, {"B": [[666, 21, -988, 347], [-56, -176, 758, -47], [997, 178, -338, 489], [-779, 855, -808, -916]], "G": [[1540550, -806205, 1171367, -20407], [-806205, 610885, -366347, -676268], [1171367, -366347, 1379058, -799293], [-20407, -676268, -799293, 2829786]], "lincomb_exact": [-1.0, -1.0, 1.0, 0.0], "lincomb_LLL": [-1.0, -1.0, 1.0, 0.0], "lincomb_cube": [-2.093524932861328, -2.5389175415039062, 1.0, -0.33939599990844727], "lincomb_cube_shortest": [-2.0, -2.0, 1.0, 0.0], "exact.norm": 555.015625, "LLL.norm": 555.015625, "shortest_cube.norm": 561.318359375, "sv_LLL": [387.0, 333.0, -108.0, 189.0], "sv_exact": [387.0, 333.0, -108.0, 189.0], "sv_shortst_cube": [-223.0, 488.0, 122.0, -111.0]}, {"B": [[-495, -786, -667, -752], [-181, -901, -459, -590], [-964, -102, -750, -580], [668, 203, 362, 767]], "G": [[1873214, 1547614, 1493762, -1308456], [1547614, 1403343, 952836, -922499], [1493762, 952836, 1838600, -1381018], [-1308456, -922499, -1381018, 1206766]], "lincomb_exact": [4.0, -3.0, -1.0, 1.0], "lincomb_LLL": [4.0, -3.0, -1.0, 1.0], "lincomb_cube": [5.777824401855469, -4.6861572265625, -1.5144882202148438, 1.0], "lincomb_cube_shortest": [5.0, -4.0, -1.0, 1.0], "exact.norm": 316.92724609375, "LLL.norm": 316.92724609375, "shortest_cube.norm": 408.87646484375, "sv_LLL": [195.0, -136.0, -179.0, 109.0], "sv_exact": [195.0, -136.0, -179.0, 109.0], "sv_shortst_cube": [-119.0, -21.0, -387.0, -53.0]}, {"B": [[-557, 303, -342, 176], [187, -537, -927, -709], [979, 590, -933, 341], [508, 77, -404, -386]], "G": [[549998, -74620, 12569, -189393], [-74620, 1685348, 489365, 701829], [12569, 489365, 2293311, 788068], [-189393, 701829, 788068, 576205]], "lincomb_exact": [1.0, 0.0, 0.0, 0.0], "lincomb_LLL": [1.0, 0.0, 0.0, 0.0], "lincomb_cube": [1.0, -0.402860164642334, -0.37939882278442383, 1.3382816314697266], "lincomb_cube_shortest": [1.0, 0.0, 0.0, 1.0], "exact.norm": 741.619140625, "LLL.norm": 741.619140625, "shortest_cube.norm": 864.5322265625, "sv_LLL": [-557.0, 303.0, -342.0, 176.0], "sv_exact": [-557.0, 303.0, -342.0, 176.0], "sv_shortst_cube": [-49.0, 380.0, -746.0, -210.0]}, {"B": [[-442, -882, 454, 656], [-481, 304, 631, 855], [-383, 566, 920, -24], [-454, 138, 977, -990]], "G": [[1609740, 791828, 72010, -126930], [791828, 1452963, 916287, 30363], [72010, 916287, 1314021, 1174590], [-126930, 30363, 1174590, 2159789]], "lincomb_exact": [1.0, -3.0, 4.0, -2.0], "lincomb_LLL": [1.0, -3.0, 4.0, -2.0], "lincomb_cube": [1.0, -2.3888473510742188, 2.9743881225585938, -1.5252513885498047], "lincomb_cube_shortest": [1.0, -2.0, 2.0, -1.0], "exact.norm": 512.6005859375, "LLL.norm": 512.6005859375, "shortest_cube.norm": 552.130859375, "sv_LLL": [377.0, 194.0, 287.0, -25.0], "sv_exact": [377.0, 194.0, 287.0, -25.0], "sv_shortst_cube": [208.0, -496.0, 55.0, -112.0]}, {"B": [[-856, -408, 99, -671], [-401, 312, 622, -220], [743, 805, 250, 794], [984, -864, -453, -427]], "G": [[1359242, 425158, -1472472, -248122], [425158, 693429, -65963, -851978], [-1472472, -65963, 1893010, -416696], [-248122, -851978, -416696, 2102290]], "lincomb_exact": [10.0, -4.0, 8.0, 1.0], "lincomb_LLL": [10.0, -4.0, 8.0, 1.0], "lincomb_cube": [8.879440307617188, -3.5493621826171875, 7.0032958984375, 1.0], "lincomb_cube_shortest": [9.0, -4.0, 7.0, 1.0], "exact.norm": 271.50341796875, "LLL.norm": 271.50341796875, "shortest_cube.norm": 346.71337890625, "sv_LLL": [-28.0, 248.0, 49.0, 95.0], "sv_exact": [-28.0, 248.0, 49.0, 95.0], "sv_shortst_cube": [85.0, -149.0, -300.0, -28.0]}, {"B": [[-329, 718, 365, 380], [190, 99, 202, 430], [-710, -309, 976, -918], [583, -448, 732, 782]], "G": [[901390, 245702, 19128, 50869], [245702, 271605, -363079, 550542], [19128, -363079, 2394881, -278942], [50869, 550542, -278942, 1687941]], "lincomb_exact": [-2.0, 7.0, 1.0, -2.0], "lincomb_LLL": [-2.0, 7.0, 1.0, -2.0], "lincomb_cube": [-2.138935089111328, 8.280715942382812, 1.0, -2.4711380004882812], "lincomb_cube_shortest": [-2.0, 9.0, 1.0, -3.0], "exact.norm": 359.33251953125, "LLL.norm": 359.33251953125, "shortest_cube.norm": 538.0712890625, "sv_LLL": [112.0, -156.0, 196.0, -232.0], "sv_exact": [112.0, -156.0, 196.0, -232.0], "sv_shortst_cube": [-91.0, 490.0, -132.0, -154.0]}, {"B": [[-444, -937, 742, -790], [-983, 104, 588, -338], [-502, 411, -32, -80], [15, 677, -449, 957]], "G": [[2249769, 1042320, -122763, -1730197], [1042320, 1437093, 544434, -531815], [-122763, 544434, 428349, 208525], [-1730197, -531815, 208525, 1576004]], "lincomb_exact": [2.0, -2.0, 3.0, 1.0], "lincomb_LLL": [2.0, -2.0, 3.0, 1.0], "lincomb_cube": [1.3535518646240234, -1.1074542999267578, 1.3086910247802734, 1.0], "lincomb_cube_shortest": [1.0, -1.0, 1.0, 1.0], "exact.norm": 539.7138671875, "LLL.norm": 539.7138671875, "shortest_cube.norm": 540.8017578125, "sv_LLL": [-413.0, -172.0, -237.0, -187.0], "sv_exact": [-413.0, -172.0, -237.0, -187.0], "sv_shortst_cube": [52.0, 47.0, -327.0, 425.0]}, {"B": [[-238, -924, 826, -956], [-220, 408, -750, 717], [-71, -670, 598, -528], [751, 198, 464, 73]], "G": [[2506632, -1629584, 1634694, -48214], [-1629584, 1291453, -1084816, -380095], [1634694, -1084816, 1090329, 52947], [-48214, -380095, 52947, 823830]], "lincomb_exact": [2.0, 2.0, -1.0, 1.0], "lincomb_LLL": [2.0, 2.0, -1.0, 1.0], "lincomb_cube": [2.376384735107422, 1.5788745880126953, -2.0405044555664062, 1.0], "lincomb_cube_shortest": [2.0, 1.0, -2.0, 1.0], "exact.norm": 226.240966796875, "LLL.norm": 226.240966796875, "shortest_cube.norm": 285.77783203125, "sv_LLL": [-94.0, -164.0, 18.0, 123.0], "sv_exact": [-94.0, -164.0, 18.0, 123.0], "sv_shortst_cube": [197.0, 98.0, 170.0, -66.0]}, {"B": [[-92, -112, -772, -319], [-604, -764, -858, 22], [382, 953, -682, -882], [306, -347, -489, -274]], "G": [[718753, 796494, 665982, 475626], [796494, 1685160, -393068, 493818], [665982, -393068, 2297181, 361367], [475626, 493818, 361367, 528242]], "lincomb_exact": [-6.0, 3.0, 2.0, 1.0], "lincomb_LLL": [-6.0, 3.0, 2.0, 1.0], "lincomb_cube": [-4.3626861572265625, 2.1115951538085938, 1.4688034057617188, 1.0], "lincomb_cube_shortest": [-4.0, 2.0, 1.0, 1.0], "exact.norm": 291.90771484375, "LLL.norm": 291.90771484375, "shortest_cube.norm": 561.3173828125, "sv_LLL": [-190.0, -61.0, 205.0, -58.0], "sv_exact": [-190.0, -61.0, 205.0, -58.0], "sv_shortst_cube": [-152.0, -474.0, 201.0, 164.0]}, {"B": [[-205, -333, 790, -832], [939, 643, 599, -744], [151, -477, -462, -103], [871, -38, -948, -27]], "G": [[1469238, 685604, -151398, -892357], [685604, 2207507, -365028, 245671], [-151398, -365028, 474383, 590404], [-892357, 245671, 590404, 1659518]], "lincomb_exact": [1.0, -1.0, -3.0, 2.0], "lincomb_LLL": [1.0, -1.0, -3.0, 2.0], "lincomb_cube": [-1.2450618743896484, 1.0, 2.4938087463378906, -1.704751968383789], "lincomb_cube_shortest": [-1.0, 1.0, 3.0, -2.0], "exact.norm": 542.5087890625, "LLL.norm": 542.5087890625, "shortest_cube.norm": 542.5087890625, "sv_LLL": [145.0, 379.0, -319.0, 167.0], "sv_exact": [145.0, 379.0, -319.0, 167.0], "sv_shortst_cube": [-145.0, -379.0, 319.0, -167.0]}, {"B": [[97, 167, 184, -335], [247, -350, -815, 807], [165, -835, 549, 76], [525, 372, 134, -187]], "G": [[183379, -454796, -47884, 200350], [-454796, 1498983, -53098, -260644], [-47884, -53098, 1031627, -164641], [200350, -260644, -164641, 466934]], "lincomb_exact": [-4.0, -1.0, 0.0, 1.0], "lincomb_LLL": [-4.0, -1.0, 0.0, 1.0], "lincomb_cube": [-2.667217254638672, -0.6352519989013672, 0.003095421940088272, 1.0], "lincomb_cube_shortest": [-3.0, -1.0, 0.0, 1.0], "exact.norm": 424.38330078125, "LLL.norm": 424.38330078125, "shortest_cube.norm": 454.6865234375, "sv_LLL": [-110.0, 54.0, 213.0, 346.0], "sv_exact": [-110.0, 54.0, 213.0, 346.0], "sv_shortst_cube": [-13.0, 221.0, 397.0, 11.0]}, {"B": [[857, 355, -180, 740], [-98, -249, 206, 57], [-639, 762, -713, -732], [431, -536, 660, 637]], "G": [[1440474, -167281, -690453, 531667], [-167281, 117290, -315718, 263495], [-690453, -315718, 2033158, -1620705], [531667, 263495, -1620705, 1314426]], "lincomb_exact": [1.0, 4.0, 1.0, 0.0], "lincomb_LLL": [1.0, 4.0, 1.0, 0.0], "lincomb_cube": [-0.06563913822174072, -0.42114830017089844, 1.0, 1.3439884185791016], "lincomb_cube_shortest": [0.0, 0.0, 1.0, 1.0], "exact.norm": 324.61376953125, "LLL.norm": 324.61376953125, "shortest_cube.norm": 325.84375, "sv_LLL": [-174.0, 121.0, -69.0, 236.0], "sv_exact": [-174.0, 121.0, -69.0, 236.0], "sv_shortst_cube": [-208.0, 226.0, -53.0, -95.0]}, {"B": [[656, 314, -168, 744], [-553, -881, 170, -331], [-538, 371, -495, -684], [-192, 615, 965, -17]], "G": [[1110692, -914226, -662170, -107610], [-914226, 1220431, 112917, -265962], [-662170, 112917, 1139966, -134586], [-107610, -265962, -134586, 1346603]], "lincomb_exact": [4.0, 3.0, 2.0, 1.0], "lincomb_LLL": [4.0, 3.0, 2.0, 1.0], "lincomb_cube": [2.782337188720703, 2.161529541015625, 1.5201263427734375, 1.0], "lincomb_cube_shortest": [3.0, 2.0, 2.0, 1.0], "exact.norm": 696.6220703125, "LLL.norm": 696.6220703125, "shortest_cube.norm": 723.2919921875, "sv_LLL": [-303.0, -30.0, -187.0, 598.0], "sv_exact": [-303.0, -30.0, -187.0, 598.0], "sv_shortst_cube": [-406.0, 537.0, -189.0, 185.0]}, {"B": [[-441, -700, -449, 546], [-710, -266, -790, 815], [583, -547, -978, -187], [875, 545, 955, -896]], "G": [[1184198, 1299010, 462817, -1685386], [1299010, 1863181, 351787, -2250910], [462817, 351787, 1630551, -554428], [-1685386, -2250910, -554428, 2777491]], "lincomb_exact": [1.0, 3.0, 0.0, 3.0], "lincomb_LLL": [1.0, 3.0, 0.0, 3.0], "lincomb_cube": [1.0, 1.79290771484375, 0.03188997507095337, 2.0661582946777344], "lincomb_cube_shortest": [1.0, 2.0, 0.0, 2.0], "exact.norm": 340.0146484375, "LLL.norm": 340.0146484375, "shortest_cube.norm": 440.5703125, "sv_LLL": [54.0, 137.0, 46.0, 303.0], "sv_exact": [54.0, 137.0, 46.0, 303.0], "sv_shortst_cube": [-111.0, -142.0, -119.0, 384.0]}, {"B": [[-586, 77, 603, 557], [667, -234, -758, -95], [-785, -246, 762, 75], [452, 104, -609, 377]], "G": [[1023183, -918869, 942329, -414102], [-918869, 1083234, -1050752, 702955], [942329, -1050752, 1263010, -816187], [-414102, 702955, -816187, 728130]], "lincomb_exact": [2.0, 1.0, -2.0, -2.0], "lincomb_LLL": [2.0, 1.0, -2.0, -2.0], "lincomb_cube": [1.2078685760498047, 1.0, -0.9041633605957031, -1.2919960021972656], "lincomb_cube_shortest": [1.0, 1.0, -1.0, -2.0], "exact.norm": 317.6884765625, "LLL.norm": 317.6884765625, "shortest_cube.norm": 490.810546875, "sv_LLL": [161.0, 204.0, 142.0, 115.0], "sv_exact": [161.0, 204.0, 142.0, 115.0], "sv_shortst_cube": [-38.0, -119.0, 301.0, -367.0]}, {"B": [[496, 331, 704, 893], [362, 368, -501, 674], [-887, 114, 962, -727], [566, 964, -208, 925]], "G": [[1648642, 550538, -374181, 1279413], [550538, 971745, -1251102, 1287302], [-374181, -1251102, 2253738, -1264717], [1279413, 1287302, -1264717, 2148541]], "lincomb_exact": [0.0, -3.0, -1.0, 1.0], "lincomb_LLL": [0.0, -3.0, -1.0, 1.0], "lincomb_cube": [-0.2973918914794922, -1.743234634399414, -0.4559211730957031, 1.0], "lincomb_cube_shortest": [0.0, -1.0, 0.0, 1.0], "exact.norm": 668.576171875, "LLL.norm": 668.576171875, "shortest_cube.norm": 738.703125, "sv_LLL": [367.0, -254.0, 333.0, -370.0], "sv_exact": [367.0, -254.0, 333.0, -370.0], "sv_shortst_cube": [204.0, 596.0, 293.0, 251.0]}, {"B": [[-161, -673, -128, -249], [-75, -665, -903, -490], [-643, -882, 682, 957], [-711, -738, -958, 886]], "G": [[557235, 697214, 371520, 513155], [697214, 1503359, -450021, 975029], [371520, -450021, 2572346, 1302635], [513155, 975029, 1302635, 2752925]], "lincomb_exact": [2.0, -2.0, -1.0, 1.0], "lincomb_LLL": [2.0, -2.0, -1.0, 1.0], "lincomb_cube": [3.3261871337890625, -2.6239585876464844, -1.4458465576171875, 1.0], "lincomb_cube_shortest": [4.0, -3.0, -2.0, 1.0], "exact.norm": 501.00390625, "LLL.norm": 501.00390625, "shortest_cube.norm": 674.6240234375, "sv_LLL": [-240.0, 128.0, -90.0, 411.0], "sv_exact": [-240.0, 128.0, -90.0, 411.0], "sv_shortst_cube": [156.0, 329.0, -125.0, -554.0]}, {"B": [[930, 854, 165, 867], [-590, -502, -824, 494], [-771, 261, -508, -575], [96, -157, -569, 828]], "G": [[2373130, -685070, -1076481, 579193], [-685070, 1523116, 458410, 900062], [-1076481, 458410, 1251251, -302041], [579193, 900062, -302041, 1043210]], "lincomb_exact": [-2.0, -4.0, 1.0, 5.0], "lincomb_LLL": [-2.0, -4.0, 1.0, 5.0], "lincomb_cube": [-1.3558673858642578, -3.114849090576172, 1.0, 3.7297439575195312], "lincomb_cube_shortest": [-1.0, -3.0, 1.0, 3.0], "exact.norm": 514.4423828125, "LLL.norm": 514.4423828125, "shortest_cube.norm": 724.484375, "sv_LLL": [209.0, -224.0, -387.0, -145.0], "sv_exact": [209.0, -224.0, -387.0, -145.0], "sv_shortst_cube": [357.0, 442.0, 92.0, -440.0]}, {"B": [[887, -840, -412, 329], [640, 305, -428, 474], [825, -190, -238, 467], [363, -555, 4, -342]], "G": [[1770354, 643762, 1143074, 674015], [643762, 910485, 793272, -100775], [1143074, 793272, 991458, 244259], [674015, -100775, 244259, 556774]], "lincomb_exact": [-1.0, 0.0, 1.0, 1.0], "lincomb_LLL": [-1.0, 0.0, 1.0, 1.0], "lincomb_cube": [-0.5442790985107422, 0.5395803451538086, -0.05057305097579956, 1.0], "lincomb_cube_shortest": [0.0, 1.0, -1.0, 1.0], "exact.norm": 415.84375, "LLL.norm": 415.84375, "shortest_cube.norm": 426.7373046875, "sv_LLL": [301.0, 95.0, 178.0, -204.0], "sv_exact": [301.0, 95.0, 178.0, -204.0], "sv_shortst_cube": [178.0, -60.0, -186.0, -335.0]}, {"B": [[857, -891, 803, -790], [453, -966, 916, 424], [32, 271, -355, -853], [-753, -308, 77, -161]], "G": [[2797239, 1649515, 174768, -181872], [1649515, 2157197, -934142, -41313], [174768, -934142, 928099, 2434], [-181872, -41313, 2434, 693723]], "lincomb_exact": [4.0, -6.0, -7.0, 1.0], "lincomb_LLL": [4.0, -6.0, -7.0, 1.0], "lincomb_cube": [4.724395751953125, -7.0545196533203125, -7.992713928222656, 1.0], "lincomb_cube_shortest": [5.0, -7.0, -8.0, 1.0], "exact.norm": 400.671875, "LLL.norm": 400.671875, "shortest_cube.norm": 612.3818359375, "sv_LLL": [-267.0, 27.0, 278.0, 106.0], "sv_exact": [-267.0, 27.0, 278.0, 106.0], "sv_shortst_cube": [105.0, -169.0, 520.0, -255.0]}, {"B": [[801, -409, -910, -487], [778, -844, -93, -909], [659, 526, -382, 994], [760, -214, 403, -449]], "G": [[1874151, 1495687, 176267, 548219], [1495687, 2152550, -799262, 1142558], [176267, -799262, 1844917, -211976], [548219, 1142558, -211976, 987406]], "lincomb_exact": [1.0, -2.0, -1.0, 2.0], "lincomb_LLL": [1.0, -2.0, -1.0, 2.0], "lincomb_cube": [-1.2839736938476562, 1.9987678527832031, 1.0, -1.3852787017822266], "lincomb_cube_shortest": [-1.0, 2.0, 1.0, -2.0], "exact.norm": 804.287109375, "LLL.norm": 804.287109375, "shortest_cube.norm": 804.287109375, "sv_LLL": [106.0, 325.0, 464.0, -561.0], "sv_exact": [106.0, 325.0, 464.0, -561.0], "sv_shortst_cube": [-106.0, -325.0, -464.0, 561.0]}, {"B": [[-51, 128, -805, 578], [-310, -124, 988, -353], [985, 327, 966, 539], [-8, -11, 156, -488]], "G": [[1001094, -999436, -474467, -408644], [-999436, 1212229, 418243, 330236], [-474467, 418243, 2300831, -123813], [-408644, 330236, -123813, 262665]], "lincomb_exact": [1.0, 1.0, 0.0, 0.0], "lincomb_LLL": [1.0, 1.0, 0.0, 0.0], "lincomb_cube": [1.8870620727539062, 1.0, 0.3054370880126953, 1.822540283203125], "lincomb_cube_shortest": [1.0, 1.0, 0.0, 1.0], "exact.norm": 463.08837890625, "LLL.norm": 463.08837890625, "shortest_cube.norm": 565.9501953125, "sv_LLL": [-361.0, 4.0, 183.0, 225.0], "sv_exact": [-361.0, 4.0, 183.0, 225.0], "sv_shortst_cube": [-369.0, -7.0, 339.0, -263.0]}, {"B": [[-715, -139, 221, -800], [-751, -811, 987, -412], [62, 196, 400, -902], [-220, 496, -483, -666]], "G": [[1219387, 1197421, 738426, 514413], [1197421, 2365635, 560906, -439365], [738426, 560906, 1015864, 491108], [514413, -439365, 491108, 971261]], "lincomb_exact": [10.0, -7.0, 1.0, -9.0], "lincomb_LLL": [10.0, -7.0, 1.0, -9.0], "lincomb_cube": [12.554443359375, -8.647201538085938, 1.0, -11.06658935546875], "lincomb_cube_shortest": [13.0, -9.0, 1.0, -11.0], "exact.norm": 159.50537109375, "LLL.norm": 159.50537109375, "shortest_cube.norm": 465.5888671875, "sv_LLL": [149.0, 19.0, 48.0, -24.0], "sv_exact": [149.0, 19.0, 48.0, -24.0], "sv_shortst_cube": [-54.0, 232.0, -297.0, -268.0]}, {"B": [[-396, 586, 203, -308], [291, -408, -146, 0], [-25, 53, 65, -537], [-227, -63, 356, -490]], "G": [[636285, -383962, 219549, 276162], [-383962, 272461, -38389, -92329], [219549, -38389, 296028, 288606], [276162, -92329, 288606, 422334]], "lincomb_exact": [9.0, 12.0, -6.0, 1.0], "lincomb_LLL": [9.0, 12.0, -6.0, 1.0], "lincomb_cube": [10.839141845703125, 14.610748291015625, -7.119049072265625, 1.0], "lincomb_cube_shortest": [11.0, 15.0, -7.0, 1.0], "exact.norm": 159.658935546875, "LLL.norm": 159.658935546875, "shortest_cube.norm": 175.52783203125, "sv_LLL": [-149.0, -3.0, 41.0, -40.0], "sv_exact": [-149.0, -3.0, 41.0, -40.0], "sv_shortst_cube": [-43.0, -108.0, -56.0, -119.0]}, {"B": [[-738, 546, -911, -784], [-27, 586, 481, 519], [-96, -680, 1, -190], [-34, -216, 753, 565]], "G": [[2287337, -505205, -152383, -1221787], [-505205, 844847, -494017, 529770], [-152383, -494017, 507717, 43547], [-1221787, 529770, 43547, 934046]], "lincomb_exact": [1.0, -6.0, -6.0, 5.0], "lincomb_LLL": [1.0, -6.0, -6.0, 5.0], "lincomb_cube": [1.0, -7.312187194824219, -7.3118896484375, 5.7962646484375], "lincomb_cube_shortest": [1.0, -8.0, -8.0, 6.0], "exact.norm": 189.03173828125, "LLL.norm": 189.03173828125, "shortest_cube.norm": 253.860107421875, "sv_LLL": [-170.0, 30.0, -38.0, 67.0], "sv_exact": [-170.0, 30.0, -38.0, 67.0], "sv_shortst_cube": [42.0, 2.0, -249.0, -26.0]}, {"B": [[-871, 1000, -649, 615], [698, -815, 351, -830], [476, 40, 677, 938], [-608, -680, 534, 360]], "G": [[2558067, -2161207, -237099, -275598], [-2161207, 1963530, -241265, 18450], [-237099, -241265, 1566349, 382590], [-275598, 18450, 382590, 1246820]], "lincomb_exact": [7.0, 8.0, 2.0, 1.0], "lincomb_LLL": [7.0, 8.0, 2.0, 1.0], "lincomb_cube": [8.705291748046875, 9.891403198242188, 2.5970420837402344, 1.0], "lincomb_cube_shortest": [8.0, 9.0, 2.0, 1.0], "exact.norm": 275.99072265625, "LLL.norm": 275.99072265625, "shortest_cube.norm": 490.72412109375, "sv_LLL": [-169.0, -120.0, 153.0, -99.0], "sv_exact": [-169.0, -120.0, 153.0, -99.0], "sv_shortst_cube": [-342.0, 65.0, -145.0, -314.0]}, {"B": [[772, -254, 420, -178], [706, -265, -709, -253], [678, 60, 892, -15], [189, 518, 914, 284]], "G": [[868584, 359596, 885486, 347664], [359596, 1135351, -165865, -723714], [885486, -165865, 1259173, 970250], [347664, -723714, 970250, 1220097]], "lincomb_exact": [-7.0, 1.0, 8.0, -4.0], "lincomb_LLL": [-7.0, 1.0, 8.0, -4.0], "lincomb_cube": [-6.11029052734375, 1.0, 6.791557312011719, -3.0665321350097656], "lincomb_cube_shortest": [-6.0, 1.0, 7.0, -3.0], "exact.norm": 323.837890625, "LLL.norm": 323.837890625, "shortest_cube.norm": 417.52490234375, "sv_LLL": [-30.0, -79.0, -169.0, -263.0], "sv_exact": [-30.0, -79.0, -169.0, -263.0], "sv_shortst_cube": [253.0, 125.0, 273.0, -142.0]}, {"B": [[-811, 613, 423, -630], [509, -104, -448, 305], [-589, -83, -59, -514], [-118, -671, 583, -962]], "G": [[1609319, -858205, 725663, 537044], [-858205, 563626, -421507, -544872], [725663, -421507, 621487, 585266], [537044, -544872, 585266, 1729498]], "lincomb_exact": [0.0, 1.0, 1.0, 0.0], "lincomb_LLL": [0.0, 1.0, 1.0, 0.0], "lincomb_cube": [-0.549321174621582, -0.36066150665283203, 1.0, -0.2814521789550781], "lincomb_cube_shortest": [-1.0, -1.0, 1.0, 0.0], "exact.norm": 584.892578125, "LLL.norm": 584.892578125, "shortest_cube.norm": 685.3544921875, "sv_LLL": [-80.0, -187.0, -507.0, -209.0], "sv_exact": [-80.0, -187.0, -507.0, -209.0], "sv_shortst_cube": [-287.0, -592.0, -34.0, -189.0]}, {"B": [[775, -417, 399, 190], [-956, -189, 328, 848], [-605, 959, -755, -704], [577, 514, -296, -292]], "G": [[969815, -370095, -1303783, 59253], [-370095, 1776345, -447503, -993462], [-1303783, -447503, 2351347, 572889], [59253, -993462, 572889, 770005]], "lincomb_exact": [6.0, 1.0, 4.0, -2.0], "lincomb_LLL": [6.0, 1.0, 4.0, -2.0], "lincomb_cube": [4.151763916015625, 1.0, 2.7553634643554688, -1.0792903900146484], "lincomb_cube_shortest": [4.0, 1.0, 3.0, -1.0], "exact.norm": 417.2060546875, "LLL.norm": 417.2060546875, "shortest_cube.norm": 603.74609375, "sv_LLL": [120.0, 117.0, 294.0, -244.0], "sv_exact": [120.0, 117.0, 294.0, -244.0], "sv_shortst_cube": [-248.0, 506.0, -45.0, -212.0]}, {"B": [[-782, -56, -536, -300], [822, 133, -98, -599], [833, 748, 154, -641], [36, -986, -501, -344]], "G": [[991956, -418024, -583538, 398800], [-418024, 1061778, 1153077, 153608], [-583538, 1153077, 1687990, -564190], [398800, 153608, -564190, 1342829]], "lincomb_exact": [1.0, 4.0, -3.0, -2.0], "lincomb_LLL": [1.0, 4.0, -3.0, -2.0], "lincomb_cube": [1.0, 5.114402770996094, -4.0052490234375, -2.5648345947265625], "lincomb_cube_shortest": [1.0, 6.0, -5.0, -3.0], "exact.norm": 451.2314453125, "LLL.norm": 451.2314453125, "shortest_cube.norm": 535.9658203125, "sv_LLL": [-65.0, 204.0, -388.0, -85.0], "sv_exact": [-65.0, 204.0, -388.0, -85.0], "sv_shortst_cube": [-123.0, -40.0, -391.0, 343.0]}, {"B": [[245, -570, -448, 507], [-39, 598, 559, 207], [-85, 98, 229, -1000], [-704, 650, -871, 591]], "G": [[842678, -495898, -686277, 146865], [-495898, 714455, -17070, 51604], [-686277, -17070, 1069270, -666919], [146865, 51604, -666919, 2026038]], "lincomb_exact": [7.0, 5.0, 5.0, 1.0], "lincomb_LLL": [7.0, 5.0, 5.0, 1.0], "lincomb_cube": [5.931999206542969, 4.152580261230469, 4.4972686767578125, 1.0], "lincomb_cube_shortest": [5.0, 4.0, 4.0, 1.0], "exact.norm": 455.6259765625, "LLL.norm": 455.6259765625, "shortest_cube.norm": 587.7734375, "sv_LLL": [391.0, 140.0, -67.0, 175.0], "sv_exact": [391.0, 140.0, -67.0, 175.0], "sv_shortst_cube": [25.0, 584.0, 41.0, -46.0]}, {"B": [[923, -178, 655, 349], [-390, 441, -724, 735], [655, 20, 492, -463], [532, 306, 275, -230]], "G": [[1434439, -656173, 761678, 536423], [-656173, 1410982, -943143, -440684], [761678, -943143, 885858, 596370], [536423, -440684, 596370, 505185]], "lincomb_exact": [0.0, 1.0, 3.0, -3.0], "lincomb_LLL": [0.0, 1.0, 3.0, -3.0], "lincomb_cube": [-0.14268088340759277, 1.0, 2.4264793395996094, -1.840627670288086], "lincomb_cube_shortest": [0.0, 1.0, 2.0, -1.0], "exact.norm": 425.38818359375, "LLL.norm": 425.38818359375, "shortest_cube.norm": 427.685546875, "sv_LLL": [-21.0, -417.0, -73.0, 36.0], "sv_exact": [-21.0, -417.0, -73.0, 36.0], "sv_shortst_cube": [388.0, 175.0, -15.0, 39.0]}, {"B": [[99, -632, -74, 227], [-973, 987, 855, -418], [-335, -263, -394, -226], [175, -358, 925, 130]], "G": [[466230, -878267, 110905, 204641], [-878267, 2826647, -176028, 212914], [110905, -176028, 387706, -358301], [204641, 212914, -358301, 1031314]], "lincomb_exact": [0.0, 0.0, 1.0, 0.0], "lincomb_LLL": [0.0, 0.0, 1.0, 0.0], "lincomb_cube": [-1.2239513397216797, -0.3682074546813965, 1.0, 0.6663036346435547], "lincomb_cube_shortest": [-1.0, 0.0, 1.0, 1.0], "exact.norm": 622.66015625, "LLL.norm": 622.66015625, "shortest_cube.norm": 733.181640625, "sv_LLL": [-335.0, -263.0, -394.0, -226.0], "sv_exact": [-335.0, -263.0, -394.0, -226.0], "sv_shortst_cube": [-259.0, 11.0, 605.0, -323.0]}, {"B": [[-119, 801, 728, 778], [153, -799, 488, 291], [-120, 552, 35, -97], [10, 155, 200, -55]], "G": [[1791030, -76544, 406446, 225775], [-76544, 984635, -470555, -40720], [406446, -470555, 329738, 96695], [225775, -40720, 96695, 67150]], "lincomb_exact": [0.0, 0.0, 0.0, 1.0], "lincomb_LLL": [0.0, 0.0, 0.0, 1.0], "lincomb_cube": [0.1036752462387085, -0.4773397445678711, -1.1022319793701172, 1.0], "lincomb_cube_shortest": [0.0, -1.0, -2.0, 1.0], "exact.norm": 259.13330078125, "LLL.norm": 259.13330078125, "shortest_cube.norm": 427.9921875, "sv_LLL": [10.0, 155.0, 200.0, -55.0], "sv_exact": [10.0, 155.0, 200.0, -55.0], "sv_shortst_cube": [97.0, -150.0, -358.0, -152.0]}, {"B": [[89, -47, -14, 149], [734, -992, 270, 290], [-535, -175, 333, -372], [-899, -583, 676, -797]], "G": [[32527, 151380, -99480, -180827], [151380, 1679820, -237060, -130140], [-99480, -237060, 566123, 1104582], [-180827, -130140, 1104582, 2240275]], "lincomb_exact": [1.0, 0.0, 0.0, 0.0], "lincomb_LLL": [1.0, 0.0, 0.0, 0.0], "lincomb_cube": [1.0, -0.20520901679992676, -1.1700096130371094, 0.6456766128540039], "lincomb_cube_shortest": [1.0, 0.0, -2.0, 1.0], "exact.norm": 180.3525390625, "LLL.norm": 180.3525390625, "shortest_cube.norm": 393.99462890625, "sv_LLL": [89.0, -47.0, -14.0, 149.0], "sv_exact": [89.0, -47.0, -14.0, 149.0], "sv_shortst_cube": [260.0, -280.0, -4.0, 96.0]}, {"B": [[-360, 544, -901, -352], [-295, 228, -863, -677], [606, -267, -439, -966], [-171, 157, -549, -581]], "G": [[1361241, 1246099, 372163, 846129], [1246099, 1342107, 793193, 953365], [372163, 793193, 1564402, 656712], [846129, 953365, 656712, 692852]], "lincomb_exact": [1.0, -3.0, 0.0, 3.0], "lincomb_LLL": [1.0, -3.0, 0.0, 3.0], "lincomb_cube": [1.0, -1.8138198852539062, 0.2436516284942627, 1.043649673461914], "lincomb_cube_shortest": [1.0, -2.0, 0.0, 2.0], "exact.norm": 339.82666015625, "LLL.norm": 339.82666015625, "shortest_cube.norm": 523.71484375, "sv_LLL": [12.0, 331.0, 41.0, -64.0], "sv_exact": [12.0, 331.0, 41.0, -64.0], "sv_shortst_cube": [-112.0, 402.0, -273.0, -160.0]}, {"B": [[-842, -713, -674, 821], [-860, 678, 138, -567], [-775, -433, -43, -66], [-237, 751, 224, -937]], "G": [[2345650, -317813, 936075, -1256162], [-317813, 1539817, 404414, 1275189], [936075, 404414, 794319, -89298], [-1256162, 1275189, -89298, 1548315]], "lincomb_exact": [0.0, -1.0, 1.0, 1.0], "lincomb_LLL": [0.0, -1.0, 1.0, 1.0], "lincomb_cube": [0.473635196685791, -0.7079887390136719, -0.08527994155883789, 1.0], "lincomb_cube_shortest": [1.0, 0.0, -1.0, 1.0], "exact.norm": 587.068359375, "LLL.norm": 587.068359375, "shortest_cube.norm": 694.5546875, "sv_LLL": [-152.0, -360.0, 43.0, -436.0], "sv_exact": [-152.0, -360.0, 43.0, -436.0], "sv_shortst_cube": [-304.0, 471.0, -407.0, -50.0]}, {"B": [[572, 861, -395, -484], [-806, 94, -740, -451], [304, 337, 296, 811], [503, 156, 48, -178]], "G": [[1458786, 130486, -45399, 489224], [130486, 1409473, -798147, -345996], [-45399, -798147, 951322, 75334], [489224, -345996, 75334, 311333]], "lincomb_exact": [-2.0, 2.0, 1.0, 5.0], "lincomb_LLL": [-2.0, 2.0, 1.0, 5.0], "lincomb_cube": [-1.2415904998779297, 1.5137062072753906, 1.0, 3.3912811279296875], "lincomb_cube_shortest": [-1.0, 1.0, 1.0, 3.0], "exact.norm": 449.158203125, "LLL.norm": 449.158203125, "shortest_cube.norm": 543.869140625, "sv_LLL": [63.0, -417.0, -154.0, -13.0], "sv_exact": [63.0, -417.0, -154.0, -13.0], "sv_shortst_cube": [435.0, 38.0, 95.0, 310.0]}, {"B": [[-682, 629, -233, 59], [994, -643, 835, -172], [-432, 479, -553, 142], [-674, -46, -592, -119]], "G": [[918535, -1287058, 733142, 561649], [-1287058, 2128294, -1223584, -1114230], [733142, -1223584, 742038, 579612], [561649, -1114230, 579612, 821017]], "lincomb_exact": [1.0, 3.0, 3.0, 1.0], "lincomb_LLL": [1.0, 3.0, 3.0, 1.0], "lincomb_cube": [0.8842945098876953, 2.056488037109375, 1.7362442016601562, 1.0], "lincomb_cube_shortest": [1.0, 2.0, 2.0, 1.0], "exact.norm": 374.32861328125, "LLL.norm": 374.32861328125, "shortest_cube.norm": 448.74267578125, "sv_LLL": [330.0, 91.0, 21.0, -150.0], "sv_exact": [330.0, 91.0, 21.0, -150.0], "sv_shortst_cube": [-232.0, 255.0, -261.0, -120.0]}, {"B": [[35, -570, -55, 949], [277, -175, 831, 325], [816, 73, -478, 796], [200, -286, -59, 673]], "G": [[1229751, 372165, 768644, 811942], [372165, 903540, 74739, 275146], [768644, 74739, 1533285, 706232], [811942, 275146, 706232, 578206]], "lincomb_exact": [5.0, 1.0, 2.0, -10.0], "lincomb_LLL": [5.0, 1.0, 2.0, -10.0], "lincomb_cube": [6.5719757080078125, 1.0, 2.5755844116210938, -12.850387573242188], "lincomb_cube_shortest": [6.0, 1.0, 2.0, -12.0], "exact.norm": 219.41064453125, "LLL.norm": 219.41064453125, "shortest_cube.norm": 599.5703125, "sv_LLL": [84.0, -19.0, 190.0, -68.0], "sv_exact": [84.0, -19.0, 190.0, -68.0], "sv_shortst_cube": [-281.0, -17.0, 253.0, -465.0]}, {"B": [[84, -711, 526, 22], [-615, -305, -788, 666], [476, -913, 48, -249], [152, -757, -169, 488]], "G": [[789737, -234641, 708897, 472837], [-234641, 1535750, -217933, 595585], [708897, -217933, 1124450, 633869], [472837, 595585, 633869, 862858]], "lincomb_exact": [-1.0, 0.0, 1.0, 0.0], "lincomb_LLL": [-1.0, 0.0, 1.0, 0.0], "lincomb_cube": [-0.13788223266601562, 0.5140314102172852, 1.0, -1.0138664245605469], "lincomb_cube_shortest": [0.0, 1.0, 1.0, -1.0], "exact.norm": 704.5517578125, "LLL.norm": 704.5517578125, "shortest_cube.norm": 792.6435546875, "sv_LLL": [392.0, -202.0, -478.0, -271.0], "sv_exact": [392.0, -202.0, -478.0, -271.0], "sv_shortst_cube": [-291.0, -461.0, -571.0, -71.0]}, {"B": [[-917, 261, 813, 131], [938, 903, 777, 957], [783, -42, 54, 125], [-502, 610, 972, 721]], "G": [[1587140, 132605, -668696, 1504231], [132605, 3214831, 858111, 1525195], [-668696, 858111, 633394, -276073], [1504231, 1525195, -276073, 2088729]], "lincomb_exact": [0.0, -1.0, 2.0, 1.0], "lincomb_LLL": [0.0, -1.0, 2.0, 1.0], "lincomb_cube": [-0.7077245712280273, -0.5672779083251953, 0.4572315216064453, 1.0], "lincomb_cube_shortest": [0.0, -1.0, 1.0, 1.0], "exact.norm": 500.009765625, "LLL.norm": 500.009765625, "shortest_cube.norm": 786.2548828125, "sv_LLL": [126.0, -377.0, 303.0, 14.0], "sv_exact": [126.0, -377.0, 303.0, 14.0], "sv_shortst_cube": [-657.0, -335.0, 249.0, -111.0]}, {"B": [[482, 843, 135, -483], [-682, 561, -945, -814], [967, 626, 78, -103], [381, -800, 188, 647]], "G": [[1194487, 409786, 1054091, -777879], [409786, 2335466, -298176, -1412960], [1054091, -298176, 1343658, -184350], [-777879, -1412960, -184350, 1239114]], "lincomb_exact": [2.0, 1.0, -1.0, 2.0], "lincomb_LLL": [2.0, 1.0, -1.0, 2.0], "lincomb_cube": [-1.5403804779052734, -0.3130373954772949, 1.0, -1.1751861572265625], "lincomb_cube_shortest": [-2.0, -1.0, 1.0, -2.0], "exact.norm": 543.3125, "LLL.norm": 543.3125, "shortest_cube.norm": 543.3125, "sv_LLL": [77.0, 21.0, -377.0, -383.0], "sv_exact": [77.0, 21.0, -377.0, -383.0], "sv_shortst_cube": [-77.0, -21.0, 377.0, 383.0]}, {"B": [[-347, -982, 706, 194], [593, -449, -904, 514], [-207, -373, 620, 106], [974, 896, -959, 757]], "G": [[1620805, -303361, 896399, -1748046], [-303361, 1634662, -461270, 1431312], [896399, -461270, 577614, -1050164], [-1748046, 1431312, -1050164, 3244222]], "lincomb_exact": [4.0, -2.0, -6.0, 1.0], "lincomb_LLL": [4.0, -2.0, -6.0, 1.0], "lincomb_cube": [3.2663497924804688, -1.53201293945312