[{"B": [[301, -548, 563, 676, -764, -747], [-137, 469, 360, -431, -292, 670], [-289, -560, 619, 322, -865, 64], [581, -746, -156, 572, 76, -85], [897, 67, -507, -76, 297, -127], [-562, 509, -140, 533, 987, 444]], "G": [[2306555, -664327, 1399112, 887964, -235575, -1252342], [-664327, 1088255, 156471, -811305, -413044, 44868], [1399112, 156471, 1636287, 266291, -900091, -862995], [887964, -811305, 266291, 1258598, 540162, -342248], [-235575, -413044, -900091, 540162, 1176261, -202788], [-1252342, 44868, -862995, -342248, -202788, 2049919]], "lincomb_exact": [-1.0, -2.0, 4.0, -3.0, 4.0, 1.0], "lincomb_LLL": [-1.0, -2.0, 4.0, -3.0, 4.0, 1.0], "lincomb_cube": [-0.7176628112792969, -1.348714828491211, 3.2483749389648438, -2.060344696044922, 2.986919403076172, 1.0], "lincomb_cube_shortest": [0.0, -1.0, 3.0, -2.0, 3.0, 1.0], "exact.norm": 681.1640625, "LLL.norm": 681.1640625, "shortest_cube.norm": 886.115234375, "sv_LLL": [100.0, 385.0, -507.0, -13.0, -165.0, -146.0], "sv_exact": [100.0, 385.0, -507.0, -13.0, -165.0, -146.0], "sv_shortst_cube": [237.0, 53.0, 148.0, 558.0, -577.0, -245.0]}, {"B": [[-3, 945, -448, 269, 217, -741], [773, -336, -391, 842, -472, 758], [641, -218, -101, -88, -494, 200], [581, 437, 31, -777, 60, -491], [397, 505, 507, -638, -478, -875], [591, 252, -510, -665, 27, -877]], "G": [[1762269, -582275, -441755, 565172, 621925, 941678], [-582275, 2369618, 918904, -764572, -1035866, -665859], [-441755, 918904, 760386, 214560, 210456, 245187], [565172, -764572, 214560, 1377901, 1363730, 1386617], [621925, -1035866, 210456, 1363730, 2070836, 1282056], [941678, -665859, 245187, 1386617, 1282056, 1884968]], "lincomb_exact": [1.0, -2.0, 4.0, 0.0, -1.0, -1.0], "lincomb_LLL": [1.0, -2.0, 4.0, 0.0, -1.0, -1.0], "lincomb_cube": [-0.8894720077514648, 1.1960639953613281, -2.3944320678710938, -0.2572898864746094, 0.6590995788574219, 1.0], "lincomb_cube_shortest": [-1.0, 1.0, -2.0, -1.0, 1.0, 1.0], "exact.norm": 663.4599609375, "LLL.norm": 663.4599609375, "shortest_cube.norm": 675.994140625, "sv_LLL": [27.0, -12.0, -67.0, -464.0, -364.0, 295.0], "sv_exact": [27.0, -12.0, -67.0, -464.0, -364.0, 295.0], "sv_shortst_cube": [-99.0, -525.0, 225.0, 223.0, -212.0, -162.0]}, {"B": [[-749, -554, 284, 602, 98, -788], [-9, -150, -680, -1000, -978, -427], [437, 468, 981, 920, 217, 873], [577, -525, -747, -896, 726, -851], [521, 20, 535, 585, 490, 161], [-410, 430, 343, -350, 4, 383]], "G": [[1941525, -464647, -420799, -151127, 23953, -345830], [-464647, 2623794, -2246210, 1130866, -1504456, -111503], [-420799, -2246210, 3027972, -2136059, 1546955, 371780], [-151127, 1130866, -2136059, 3220656, -414959, -727970], [23953, -1504456, 1546955, -414959, 1166312, -162632], [-345830, -111503, 371780, -727970, -162632, 739854]], "lincomb_exact": [-1.0, 0.0, -4.0, -2.0, 5.0, 1.0], "lincomb_LLL": [-1.0, 0.0, -4.0, -2.0, 5.0, 1.0], "lincomb_cube": [-1.4114971160888672, -0.13338828086853027, -5.8066864013671875, -2.780170440673828, 6.709007263183594, 1.0], "lincomb_cube_shortest": [-1.0, 0.0, -6.0, -3.0, 7.0, 1.0], "exact.norm": 453.80712890625, "LLL.norm": 453.80712890625, "shortest_cube.norm": 662.62890625, "sv_LLL": [42.0, 262.0, 304.0, 85.0, 36.0, 186.0], "sv_exact": [42.0, 262.0, 304.0, 85.0, 36.0, 186.0], "sv_shortst_cube": [-367.0, -109.0, 159.0, 311.0, -144.0, -387.0]}, {"B": [[268, 786, 236, -779, -176, -673], [-501, 511, 279, 204, -896, 444], [-817, 440, -101, 347, -47, -513], [154, -294, 144, -652, 152, 138], [-987, -106, -901, 676, 489, -799], [-830, -345, -766, 791, -280, 949]], "G": [[1836062, 33190, 186256, 232454, -635409, -1879972], [33190, 1631531, 491106, -395140, -466054, 859421], [186256, 491106, 1257077, -573904, 1472216, 404476], [232454, -395140, -573904, 598140, -727264, -564024], [-635409, -466054, 1472216, -727264, 3131704, 1185491], [-1879972, 859421, 404476, -564024, 1185491, 2999363]], "lincomb_exact": [0.0, -2.0, 3.0, 0.0, -2.0, 1.0], "lincomb_LLL": [0.0, -2.0, 3.0, 0.0, -2.0, 1.0], "lincomb_cube": [0.479825496673584, -1.4378643035888672, 1.5563163757324219, -0.267209529876709, -1.288848876953125, 1.0], "lincomb_cube_shortest": [1.0, -1.0, 1.0, 0.0, -1.0, 1.0], "exact.norm": 570.0068359375, "LLL.norm": 570.0068359375, "shortest_cube.norm": 730.150390625, "sv_LLL": [-305.0, 165.0, 175.0, 72.0, 393.0, 120.0], "sv_exact": [-305.0, 165.0, 175.0, 72.0, 393.0, 120.0], "sv_shortst_cube": [109.0, 476.0, -9.0, -521.0, -96.0, 118.0]}, {"B": [[384, -738, -720, -878, -682, -462], [481, -70, 138, 981, 547, -507], [121, -766, 21, -911, -154, 842], [-671, 51, 183, 511, 210, -185], [603, -905, -454, -631, -949, -371], [499, -764, 262, 398, 991, -467]], "G": [[2659952, -863134, 1112534, -933470, 2598960, -242744], [-863134, 1773924, -1290104, 408889, -659276, 1498939], [1112534, -1290104, 2164439, -770045, 1165264, -257301], [-933470, 408889, -770045, 825777, -986946, 172036], [2598960, -659276, 1165264, -986946, 2825153, -144971], [-242744, 1498939, -257301, 172036, -144971, 2259915]], "lincomb_exact": [-1.0, 0.0, 0.0, 0.0, 1.0, 0.0], "lincomb_LLL": [-1.0, 0.0, 0.0, 0.0, 1.0, 0.0], "lincomb_cube": [-1.0763683319091797, -1.0458126068115234, -0.6069612503051758, -0.19216561317443848, 1.0, 0.5877151489257812], "lincomb_cube_shortest": [-1.0, -2.0, -1.0, 0.0, 1.0, 1.0], "exact.norm": 535.896484375, "LLL.norm": 535.896484375, "shortest_cube.norm": 663.5654296875, "sv_LLL": [219.0, -167.0, 266.0, 247.0, -267.0, 91.0], "sv_exact": [219.0, -167.0, 266.0, 247.0, -267.0, 91.0], "sv_shortst_cube": [-365.0, -25.0, 231.0, -406.0, -216.0, -204.0]}, {"B": [[830, -110, 839, 62, -283, -243], [645, -800, 260, 498, 368, -613], [657, -555, 861, 156, -986, -667], [942, 730, -841, -49, 994, 806], [769, 499, -341, 988, -663, -713], [-16, -117, -989, 550, 118, 98]], "G": [[1547903, 917181, 1779530, -484237, 719425, -853289], [917181, 1882822, 1215336, -347758, 693254, 83390], [1779530, 1215336, 2922416, -2035687, 1218104, -893020], [-484237, -347758, -2035687, 3767618, 93337, 900597], [719425, 693254, 1218104, 93337, 2880725, 661854], [-853289, 83390, -893020, 900597, 661854, 1318094]], "lincomb_exact": [3.0, 0.0, -2.0, -1.0, 0.0, 1.0], "lincomb_LLL": [3.0, 0.0, -2.0, -1.0, 0.0, 1.0], "lincomb_cube": [1.5051612854003906, -0.3332996368408203, -0.6900701522827148, -0.4437689781188965, -0.21926593780517578, 1.0], "lincomb_cube_shortest": [1.0, -1.0, 0.0, 0.0, 0.0, 1.0], "exact.norm": 875.1962890625, "LLL.norm": 875.1962890625, "shortest_cube.norm": 1020.3427734375, "sv_LLL": [218.0, -67.0, 647.0, 473.0, 247.0, -103.0], "sv_exact": [218.0, -67.0, 647.0, 473.0, 247.0, -103.0], "sv_shortst_cube": [169.0, 573.0, -410.0, 114.0, -533.0, 468.0]}, {"B": [[-758, 378, -311, -686, 94, -724], [-623, -59, 656, -448, 159, -601], [-142, -180, -822, -454, -425, 177], [290, -794, 186, 384, -956, 404], [-421, 587, -241, 408, -919, 867], [-249, -406, -196, -961, 944, 946]], "G": [[1817777, 1003314, 438584, -1223582, -378027, 159308], [1003314, 1409132, -410706, -578648, -780418, 62583], [438584, -410706, 1146318, 252320, 511026, 472086], [-1223582, -578648, 252320, 1973740, 752510, -675606], [-378027, -780418, 511026, 752510, 2342605, -525699], [159308, 62583, 472086, -675606, -525699, 2974826]], "lincomb_exact": [3.0, -2.0, -3.0, 2.0, 0.0, 1.0], "lincomb_LLL": [3.0, -2.0, -3.0, 2.0, 0.0, 1.0], "lincomb_cube": [4.2671356201171875, -3.1901168823242188, -3.677562713623047, 2.5910720825195312, -0.17984652519226074, 1.0], "lincomb_cube_shortest": [5.0, -4.0, -4.0, 3.0, 0.0, 1.0], "exact.norm": 639.806640625, "LLL.norm": 639.806640625, "shortest_cube.norm": 798.8134765625, "sv_LLL": [-271.0, -202.0, 397.0, 7.0, 271.0, 253.0], "sv_exact": [-271.0, -202.0, 397.0, 7.0, 271.0, 253.0], "sv_shortst_cube": [-109.0, 58.0, -529.0, 369.0, -390.0, 234.0]}, {"B": [[-26, 851, -780, 618, -257, 425], [609, -792, 623, -4, -132, -951], [446, -604, 493, -56, -998, -662], [27, 479, 690, 66, -302, -813], [-579, -196, -891, -741, -801, -430], [393, -424, 679, 645, -275, -211]], "G": [[1961875, -1548489, -969612, -358396, 108407, -521052], [-1548489, 2308115, 1818643, 879708, -234846, 1232543], [-969612, 1818643, 2244165, 898802, 546441, 1144133], [-358396, 879708, 898802, 1462799, -181721, 573188], [108407, -234846, 546441, -181721, 2543120, -916372], [-521052, 1232543, 1144133, 573188, -916372, 1331437]], "lincomb_exact": [0.0, 0.0, 1.0, 0.0, -1.0, -2.0], "lincomb_LLL": [0.0, 0.0, 1.0, 0.0, -1.0, -2.0], "lincomb_cube": [-0.17377901077270508, 0.054100751876831055, -1.226816177368164, 0.2001795768737793, 1.0, 1.5382213592529297], "lincomb_cube_shortest": [0.0, 0.0, -1.0, 0.0, 1.0, 2.0], "exact.norm": 882.1171875, "LLL.norm": 882.1171875, "shortest_cube.norm": 882.1171875, "sv_LLL": [239.0, 440.0, 26.0, -605.0, 353.0, 190.0], "sv_exact": [239.0, 440.0, 26.0, -605.0, 353.0, 190.0], "sv_shortst_cube": [-239.0, -440.0, -26.0, 605.0, -353.0, -190.0]}, {"B": [[954, -375, 931, 829, 128, 121], [493, -442, 113, 872, 271, 336], [-735, -919, -543, 298, 41, 493], [-172, 797, 89, 928, 133, -271], [-838, 105, -737, -892, 147, 288], [-288, 887, -540, -721, -32, -193]], "G": [[2635768, 1539507, -550155, 373441, -2210778, -1735275], [1539507, 1397903, 419099, 327190, -1184044, -1297290], [-550155, 419099, 2013169, -505956, 801821, -621572], [373441, 327190, -505956, 1625028, -724045, 87374], [-2210778, -1184044, 801821, -724045, 2156655, 1315303], [-1735275, -1297290, -621572, 87374, 1315303, 1719427]], "lincomb_exact": [-3.0, 1.0, -2.0, 0.0, 0.0, -3.0], "lincomb_LLL": [-3.0, 1.0, -2.0, 0.0, 0.0, -3.0], "lincomb_cube": [-1.7025527954101562, 1.0, -1.401296615600586, 0.052367210388183594, 0.45111513137817383, -1.8180713653564453], "lincomb_cube_shortest": [-2.0, 1.0, -1.0, 0.0, 0.0, -2.0], "exact.norm": 471.12841796875, "LLL.norm": 471.12841796875, "shortest_cube.norm": 675.0390625, "sv_LLL": [-35.0, -140.0, 26.0, -48.0, -99.0, -434.0], "sv_exact": [-35.0, -140.0, 26.0, -48.0, -99.0, -434.0], "sv_shortst_cube": [-104.0, -547.0, -126.0, 358.0, 38.0, -13.0]}, {"B": [[-514, 187, 61, -89, -985, -319], [-860, -160, -922, 851, -516, 764], [572, 525, -731, -546, -893, 172], [633, 408, -212, 164, 550, 278], [-129, -967, 147, 203, 947, 252], [-578, -346, 249, 586, 647, 219]], "G": [[1382793, 544683, 632907, -907026, -1136806, -511731], [544683, 3189437, 225612, -346040, 6755, 655012], [632907, 225612, 2262319, 198370, -1602085, -1554344], [-907026, -346040, 198370, 1018777, 116841, -46994], [-1136806, 6755, -1602085, 116841, 1974861, 1232602], [-511731, 655012, -1554344, -46994, 1232602, 1325767]], "lincomb_exact": [2.0, -1.0, 2.0, 1.0, 1.0, 3.0], "lincomb_LLL": [2.0, -1.0, 2.0, 1.0, 1.0, 3.0], "lincomb_cube": [1.7063350677490234, -0.3308720588684082, 0.5830650329589844, 1.2071037292480469, 1.0, 0.6187496185302734], "lincomb_cube_shortest": [2.0, 0.0, 0.0, 2.0, 1.0, 0.0], "exact.norm": 436.16748046875, "LLL.norm": 436.16748046875, "shortest_cube.norm": 495.04833984375, "sv_LLL": [-254.0, -13.0, 264.0, 4.0, 198.0, 129.0], "sv_exact": [-254.0, -13.0, 264.0, 4.0, 198.0, 129.0], "sv_shortst_cube": [109.0, 223.0, -155.0, 353.0, 77.0, 170.0]}, {"B": [[666, 353, -796, -843, -527, -675], [6, 762, -568, -746, -646, 593], [-839, 937, -309, 428, -855, 885], [693, -897, -603, 475, 266, -221], [-401, 629, 411, -947, 706, -16], [718, 735, 683, -493, -706, -580]], "G": [[2645784, 1294155, -489643, 233453, 64874, 1373136], [1294155, 2228785, 1642319, -994091, 484342, 656348], [-489643, 1642319, 3374805, -1455304, -224293, -245428], [233453, -994091, -1455304, 1993689, -1348432, -867361], [64874, 484342, -224293, -1348432, 2120864, 432825], [1373136, 656348, -245428, -867361, 432825, 2600123]], "lincomb_exact": [0.0, -1.0, 2.0, 3.0, 2.0, 1.0], "lincomb_LLL": [0.0, -1.0, 2.0, 3.0, 2.0, 1.0], "lincomb_cube": [-0.46025753021240234, -0.15271377563476562, 0.9955024719238281, 1.9399967193603516, 1.1835918426513672, 1.0], "lincomb_cube_shortest": [-1.0, 0.0, 1.0, 2.0, 1.0, 1.0], "exact.norm": 1003.11328125, "LLL.norm": 1003.11328125, "shortest_cube.norm": 1061.888671875, "sv_LLL": [311.0, 414.0, -354.0, 640.0, 440.0, -98.0], "sv_exact": [311.0, 414.0, -354.0, 640.0, 440.0, -98.0], "sv_shortst_cube": [198.0, 154.0, 375.0, 781.0, 204.0, 522.0]}, {"B": [[-293, -97, -936, 884, 46, -23], [236, 510, -971, -955, -745, -415], [161, 734, 614, -488, 532, -514], [-917, -254, 721, 971, -47, 96], [748, 116, -765, 198, 399, 383], [-136, 836, 294, 311, -694, 400]], "G": [[1755455, -78707, -1088173, 472457, 670201, -82628], [-78707, 2897912, 99152, -1978173, 333213, 162815], [-1088173, 99152, 1727037, -439575, -345356, 45668], [472457, -1978173, -439575, 2379512, -1056672, 497341], [670201, 333213, -345356, -1056672, 1503279, -291790], [-82628, 162815, 45668, 497341, -291790, 1542185]], "lincomb_exact": [-6.0, 7.0, 1.0, 12.0, 9.0, -3.0], "lincomb_LLL": [-6.0, 7.0, 1.0, 12.0, 9.0, -3.0], "lincomb_cube": [-7.412605285644531, 8.76959228515625, 1.0, 14.746826171875, 11.18133544921875, -3.9927635192871094], "lincomb_cube_shortest": [-7.0, 9.0, 1.0, 15.0, 11.0, -4.0], "exact.norm": 603.19921875, "LLL.norm": 603.19921875, "shortest_cube.norm": 781.3251953125, "sv_LLL": [-293.0, 374.0, 318.0, 24.0, 150.0, 118.0], "sv_exact": [-293.0, 374.0, 318.0, 24.0, 150.0, 118.0], "sv_shortst_cube": [-647.0, 125.0, -349.0, 228.0, -35.0, -35.0]}, {"B": [[380, -796, 806, -264, 665, -253], [52, -290, 317, 397, -603, 138], [321, -826, 487, 61, -669, 970], [182, 773, 120, -339, 599, 48], [-240, 425, -530, -165, -241, -904], [-8, 937, -180, -450, -429, 128]], "G": [[2003582, -34615, 465599, 26259, -744673, -1092841], [-34615, 727555, 972095, -665822, -348674, -231505], [465599, 972095, 2414668, -896486, -1411916, -480479], [26259, -665822, -896486, 1121079, 89429, 602968], [-744673, -348674, -1411916, 89429, 1421647, 557472], [-1092841, -231505, -480479, 602968, 557472, 1313358]], "lincomb_exact": [1.0, 1.0, -2.0, -2.0, -2.0, 2.0], "lincomb_LLL": [1.0, 1.0, -2.0, -2.0, -2.0, 2.0], "lincomb_cube": [-0.1793653964996338, 1.0, 0.22919225692749023, 1.0673713684082031, 0.5524177551269531, -0.6136474609375], "lincomb_cube_shortest": [0.0, 1.0, 0.0, 1.0, 0.0, 0.0], "exact.norm": 661.0009765625, "LLL.norm": 661.0009765625, "shortest_cube.norm": 719.0205078125, "sv_LLL": [-110.0, 44.0, 609.0, 119.0, -174.0, -87.0], "sv_exact": [-110.0, 44.0, 609.0, 119.0, -174.0, -87.0], "sv_shortst_cube": [234.0, 483.0, 437.0, 58.0, -4.0, 186.0]}, {"B": [[901, -659, 298, 432, -323, 934], [534, -833, -427, 899, -639, -33], [-730, 261, 751, -575, 884, -719], [-485, -708, 398, 690, 979, -906], [604, 939, 383, 967, -319, 679], [302, 363, -524, 328, 163, 5]], "G": [[2498195, 1466778, -1811409, -716150, 1194504, -29550], [1466778, 2378985, -1985984, 185455, 427575, 273187], [-1811409, -1985984, 2794064, 1588260, -1234430, -567344], [-716150, 185455, 1588260, 3150270, -1065563, -230659], [1194504, 427575, -1234430, -1065563, 2891117, 591147], [-29550, 273187, -567344, -230659, 591147, 631727]], "lincomb_exact": [0.0, 0.0, 0.0, 0.0, 0.0, 1.0], "lincomb_LLL": [0.0, 0.0, 0.0, 0.0, 0.0, 1.0], "lincomb_cube": [0.3750782012939453, 0.7534542083740234, 1.2326526641845703, -0.5581636428833008, -0.15027809143066406, 1.0], "lincomb_cube_shortest": [1.0, 1.0, 2.0, -1.0, 0.0, 1.0], "exact.norm": 794.8125, "LLL.norm": 794.8125, "shortest_cube.norm": 983.3525390625, "sv_LLL": [302.0, 363.0, -524.0, 328.0, 163.0, 5.0], "sv_exact": [302.0, 363.0, -524.0, 328.0, 163.0, 5.0], "sv_shortst_cube": [762.0, 101.0, 451.0, -181.0, -10.0, 374.0]}, {"B": [[-819, 114, -79, -861, -85, 162], [-734, 534, 780, -787, 367, 949], [-390, -455, 722, -744, 316, 779], [-870, 449, -516, 696, -758, 669], [-317, 176, -476, 626, -124, -37], [-24, 398, 183, -938, 354, -363]], "G": [[1464788, 1400552, 950424, 378032, -217149, 769293], [1400552, 3086971, 2047221, 284809, -617901, 896525], [950424, 2047221, 2140642, -473748, -833873, 487355], [378032, 284809, -473748, 2731298, 1105365, -1058873], [-217149, -617901, -833873, 1105365, 766662, -627105], [769293, 896525, 487355, -1058873, -627105, 1329398]], "lincomb_exact": [-3.0, -3.0, 4.0, 3.0, 1.0, 5.0], "lincomb_LLL": [-3.0, -3.0, 4.0, 3.0, 1.0, 5.0], "lincomb_cube": [-2.3598594665527344, -1.852926254272461, 2.82318115234375, 2.025890350341797, 1.0, 3.6655654907226562], "lincomb_cube_shortest": [-2.0, -2.0, 3.0, 2.0, 1.0, 3.0], "exact.norm": 467.64208984375, "LLL.norm": 467.64208984375, "shortest_cube.norm": 667.916015625, "sv_LLL": [52.0, -251.0, -324.0, -8.0, -210.0, -62.0], "sv_exact": [52.0, -251.0, -324.0, -8.0, -210.0, -62.0], "sv_shortst_cube": [-193.0, -393.0, -195.0, 268.0, -194.0, 327.0]}, {"B": [[-774, 12, -75, -326, 449, 753], [718, 620, 108, 623, -994, -674], [-292, -552, -965, -913, 216, 22], [-734, -901, 355, 728, 411, -696], [327, -577, -951, -327, -621, 45], [-836, -776, -113, -591, 636, -566]], "G": [[1479731, -1713318, 702947, -46198, -327039, 698259], [-1713318, 2742029, -1454447, -533178, 157561, -1712465], [702947, -1454447, 2201902, -222095, 1306140, 1446016], [-46198, -533178, -222095, 2659903, -582353, 1497769], [-327039, 157561, 1306140, -582353, 1838854, 54674], [698259, -1712465, 1446016, 1497769, 54674, 2387974]], "lincomb_exact": [0.0, 0.0, -2.0, -1.0, 1.0, 2.0], "lincomb_LLL": [0.0, 0.0, -2.0, -1.0, 1.0, 2.0], "lincomb_cube": [0.2624387741088867, -0.15258312225341797, -1.4829444885253906, -0.4929361343383789, 1.0, 0.9981050491333008], "lincomb_cube_shortest": [1.0, 0.0, -1.0, 0.0, 1.0, 0.0], "exact.norm": 754.6650390625, "LLL.norm": 754.6650390625, "shortest_cube.norm": 920.9970703125, "sv_LLL": [-27.0, -124.0, 398.0, -411.0, -192.0, -435.0], "sv_exact": [-27.0, -124.0, 398.0, -411.0, -192.0, -435.0], "sv_shortst_cube": [-155.0, -13.0, -61.0, 260.0, -388.0, 776.0]}, {"B": [[984, -952, 485, 70, 414, 886], [326, -452, -414, -460, -369, -827], [-993, -738, 425, 503, -429, 367], [-507, 465, 124, 997, -802, 685], [530, 711, -568, 678, -975, 90], [-258, -406, 900, -740, 781, -566]], "G": [[3071077, -367390, 114355, -536756, -707282, 339198], [-367390, 1513666, -542680, -1155975, 60025, 247097], [114355, -542680, 2283057, 1309925, -500069, 23331], [-536756, -1155975, 1309925, 2595088, 1511039, -1698236], [-707282, 60025, -500069, 1511039, 2527454, -2250741], [339198, 247097, 23331, -1698236, -2250741, 2519317]], "lincomb_exact": [0.0, -2.0, 2.0, -3.0, 3.0, 1.0], "lincomb_LLL": [0.0, -2.0, 2.0, -3.0, 3.0, 1.0], "lincomb_cube": [-0.40666818618774414, -2.8879356384277344, 2.8453750610351562, -4.5596466064453125, 4.134254455566406, 1.0], "lincomb_cube_shortest": [0.0, -2.0, 3.0, -4.0, 4.0, 1.0], "exact.norm": 655.59375, "LLL.norm": 655.59375, "shortest_cube.norm": 1037.6796875, "sv_LLL": [215.0, -240.0, 502.0, 229.0, 142.0, 37.0], "sv_exact": [215.0, -240.0, 502.0, 229.0, 142.0, 37.0], "sv_shortst_cube": [259.0, -732.0, 235.0, 413.0, -460.0, -191.0]}, {"B": [[90, 726, 217, 434, 847, -450], [-420, -861, -687, -531, -355, 498], [636, -600, -384, 884, -755, 556], [238, 972, 876, 624, -286, 557], [955, -146, 4, 856, -297, -956], [-212, 79, 420, 169, -369, 184]], "G": [[1690530, -1567204, -967717, 695108, 530967, -192583], [-1567204, 2045680, 588797, -1491092, -1103331, -134631], [-967717, 588797, 2572569, 309022, 1142847, 186783], [695108, -1491092, 309022, 2550225, 175476, 707730], [530967, -1103331, 1142847, 175476, 2668238, -133961], [-192583, -134631, 186783, 707730, -133961, 426163]], "lincomb_exact": [1.0, 1.0, 0.0, 0.0, 0.0, 1.0], "lincomb_LLL": [1.0, 1.0, 0.0, 0.0, 0.0, 1.0], "lincomb_cube": [-0.15128517150878906, -1.3534069061279297, 0.603999137878418, -1.0547847747802734, -0.6686649322509766, 1.0], "lincomb_cube_shortest": [0.0, -1.0, 1.0, -1.0, -1.0, 1.0], "exact.norm": 611.1767578125, "LLL.norm": 611.1767578125, "shortest_cube.norm": 915.9365234375, "sv_LLL": [-542.0, -56.0, -50.0, 72.0, 123.0, 232.0], "sv_exact": [-542.0, -56.0, -50.0, 72.0, 123.0, 232.0], "sv_shortst_cube": [-349.0, -486.0, -157.0, 104.0, -186.0, 641.0]}, {"B": [[-903, 898, -459, -846, 713, 436], [659, 301, -721, 288, -520, -577], [107, -177, 757, -543, 428, 305], [916, 477, -65, -766, 963, -255], [773, 130, -3, -302, -766, -764], [-974, -757, -293, -860, -590, 846]], "G": [[3246675, -859820, 294492, 854508, -1203672, 1009969], [-859820, 1730996, -1083490, 219853, 1302872, -1087492], [294492, -1083490, 1186885, 714705, -339452, 280460], [854508, 219853, 714705, 2649960, 458767, -1359368], [-1203672, 1302872, -339452, 458767, 1876094, -785117], [1009969, -1087492, 280460, -1359368, -785117, 3410990]], "lincomb_exact": [0.0, -1.0, -1.0, 0.0, 1.0, 0.0], "lincomb_LLL": [0.0, -1.0, -1.0, 0.0, 1.0, 0.0], "lincomb_cube": [-0.23876595497131348, -2.3366432189941406, -2.2174530029296875, 0.7057886123657227, 1.0, 0.01950061321258545], "lincomb_cube_shortest": [0.0, -3.0, -3.0, 1.0, 1.0, 0.0], "exact.norm": 836.751953125, "LLL.norm": 836.751953125, "shortest_cube.norm": 902.125, "sv_LLL": [7.0, 6.0, -39.0, -47.0, -674.0, -492.0], "sv_exact": [7.0, 6.0, -39.0, -47.0, -674.0, -492.0], "sv_shortst_cube": [-609.0, 235.0, -176.0, -303.0, 473.0, -203.0]}, {"B": [[744, 860, -776, -446, -94, -286], [381, -144, -567, -973, 340, -762], [-992, -22, -400, 323, -238, 356], [870, -480, -567, -196, -929, 941], [-368, -614, 544, -24, 234, -316], [-77, -136, 56, -74, -180, -914]], "G": [[2184860, 1219546, -670070, 580088, -1144892, 93624], [1219546, 2130359, -814455, -120115, -16536, 665765], [-670070, -814455, 1432257, -132890, -14976, -249470], [580088, -120115, -132890, 3095727, -843926, -711812], [-1144892, -16536, -14976, -843926, 963544, 390784], [93624, 665765, -249470, -711812, 390784, 900833]], "lincomb_exact": [8.0, -3.0, 2.0, 1.0, 11.0, -2.0], "lincomb_LLL": [8.0, -3.0, 2.0, 1.0, 11.0, -2.0], "lincomb_cube": [7.015022277832031, -2.6972007751464844, 1.631744384765625, 1.0, 9.9188232421875, -1.7964591979980469], "lincomb_cube_shortest": [7.0, -3.0, 1.0, 1.0, 10.0, -2.0], "exact.norm": 539.9296875, "LLL.norm": 539.9296875, "shortest_cube.norm": 829.9169921875, "sv_LLL": [-199.0, 306.0, -2.0, -315.0, -243.0, 3.0], "sv_exact": [-199.0, 306.0, -2.0, -315.0, -243.0, 3.0], "sv_shortst_cube": [417.0, 82.0, 630.0, -168.0, -145.0, 249.0]}, {"B": [[200, -540, 878, 582, -407, 72], [537, -374, 745, 962, 930, -828], [251, 172, -624, -306, 209, 952], [-277, 805, -169, 971, -53, 611], [62, -271, 752, -191, 608, -162], [707, -897, 826, 506, -834, 527]], "G": [[1612041, 1085228, -785163, -7797, 448714, 2022882], [1085228, 3459198, -1282679, -196820, 1210722, 605303], [-785163, -1282679, 1525582, 447858, -469004, -319689], [-7797, -196820, 447858, 2072286, -679084, -199993], [448714, 1210722, -469004, -679084, 1075178, 218981], [2022882, 605303, -319689, -199993, 218981, 3216055]], "lincomb_exact": [-5.0, 0.0, -2.0, 1.0, 1.0, 3.0], "lincomb_LLL": [-5.0, 0.0, -2.0, 1.0, 1.0, 3.0], "lincomb_cube": [-2.7170791625976562, -0.13653135299682617, -1.0727100372314453, 0.6910400390625, 1.0, 1.6029777526855469], "lincomb_cube_shortest": [-3.0, 0.0, -1.0, 1.0, 1.0, 2.0], "exact.norm": 610.7646484375, "LLL.norm": 610.7646484375, "shortest_cube.norm": 673.3525390625, "sv_LLL": [404.0, 199.0, -81.0, 0.0, -330.0, -234.0], "sv_exact": [404.0, 199.0, -81.0, 0.0, -330.0, -234.0], "sv_shortst_cube": [348.0, 188.0, 225.0, 352.0, -101.0, 335.0]}, {"B": [[-920, 984, 825, -319, 52, 372], [-811, 431, 525, 434, -257, 472], [757, -280, 419, -30, 311, -141], [208, 376, 100, 58, 544, -136], [402, 692, -668, -709, 384, -703], [-14, 261, -523, 753, 556, 499]], "G": [[2738130, 1627123, -652995, 220318, -255389, -187438], [1627123, 1596296, -674131, -132960, -1116680, 268708], [-652995, -674131, 944512, 280696, 70479, -222848], [220318, -132960, 280696, 512436, 540390, 321198], [-255389, -1116680, 70479, 540390, 2231038, -146822], [-187438, 268708, -222848, 321198, -146822, 1466992]], "lincomb_exact": [1.0, -1.0, 1.0, -2.0, 0.0, 1.0], "lincomb_LLL": [1.0, -1.0, 1.0, -2.0, 0.0, 1.0], "lincomb_cube": [0.5271873474121094, 0.2603001594543457, 1.4451580047607422, -2.4172630310058594, 0.7962856292724609, 1.0], "lincomb_cube_shortest": [1.0, 0.0, 2.0, -3.0, 1.0, 1.0], "exact.norm": 636.4150390625, "LLL.norm": 636.4150390625, "shortest_cube.norm": 752.0576171875, "sv_LLL": [218.0, -218.0, -4.0, -146.0, 88.0, 530.0], "sv_exact": [218.0, -218.0, -4.0, -146.0, 88.0, 530.0], "sv_shortst_cube": [358.0, 249.0, 172.0, -509.0, -18.0, 294.0]}, {"B": [[755, -953, 516, 531, 999, 227], [-716, 96, 918, 651, -804, -704], [840, -124, -952, -116, -704, -631], [138, -393, -627, 615, -247, 643], [-988, 581, -735, -553, -758, 875], [323, -639, -7, 600, 86, 505]], "G": [[3075981, -775703, -646989, 380960, -2531153, 1368369], [-775703, 2930429, -552556, -565841, -278117, -333102], [-646989, -552556, 2534513, 458371, -156589, -91579], [380960, -565841, 458371, 1419305, 505924, 972563], [-2531153, -278117, -156589, 505924, 3499928, -640351], [1368369, -333102, -91579, 972563, -640351, 1135120]], "lincomb_exact": [3.0, 1.0, 1.0, 0.0, 2.0, -2.0], "lincomb_LLL": [3.0, 1.0, 1.0, 0.0, 2.0, -2.0], "lincomb_cube": [3.30340576171875, 1.0153427124023438, 1.0, 0.7805442810058594, 1.8063945770263672, -3.2533035278320312], "lincomb_cube_shortest": [4.0, 1.0, 1.0, 1.0, 2.0, -4.0], "exact.norm": 579.7783203125, "LLL.norm": 579.7783203125, "shortest_cube.norm": 684.720703125, "sv_LLL": [-233.0, -447.0, 58.0, -178.0, -199.0, 86.0], "sv_exact": [-233.0, -447.0, 58.0, -178.0, -199.0, 86.0], "sv_shortst_cube": [14.0, -515.0, -39.0, -232.0, 381.0, -54.0]}, {"B": [[919, -273, -735, -690, 199, 109], [246, -851, 91, -375, -981, 620], [-895, -641, -526, -970, 23, -829], [463, 363, -222, 913, 618, 250], [781, 727, 752, 897, -357, -154], [-699, -503, -907, -643, 789, 496]], "G": [[1986897, 522623, 322614, 9830, -740211, 816328], [522623, 2280384, 104662, -1008850, -439757, -51802], [322614, 104662, 3117252, -1608942, -2311189, 1655783], [9830, -1008850, -1608942, 1673415, 1018395, -280329], [-740211, -439757, -2311189, 1018395, 2659768, -2528492], [816328, -51802, 1655783, -280329, -2528492, 2846245]], "lincomb_exact": [0.0, -1.0, -2.0, 1.0, -7.0, -5.0], "lincomb_LLL": [0.0, -1.0, -2.0, 1.0, -7.0, -5.0], "lincomb_cube": [0.050500571727752686, -1.465505599975586, -3.0371932983398438, 1.0, -9.750885009765625, -6.838104248046875], "lincomb_cube_shortest": [0.0, -1.0, -3.0, 1.0, -9.0, -6.0], "exact.norm": 242.384033203125, "LLL.norm": 242.384033203125, "shortest_cube.norm": 660.9482421875, "sv_LLL": [35.0, -78.0, 10.0, 164.0, 107.0, -114.0], "sv_exact": [35.0, -78.0, 10.0, 164.0, 107.0, -114.0], "sv_shortst_cube": [67.0, -388.0, -61.0, -17.0, 9.0, 527.0]}, {"B": [[-446, -120, -411, 911, 285, 167], [665, 547, 227, 171, 747, 739], [450, -626, 932, -931, 121, 353], [-148, 365, -841, 830, -156, 466], [-610, -327, -554, -547, -834, -998], [-64, -379, 407, 825, 142, 810]], "G": [[1321272, 36562, -1263337, 1157351, -363679, 834062], [36562, 1926334, 360445, 280100, -2164334, 688255], [-1263337, 360445, 2469011, -1706010, -530077, 122815], [1157351, 280100, -1706010, 1792802, -352135, 568908], [-363679, -2164334, -530077, -352135, 2776714, -1440588], [834062, 688255, 122815, 568908, -1440588, 1670275]], "lincomb_exact": [0.0, -7.0, 1.0, 2.0, -7.0, -4.0], "lincomb_LLL": [0.0, -7.0, 1.0, 2.0, -7.0, -4.0], "lincomb_cube": [0.24200820922851562, -5.399559020996094, 1.0, 1.5874099731445312, -5.450996398925781, -3.211517333984375], "lincomb_cube_shortest": [0.0, -5.0, 1.0, 2.0, -5.0, -3.0], "exact.norm": 247.65087890625, "LLL.norm": 247.65087890625, "shortest_cube.norm": 459.7802734375, "sv_LLL": [25.0, 80.0, -89.0, 61.0, -150.0, -142.0], "sv_exact": [25.0, 80.0, -89.0, 61.0, -150.0, -142.0], "sv_shortst_cube": [71.0, 141.0, -336.0, 134.0, -182.0, 150.0]}, {"B": [[974, 500, -708, 199, 907, -800], [-94, 442, -240, -172, -120, -972], [-7, -189, 834, 413, -885, -112], [9, 683, -81, -94, 76, -756], [964, -804, -406, 172, -96, 706], [-380, 585, 503, 544, 526, -739]], "G": [[3202190, 933896, -1322698, 1062640, 206740, 742794], [933896, 1250568, -139012, 1062360, -1052840, 735190], [-1322698, -139012, 1697664, -218114, -116472, 153527], [1062640, 1062360, -218114, 1059279, -1064770, 902916], [206740, -1052840, -116472, -1064770, 2277784, -1519540], [742794, 735190, 153527, 902916, -1519540, 1858367]], "lincomb_exact": [0.0, -1.0, 0.0, 1.0, 0.0, 0.0], "lincomb_LLL": [0.0, -1.0, 0.0, 1.0, 0.0, 0.0], "lincomb_cube": [-0.6943073272705078, 0.06719350814819336, -0.39344024658203125, 1.0, 0.8940773010253906, 0.5286369323730469], "lincomb_cube_shortest": [-1.0, 0.0, -1.0, 1.0, 1.0, 1.0], "exact.norm": 430.263671875, "LLL.norm": 430.263671875, "shortest_cube.norm": 651.8203125, "sv_LLL": [103.0, 241.0, 159.0, 78.0, 196.0, 216.0], "sv_exact": [103.0, 241.0, 159.0, 78.0, 196.0, 216.0], "sv_shortst_cube": [-374.0, 153.0, -110.0, 10.0, 484.0, 123.0]}, {"B": [[48, 948, -38, 307, -380, -856], [432, -923, -910, 892, -211, 124], [-922, -881, 286, -704, -82, 517], [820, -75, 590, -913, -554, -114], [792, -633, -329, -318, 997, -318], [20, -106, -453, 739, 956, -443]], "G": [[1873837, -571808, -1517832, -26347, -753844, 160487], [-571808, 2722214, -391959, -825073, 692338, 921248], [-1517832, -391959, 2477670, 108017, -288933, -882291], [-26347, -825073, 108017, 2179606, 277053, -1396749], [-753844, 692338, -288933, 277053, 2332451, 1090979], [160487, 921248, -882291, -1396749, 1090979, 1873151]], "lincomb_exact": [1.0, 0.0, 0.0, -2.0, 2.0, -3.0], "lincomb_LLL": [1.0, 0.0, 0.0, -2.0, 2.0, -3.0], "lincomb_cube": [1.0, 0.17466497421264648, 0.40813541412353516, -0.7153472900390625, 0.8888645172119141, -1.0304546356201172], "lincomb_cube_shortest": [1.0, 0.0, 0.0, -1.0, 1.0, -1.0], "exact.norm": 915.6171875, "LLL.norm": 915.6171875, "shortest_cube.norm": 976.48046875, "sv_LLL": [-68.0, 150.0, -517.0, -720.0, -146.0, 65.0], "sv_exact": [-68.0, 150.0, -517.0, -720.0, -146.0, 65.0], "sv_shortst_cube": [0.0, 496.0, -504.0, 163.0, 215.0, -617.0]}, {"B": [[878, -105, 214, -676, 208, 744], [-453, 284, -167, -651, -143, 552], [-835, 86, 93, -37, -357, 429], [978, 108, -613, -42, 763, -832], [856, 360, 307, -333, -24, 42], [-568, -357, 652, 593, -624, -187]], "G": [[1881481, 357728, -452326, 284250, 1030830, -991479], [357728, 1062708, 699094, -851022, -93398, -353003], [-452326, 699094, 1026129, -1492116, -616342, 624818], [284250, -851022, -1492116, 2620074, 648587, -1339170], [1030830, -93398, -616342, 648587, 1069814, -604911], [-991479, -353003, 624818, -1339170, -604911, 1651171]], "lincomb_exact": [-2.0, 1.0, -6.0, -4.0, 0.0, -2.0], "lincomb_LLL": [-2.0, 1.0, -6.0, -4.0, 0.0, -2.0], "lincomb_cube": [-1.2320575714111328, 1.0, -4.5674285888671875, -2.5714797973632812, -0.3750472068786621, -1.0206470489501953], "lincomb_cube_shortest": [-1.0, 1.0, -4.0, -2.0, -1.0, -1.0], "exact.norm": 403.7080078125, "LLL.norm": 403.7080078125, "shortest_cube.norm": 609.1865234375, "sv_LLL": [25.0, 260.0, -5.0, -95.0, -221.0, 192.0], "sv_exact": [25.0, 260.0, -5.0, -95.0, -221.0, 192.0], "sv_shortst_cube": [-235.0, -174.0, -486.0, -3.0, 199.0, -99.0]}, {"B": [[173, -614, 9, 569, 281, -319], [-362, 714, -79, -311, 329, 144], [28, 450, 134, 22, -971, 381], [402, 472, 95, 694, 324, 158], [742, -860, -723, 388, -475, 748], [997, 131, 533, 386, 2, -69]], "G": [[911489, -632179, -652122, 216121, 498584, 339051], [-632179, 872779, 29141, 97493, -994758, -438811], [-652122, 29141, 1309726, -2752, 291643, 138549], [216121, 97493, -2752, 1004989, 57235, 770891], [498584, -994758, 291643, 57235, 2748566, 338961], [339051, -438811, 138549, 770891, 338961, 1449020]], "lincomb_exact": [5.0, 6.0, 2.0, -3.0, 1.0, 2.0], "lincomb_LLL": [5.0, 6.0, 2.0, -3.0, 1.0, 2.0], "lincomb_cube": [6.3427886962890625, 7.235801696777344, 2.523681640625, -3.8753089904785156, 1.0, 2.2935829162597656], "lincomb_cube_shortest": [7.0, 8.0, 3.0, -4.0, 1.0, 2.0], "exact.norm": 369.56201171875, "LLL.norm": 369.56201171875, "shortest_cube.norm": 594.8232421875, "sv_LLL": [279.0, 100.0, -103.0, 101.0, -6.0, 167.0], "sv_exact": [279.0, 100.0, -103.0, 101.0, -6.0, 167.0], "sv_shortst_cube": [-473.0, 278.0, -204.0, -55.0, -81.0, 40.0]}, {"B": [[620, 792, 968, -80, 177, 664], [537, 726, -50, 701, -488, -829], [-585, -306, -839, -390, -928, -681], [-899, 83, 613, -445, -768, 681], [-445, 498, 665, 927, 844, 633], [743, -803, 617, -508, -775, -952]], "G": [[2427313, 166620, -2002444, 453588, 1257776, -306723], [166620, 2234731, 249672, -954865, -197469, 596463], [-2002444, 249672, 2616827, 408703, -2025833, 859032], [453588, -954865, 408703, 2442469, 219400, -183437], [1257776, -197469, -2025833, 219400, 2860608, -2047856], [-306723, 596463, 859032, -183437, -2047856, 3342540]], "lincomb_exact": [2.0, -1.0, 3.0, -1.0, 2.0, 1.0], "lincomb_LLL": [2.0, -1.0, 3.0, -1.0, 2.0, 1.0], "lincomb_cube": [2.6272735595703125, -1.5034465789794922, 4.0130767822265625, -1.8916187286376953, 2.443988800048828, 1.0], "lincomb_cube_shortest": [3.0, -2.0, 5.0, -2.0, 3.0, 1.0], "exact.norm": 962.8291015625, "LLL.norm": 962.8291015625, "shortest_cube.norm": 1074.064453125, "sv_LLL": [-300.0, 50.0, 803.0, -240.0, -261.0, -253.0], "sv_exact": [-300.0, 50.0, 803.0, -240.0, -261.0, -253.0], "sv_shortst_cube": [-933.0, -81.0, 195.0, -429.0, 160.0, -170.0]}, {"B": [[726, -647, -577, 73, -655, -388], [249, 559, 813, 602, 675, -802], [-555, -406, -278, -651, -721, 591], [656, 526, -588, -732, -836, 260], [229, 243, 703, 811, -282, -834], [-128, 132, 350, -208, -858, -561]], "G": [[1863512, -737003, 215582, 868474, 170907, 384192], [-737003, 2496684, -1943722, -1234150, 1731137, 72022], [215582, -1943722, 1843068, 818776, -1238720, 342623], [868474, -1234150, 818776, 2355076, -710062, 503348], [170907, 1731137, -1238720, -710062, 2038500, 789956], [384192, 72022, 342623, 503348, 789956, 1250457]], "lincomb_exact": [0.0, 0.0, -1.0, 0.0, -1.0, 1.0], "lincomb_LLL": [0.0, 0.0, -1.0, 0.0, -1.0, 1.0], "lincomb_cube": [-0.3996553421020508, -1.4079151153564453, -1.680124282836914, -0.30626392364501953, -0.286008358001709, 1.0], "lincomb_cube_shortest": [-1.0, -2.0, -2.0, 0.0, 0.0, 1.0], "exact.norm": 624.041015625, "LLL.norm": 624.041015625, "shortest_cube.norm": 640.7431640625, "sv_LLL": [198.0, 295.0, -75.0, -368.0, 145.0, -318.0], "sv_exact": [198.0, 295.0, -75.0, -368.0, 145.0, -318.0], "sv_shortst_cube": [-242.0, 473.0, -143.0, -183.0, -111.0, 249.0]}, {"B": [[117, -519, 575, -592, -891, -923], [759, 681, 397, -638, 779, 707], [516, 724, 440, -291, 394, 639], [-779, -425, 429, 424, -143, -755], [553, -592, 1000, -413, 806, 543], [-929, 579, 824, 56, -17, -781]], "G": [[2609949, -1005315, -830963, 949377, -27890, 767464], [-1005315, 2711185, 2003725, -1626067, 1688844, -584822], [-830963, 2003725, 1632270, -1183075, 1081464, -219661], [949377, -1626067, -1183075, 1741757, -450522, 1446942], [-27890, 1688844, 1081464, -450522, 2771327, -493418], [767464, -584822, -219661, 1446942, -493418, 2490644]], "lincomb_exact": [0.0, -1.0, 1.0, 0.0, 0.0, 0.0], "lincomb_LLL": [0.0, -1.0, 1.0, 0.0, 0.0, 0.0], "lincomb_cube": [0.1397559642791748, 0.21961641311645508, 1.0, 1.3261356353759766, -0.4426422119140625, -0.7614126205444336], "lincomb_cube_shortest": [0.0, 1.0, 1.0, 2.0, -1.0, -1.0], "exact.norm": 579.6591796875, "LLL.norm": 579.6591796875, "shortest_cube.norm": 662.69921875, "sv_LLL": [-243.0, 43.0, 43.0, 347.0, -385.0, -68.0], "sv_exact": [-243.0, 43.0, 43.0, 347.0, -385.0, -68.0], "sv_shortst_cube": [93.0, 568.0, -129.0, 276.0, 98.0, 74.0]}, {"B": [[406, -933, -548, 857, -411, -177], [-215, -301, 730, 10, -265, 761], [-204, -420, -440, -645, -695, -111], [271, -909, 886, 737, 701, -518], [30, 402, 683, 607, 345, -222], [-121, 856, -760, -406, 289, -836]], "G": [[2270328, -223709, 302683, 907779, -319472, -750043], [-223709, 1319172, -57666, 289531, 116841, -1503282], [302683, -57666, 1322987, -968406, -1082128, 153375], [907779, 289531, -968406, 2987612, 1052050, -1147840], [-319472, 116841, -1082128, 1052050, 1165751, -139743], [-750043, -1503282, 153375, -1147840, -139743, 2272230]], "lincomb_exact": [0.0, 0.0, 1.0, 0.0, 1.0, 0.0], "lincomb_LLL": [0.0, 0.0, 1.0, 0.0, 1.0, 0.0], "lincomb_cube": [-0.5398731231689453, -1.927398681640625, 0.7683448791503906, -0.38085365295410156, 1.0, -1.6361064910888672], "lincomb_cube_shortest": [0.0, -1.0, 1.0, 0.0, 1.0, -1.0], "exact.norm": 569.6328125, "LLL.norm": 569.6328125, "shortest_cube.norm": 873.90234375, "sv_LLL": [-174.0, -18.0, 243.0, -38.0, -350.0, -333.0], "sv_exact": [-174.0, -18.0, 243.0, -38.0, -350.0, -333.0], "sv_shortst_cube": [162.0, -573.0, 273.0, 358.0, -374.0, -258.0]}, {"B": [[-592, 443, 968, 191, -689, -894], [932, -448, 371, 801, -186, -395], [-980, 187, -568, -950, -963, 422], [271, -739, 622, -168, 147, -591], [-427, 542, -409, -951, -228, 181], [-801, -41, -49, 193, 342, 417]], "G": [[2794175, 243195, 217966, 509270, -89385, -162976], [243195, 2039191, -1956386, 885941, -1583357, -820077], [217966, -1956386, 3325946, -988432, 1951522, 468423], [509270, 885941, -988432, 1405560, -751372, -445847], [-89385, -1583357, 1951522, -751372, 1632520, 153804], [-162976, -820077, 468423, -445847, 153804, 973785]], "lincomb_exact": [0.0, 6.0, -1.0, 1.0, 7.0, 5.0], "lincomb_LLL": [0.0, 6.0, -1.0, 1.0, 7.0, 5.0], "lincomb_cube": [-0.13293123245239258, 7.5946044921875, -1.1004257202148438, 1.0, 8.568344116210938, 6.0074462890625], "lincomb_cube_shortest": [0.0, 8.0, -1.0, 1.0, 9.0, 6.0], "exact.norm": 376.4716796875, "LLL.norm": 376.4716796875, "shortest_cube.norm": 490.82177734375, "sv_LLL": [-151.0, -25.0, 308.0, -104.0, 108.0, -31.0], "sv_exact": [-151.0, -25.0, 308.0, -104.0, 108.0, -31.0], "sv_shortst_cube": [58.0, 122.0, 183.0, -211.0, -378.0, -42.0]}, {"B": [[-149, 736, -258, 206, -386, 322], [-209, 479, 175, -126, -474, -564], [179, 868, 451, 641, -521, 325], [313, 966, 548, 685, 803, 874], [155, -177, 424, 649, -994, -459], [102, 369, 183, 959, -582, -621]], "G": [[925577, 313935, 933621, 635535, 106821, 431416], [313935, 862395, 440174, -466671, 605280, 692736], [933621, 440174, 1776813, 1446435, 850041, 1137199], [635535, -466671, 1446435, 3209339, -644898, 135479], [106821, 605280, 850041, -644898, 1855048, 1514027], [431416, 692736, 1137199, 135479, 1514027, 1824100]], "lincomb_exact": [-2.0, -1.0, 4.0, -2.0, -3.0, 1.0], "lincomb_LLL": [-2.0, -1.0, 4.0, -2.0, -3.0, 1.0], "lincomb_cube": [-1.6362953186035156, -0.8808126449584961, 2.7593727111816406, -1.5387935638427734, -2.233928680419922, 1.0], "lincomb_cube_shortest": [-1.0, -1.0, 2.0, -1.0, -2.0, 1.0], "exact.norm": 596.4873046875, "LLL.norm": 596.4873046875, "shortest_cube.norm": 689.5234375, "sv_LLL": [234.0, 489.0, -40.0, -80.0, -44.0, 228.0], "sv_exact": [234.0, 489.0, -40.0, -80.0, -44.0, 228.0], "sv_shortst_cube": [195.0, 278.0, -228.0, 178.0, 421.0, 315.0]}, {"B": [[849, 94, 102, -171, 581, -266], [358, -695, 929, -632, 424, 550], [779, 262, -934, -148, 856, -598], [-62, -806, 639, -238, 7, -634], [622, -760, 29, -270, 71, -899], [-287, 791, -802, -681, -906, 272]], "G": [[1177599, 541486, 1272443, 150185, 786151, -733400], [541486, 2355930, -643314, 936289, 484111, -1201701], [1272443, -643314, 2660085, -435948, 896670, -104667], [150185, 936289, -435948, 1520450, 1227250, -1148942], [786151, 484111, 896670, 1227250, 1851467, -927916], [-733400, -1201701, -104667, -1148942, -927916, 2709835]], "lincomb_exact": [1.0, 0.0, -1.0, -1.0, 1.0, 0.0], "lincomb_LLL": [1.0, 0.0, -1.0, -1.0, 1.0, 0.0], "lincomb_cube": [-0.3266916275024414, 0.12221145629882812, -0.331453800201416, -1.0623226165771484, 1.0, -0.15501189231872559], "lincomb_cube_shortest": [-1.0, 0.0, 0.0, -1.0, 1.0, 0.0], "exact.norm": 903.8310546875, "LLL.norm": 903.8310546875, "shortest_cube.norm": 907.240234375, "sv_LLL": [754.0, -122.0, 426.0, -55.0, -211.0, 67.0], "sv_exact": [754.0, -122.0, 426.0, -55.0, -211.0, 67.0], "sv_shortst_cube": [-165.0, -48.0, -712.0, 139.0, -517.0, 1.0]}, {"B": [[-729, -784, -969, -232, 776, 705], [327, 875, -298, 344, -531, -346], [246, -404, 179, -137, 549, -35], [439, 787, 655, -771, -324, 218], [71, 568, -643, 506, 841, 159], [-660, 238, 493, 701, 708, -819]], "G": [[3238083, -1371415, 397084, -1490596, 773315, -373788], [-1371415, 1481371, -652937, 468380, 384310, -5914], [397084, -652937, 577168, 