[{"B": [[142, -78, 818, -981], [147, -595, -220, 674], [485, 469, 36, 331], [-50, -833, -540, -469]], "G": [[1657733, -773870, -262975, 76243], [-773870, 878310, 7414, 290979], [-262975, 7414, 566043, -589606], [76243, 290979, -589606, 1207950]], "lincomb_exact": [0.0, 0.0, 1.0, 0.0], "lincomb_LLL": [0.0, 0.0, 1.0, 0.0], "lincomb_cube": [0.09045839309692383, -0.09623384475708008, 1.0, 0.5055761337280273], "lincomb_cube_shortest": [0.0, 0.0, 1.0, 0.0], "exact.norm": 752.3583984375, "LLL.norm": 752.3583984375, "shortest_cube.norm": 752.3583984375, "sv_LLL": [485.0, 469.0, 36.0, 331.0], "sv_exact": [485.0, 469.0, 36.0, 331.0], "sv_shortst_cube": [485.0, 469.0, 36.0, 331.0]}, {"B": [[364, 409, -985, 36], [-215, -554, -901, -970], [-862, -694, 784, 66], [-219, 589, 159, -328]], "G": [[1271298, 547719, -1367478, -7238], [547719, 2105842, -200598, -104320], [-1367478, -200598, 1843692, -116980], [-7238, -104320, -116980, 527747]], "lincomb_exact": [1.0, 0.0, 1.0, 0.0], "lincomb_LLL": [1.0, 0.0, 1.0, 0.0], "lincomb_cube": [1.16168212890625, -0.19704937934875488, 1.0, 0.1986408233642578], "lincomb_cube_shortest": [1.0, 0.0, 1.0, 0.0], "exact.norm": 616.46875, "LLL.norm": 616.46875, "shortest_cube.norm": 616.46875, "sv_LLL": [-498.0, -285.0, -201.0, 102.0], "sv_exact": [-498.0, -285.0, -201.0, 102.0], "sv_shortst_cube": [-498.0, -285.0, -201.0, 102.0]}, {"B": [[241, -138, -597, -727], [900, -315, 920, 43], [-907, -60, 381, -35], [792, 318, -949, -287]], "G": [[962063, -320131, -412319, 922190], [-320131, 1757474, -448385, -272791], [-412319, -448385, 972635, -1088948], [922190, -272791, -1088948, 1711358]], "lincomb_exact": [-1.0, 0.0, 1.0, 1.0], "lincomb_LLL": [-1.0, 0.0, 1.0, 1.0], "lincomb_cube": [-0.3320121765136719, 0.39038753509521484, 1.1588077545166016, 1.0], "lincomb_cube_shortest": [-1.0, 0.0, 1.0, 1.0], "exact.norm": 669.640625, "LLL.norm": 669.640625, "shortest_cube.norm": 669.640625, "sv_LLL": [-356.0, 396.0, 29.0, 405.0], "sv_exact": [-356.0, 396.0, 29.0, 405.0], "sv_shortst_cube": [-356.0, 396.0, 29.0, 405.0]}, {"B": [[704, 553, -39, 1], [-866, -808, 225, -853], [190, 709, 641, 10], [429, -162, 163, 586]], "G": [[802947, -1066116, 500848, 206659], [-1066116, 2181054, -601717, -703801], [500848, -601717, 949762, 76995], [206659, -703801, 76995, 580250]], "lincomb_exact": [1.0, 1.0, 0.0, 1.0], "lincomb_LLL": [1.0, 1.0, 0.0, 1.0], "lincomb_cube": [0.4683723449707031, 0.5587949752807617, 0.025962471961975098, 1.0], "lincomb_cube_shortest": [1.0, 1.0, 0.0, 1.0], "exact.norm": 661.615234375, "LLL.norm": 661.615234375, "shortest_cube.norm": 661.615234375, "sv_LLL": [267.0, -417.0, 349.0, -266.0], "sv_exact": [267.0, -417.0, 349.0, -266.0], "sv_shortst_cube": [267.0, -417.0, 349.0, -266.0]}, {"B": [[-46, 701, 313, 880], [-50, -738, 836, -895], [-361, 518, 618, -477], [575, 907, 670, -245]], "G": [[1365886, -1040970, 153398, 603467], [-1040970, 2047065, 579329, 81279], [153398, 579329, 1008098, 793176], [603467, 81279, 793176, 1662199]], "lincomb_exact": [-1.0, -1.0, 1.0, 0.0], "lincomb_LLL": [-1.0, -1.0, 1.0, 0.0], "lincomb_cube": [-0.2537064552307129, -0.39750146865844727, 1.0, -0.36563825607299805], "lincomb_cube_shortest": [-1.0, -1.0, 1.0, 0.0], "exact.norm": 934.6953125, "LLL.norm": 934.6953125, "shortest_cube.norm": 934.6953125, "sv_LLL": [-265.0, 555.0, -531.0, -462.0], "sv_exact": [-265.0, 555.0, -531.0, -462.0], "sv_shortst_cube": [-265.0, 555.0, -531.0, -462.0]}, {"B": [[603, 751, -533, 101], [933, 231, 823, -10], [289, 515, -405, 420], [533, -60, 554, 331]], "G": [[1221900, 296411, 819317, 14488], [296411, 1601279, 51087, 936061], [819317, 51087, 689171, 37787], [14488, 936061, 37787, 704166]], "lincomb_exact": [1.0, -1.0, -1.0, 1.0], "lincomb_LLL": [1.0, -1.0, -1.0, 1.0], "lincomb_cube": [0.7889499664306641, -0.7005958557128906, -0.9408349990844727, 1.0], "lincomb_cube_shortest": [1.0, -1.0, -1.0, 1.0], "exact.norm": 410.50439453125, "LLL.norm": 410.50439453125, "shortest_cube.norm": 410.50439453125, "sv_LLL": [-86.0, -55.0, -397.0, 22.0], "sv_exact": [-86.0, -55.0, -397.0, 22.0], "sv_shortst_cube": [-86.0, -55.0, -397.0, 22.0]}, {"B": [[136, -11, 893, 948], [-330, -354, 839, 865], [-331, -932, 997, 364], [-259, -836, 741, -748]], "G": [[1714770, 1528261, 1200629, -73419], [1528261, 1686362, 1590501, 356093], [1200629, 1590501, 2104690, 1331386], [-73419, 356093, 1331386, 1874562]], "lincomb_exact": [-1.0, 1.0, 0.0, 0.0], "lincomb_LLL": [-1.0, 1.0, 0.0, 0.0], "lincomb_cube": [-0.2696690559387207, 1.0, -0.8625364303588867, 0.41208410263061523], "lincomb_cube_shortest": [-1.0, 1.0, 0.0, 0.0], "exact.norm": 587.03515625, "LLL.norm": 587.03515625, "shortest_cube.norm": 587.03515625, "sv_LLL": [-466.0, -343.0, -54.0, -83.0], "sv_exact": [-466.0, -343.0, -54.0, -83.0], "sv_shortst_cube": [-466.0, -343.0, -54.0, -83.0]}, {"B": [[342, 487, 342, -343], [-655, -94, -843, -440], [-836, 107, 795, -404], [940, -326, 762, -111]], "G": [[588746, -407174, 176659, 461395], [-407174, 1342110, 45097, -1178582], [176659, 45097, 1505586, -170088], [461395, -1178582, -170088, 1582841]], "lincomb_exact": [0.0, 1.0, 0.0, 1.0], "lincomb_LLL": [0.0, 1.0, 0.0, 1.0], "lincomb_cube": [-0.2728133201599121, 0.7913141250610352, 0.12127971649169922, 1.0], "lincomb_cube_shortest": [0.0, 1.0, 0.0, 1.0], "exact.norm": 753.5166015625, "LLL.norm": 753.5166015625, "shortest_cube.norm": 753.5166015625, "sv_LLL": [285.0, -420.0, -81.0, -551.0], "sv_exact": [285.0, -420.0, -81.0, -551.0], "sv_shortst_cube": [285.0, -420.0, -81.0, -551.0]}, {"B": [[564, -9, -87, -853], [-295, -244, 258, 674], [106, -311, -189, 63], [592, 38, -944, 119]], "G": [[1053355, -761552, 25287, 314167], [-761552, 667401, 38314, -347258], [25287, 38314, 147647, 236847], [314167, -347258, 236847, 1257205]], "lincomb_exact": [0.0, 0.0, 1.0, 0.0], "lincomb_LLL": [0.0, 0.0, 1.0, 0.0], "lincomb_cube": [-0.49735164642333984, -0.7687625885009766, 1.0, -0.27645015716552734], "lincomb_cube_shortest": [0.0, 0.0, 1.0, 0.0], "exact.norm": 384.24853515625, "LLL.norm": 384.24853515625, "shortest_cube.norm": 384.24853515625, "sv_LLL": [106.0, -311.0, -189.0, 63.0], "sv_exact": [106.0, -311.0, -189.0, 63.0], "sv_shortst_cube": [106.0, -311.0, -189.0, 63.0]}, {"B": [[341, -154, 643, 35], [-445, 662, -517, 822], [-806, -316, -384, 462], [-855, 594, -181, -253]], "G": [[554671, -557354, -456924, -508269], [-557354, 1579242, 727770, 659314], [-456924, 727770, 1110392, 454044], [-508269, 659314, 454044, 1180631]], "lincomb_exact": [1.0, 0.0, 0.0, 0.0], "lincomb_LLL": [1.0, 0.0, 0.0, 0.0], "lincomb_cube": [1.0, 0.14527082443237305, 0.2057819366455078, 0.27024173736572266], "lincomb_cube_shortest": [1.0, 0.0, 0.0, 0.0], "exact.norm": 744.7626953125, "LLL.norm": 744.7626953125, "shortest_cube.norm": 744.7626953125, "sv_LLL": [341.0, -154.0, 643.0, 35.0], "sv_exact": [341.0, -154.0, 643.0, 35.0], "sv_shortst_cube": [341.0, -154.0, 643.0, 35.0]}, {"B": [[643, 449, -215, -785], [-135, 580, -928, -857], [-448, -48, 75, -892], [-38, -814, 986, -238]], "G": [[1277500, 1045880, 374479, -415080], [1045880, 1950258, 727484, -1178032], [374479, 727484, 1004297, 342342], [-415080, -1178032, 342342, 1692880]], "lincomb_exact": [0.0, 1.0, -1.0, 1.0], "lincomb_LLL": [0.0, 1.0, -1.0, 1.0], "lincomb_cube": [-0.3258066177368164, 1.1792335510253906, -1.0735950469970703, 1.0], "lincomb_cube_shortest": [0.0, 1.0, -1.0, 1.0], "exact.norm": 389.51123046875, "LLL.norm": 389.51123046875, "shortest_cube.norm": 389.51123046875, "sv_LLL": [275.0, -186.0, -17.0, -203.0], "sv_exact": [275.0, -186.0, -17.0, -203.0], "sv_shortst_cube": [275.0, -186.0, -17.0, -203.0]}, {"B": [[-753, -493, 447, -585], [-958, 663, -190, 618], [-965, -373, 480, -782], [315, 558, -461, -33]], "G": [[1352092, -51945, 1582564, -699051], [-51945, 1775357, 102695, 135380], [1582564, 102695, 1912278, -707583], [-699051, 135380, -707583, 624199]], "lincomb_exact": [3.0, 0.0, -2.0, 1.0], "lincomb_LLL": [3.0, 0.0, -2.0, 1.0], "lincomb_cube": [3.1465415954589844, 0.14548611640930176, -2.241809844970703, 1.0], "lincomb_cube_shortest": [3.0, 0.0, -2.0, 1.0], "exact.norm": 295.6298828125, "LLL.norm": 295.6298828125, "shortest_cube.norm": 295.6298828125, "sv_LLL": [-14.0, -175.0, -80.0, -224.0], "sv_exact": [-14.0, -175.0, -80.0, -224.0], "sv_shortst_cube": [-14.0, -175.0, -80.0, -224.0]}, {"B": [[40, -306, 811, -109], [-517, -495, 497, 977], [-506, 745, 298, 825], [-10, 413, -452, -414]], "G": [[764838, 427364, -96457, -448224], [427364, 1713852, 846958, -828387], [-96457, 846958, 1580490, -163501], [-448224, -828387, -163501, 546369]], "lincomb_exact": [1.0, 1.0, 0.0, 2.0], "lincomb_LLL": [1.0, 1.0, 0.0, 2.0], "lincomb_cube": [0.44707441329956055, 1.0, -0.3238348960876465, 1.7860260009765625], "lincomb_cube_shortest": [1.0, 1.0, 0.0, 2.0], "exact.norm": 642.22265625, "LLL.norm": 642.22265625, "shortest_cube.norm": 642.22265625, "sv_LLL": [-497.0, 25.0, 404.0, 40.0], "sv_exact": [-497.0, 25.0, 404.0, 40.0], "sv_shortst_cube": [-497.0, 25.0, 404.0, 40.0]}, {"B": [[37, -832, 809, 881], [575, 390, 625, -687], [-681, 936, 329, 510], [-110, -103, -101, -391]], "G": [[2124235, -402827, -88478, -344554], [-402827, 1345319, -171280, 102072], [-88478, -171280, 1708198, -254137], [-344554, 102072, -254137, 185791]], "lincomb_exact": [0.0, 0.0, 0.0, 1.0], "lincomb_LLL": [0.0, 0.0, 0.0, 1.0], "lincomb_cube": [0.16765570640563965, -0.005696803331375122, 0.15688753128051758, 1.0], "lincomb_cube_shortest": [0.0, 0.0, 0.0, 1.0], "exact.norm": 431.03466796875, "LLL.norm": 431.03466796875, "shortest_cube.norm": 431.03466796875, "sv_LLL": [-110.0, -103.0, -101.0, -391.0], "sv_exact": [-110.0, -103.0, -101.0, -391.0], "sv_shortst_cube": [-110.0, -103.0, -101.0, -391.0]}, {"B": [[-449, 122, 871, -75], [-534, -790, 249, -43], [552, 603, -891, -16], [-536, 539, -624, 471]], "G": [[980751, 363490, -949143, -272407], [363490, 973106, -992309, -315215], [-949143, -992309, 1462450, 577593], [-272407, -315215, 577593, 1189034]], "lincomb_exact": [1.0, 1.0, 1.0, 0.0], "lincomb_LLL": [1.0, 1.0, 1.0, 0.0], "lincomb_cube": [0.6586294174194336, 0.7277297973632812, 1.0, -0.1419525146484375], "lincomb_cube_shortest": [1.0, 1.0, 1.0, 0.0], "exact.norm": 510.27734375, "LLL.norm": 510.27734375, "shortest_cube.norm": 510.27734375, "sv_LLL": [-431.0, -65.0, 229.0, -134.0], "sv_exact": [-431.0, -65.0, 229.0, -134.0], "sv_shortst_cube": [-431.0, -65.0, 229.0, -134.0]}, {"B": [[262, -217, 32, -889], [-611, 722, 857, -563], [94, 212, 878, 742], [-953, -929, -282, -407]], "G": [[907078, 211175, -652918, 304706], [211175, 1946023, 430330, -100988], [-652918, 430330, 1375228, -836120], [304706, -100988, -836120, 2016423]], "lincomb_exact": [1.0, 0.0, 0.0, 0.0], "lincomb_LLL": [1.0, 0.0, 0.0, 0.0], "lincomb_cube": [1.0, -0.23704075813293457, 0.6014909744262695, 0.08642756938934326], "lincomb_cube_shortest": [1.0, 0.0, 0.0, 0.0], "exact.norm": 952.40625, "LLL.norm": 952.40625, "shortest_cube.norm": 952.40625, "sv_LLL": [262.0, -217.0, 32.0, -889.0], "sv_exact": [262.0, -217.0, 32.0, -889.0], "sv_shortst_cube": [262.0, -217.0, 32.0, -889.0]}, {"B": [[-566, -631, -16, -342], [745, 426, 426, -411], [2, 592, -296, -591], [-59, 204, -50, -477]], "G": [[835737, -556730, -167826, 68604], [-556730, 1086898, 370487, 217696], [-167826, 370487, 787365, 417357], [68604, 217696, 417357, 275126]], "lincomb_exact": [2.0, 1.0, 3.0, -6.0], "lincomb_LLL": [2.0, 1.0, 3.0, -6.0], "lincomb_cube": [1.5914478302001953, 1.0, 2.544330596923828, -5.047760009765625], "lincomb_cube_shortest": [2.0, 1.0, 3.0, -6.0], "exact.norm": 345.04638671875, "LLL.norm": 345.04638671875, "shortest_cube.norm": 345.04638671875, "sv_LLL": [-27.0, -284.0, -194.0, -6.0], "sv_exact": [-27.0, -284.0, -194.0, -6.0], "sv_shortst_cube": [-27.0, -284.0, -194.0, -6.0]}, {"B": [[-93, 107, -682, -785], [486, -504, 626, -577], [927, 153, 489, 27], [-135, -184, -934, -230]], "G": [[1101447, -73113, -424533, 810405], [-73113, 1215017, 663945, -424848], [-424533, 663945, 1122588, -616233], [810405, -424848, -616233, 977337]], "lincomb_exact": [-1.0, 0.0, 0.0, 1.0], "lincomb_LLL": [-1.0, 0.0, 0.0, 1.0], "lincomb_cube": [-0.654301643371582, 0.21503543853759766, 0.17431902885437012, 1.0], "lincomb_cube_shortest": [-1.0, 0.0, 0.0, 1.0], "exact.norm": 676.73828125, "LLL.norm": 676.73828125, "shortest_cube.norm": 676.73828125, "sv_LLL": [-42.0, -291.0, -252.0, 555.0], "sv_exact": [-42.0, -291.0, -252.0, 555.0], "sv_shortst_cube": [-42.0, -291.0, -252.0, 555.0]}, {"B": [[-4, -642, 837, 798], [659, -975, 934, 379], [-911, -382, -836, 115], [-146, 163, -752, 441]], "G": [[1749553, 1707514, -359074, -381568], [1707514, 2400903, -965138, -790368], [-359074, -965138, 1687966, 750127], [-381568, -790368, 750127, 807870]], "lincomb_exact": [-1.0, 1.0, 0.0, 1.0], "lincomb_LLL": [-1.0, 1.0, 0.0, 1.0], "lincomb_cube": [-0.1582791805267334, 0.32407331466674805, -0.2927699089050293, 1.0], "lincomb_cube_shortest": [-1.0, 1.0, 0.0, 1.0], "exact.norm": 851.87890625, "LLL.norm": 851.87890625, "shortest_cube.norm": 851.87890625, "sv_LLL": [517.0, -170.0, -655.0, 22.0], "sv_exact": [517.0, -170.0, -655.0, 22.0], "sv_shortst_cube": [517.0, -170.0, -655.0, 22.0]}, {"B": [[374, -216, 738, 178], [-446, -975, 968, -481], [-384, 254, -288, 868], [-959, 823, 849, -241]], "G": [[762860, 672562, -256520, 47230], [672562, 2317926, -772678, 563042], [-256520, -772678, 1048340, 123598], [47230, 563042, 123598, 2375892]], "lincomb_exact": [1.0, 0.0, 0.0, 0.0], "lincomb_LLL": [1.0, 0.0, 0.0, 0.0], "lincomb_cube": [1.0, -0.2948112487792969, 0.021640539169311523, 0.04886019229888916], "lincomb_cube_shortest": [1.0, 0.0, 0.0, 0.0], "exact.norm": 873.4189453125, "LLL.norm": 873.4189453125, "shortest_cube.norm": 873.4189453125, "sv_LLL": [374.0, -216.0, 738.0, 178.0], "sv_exact": [374.0, -216.0, 738.0, 178.0], "sv_shortst_cube": [374.0, -216.0, 738.0, 178.0]}, {"B": [[-939, -317, -383, 969], [-472, -971, 424, 958], [-827, 519, 450, -8], [-123, 545, 307, -295]], "G": [[2067860, 1516925, 431928, -460704], [1516925, 2263165, 69531, -623581], [431928, 69531, 1155854, 525086], [-460704, -623581, 525086, 493428]], "lincomb_exact": [1.0, 0.0, -2.0, 3.0], "lincomb_LLL": [1.0, 0.0, -2.0, 3.0], "lincomb_cube": [1.0, 0.3437004089355469, -1.9665145874023438, 3.460723876953125], "lincomb_cube_shortest": [1.0, 0.0, -2.0, 3.0], "exact.norm": 582.3740234375, "LLL.norm": 582.3740234375, "shortest_cube.norm": 582.3740234375, "sv_LLL": [346.0, 280.0, -362.0, 100.0], "sv_exact": [346.0, 280.0, -362.0, 100.0], "sv_shortst_cube": [346.0, 280.0, -362.0, 100.0]}, {"B": [[188, 365, 951, 780], [657, 490, 995, 516], [95, 304, 754, 511], [975, 797, -570, 888]], "G": [[1681370, 1651091, 1244454, 624775], [1651091, 1928030, 1225281, 922163], [1244454, 1225281, 931078, 358901], [624775, 922163, 358901, 2699278]], "lincomb_exact": [-1.0, 0.0, 1.0, 0.0], "lincomb_LLL": [-1.0, 0.0, 1.0, 0.0], "lincomb_cube": [-0.6992387771606445, -0.06039083003997803, 1.0, 0.04951554536819458], "lincomb_cube_shortest": [-1.0, 0.0, 1.0, 0.0], "exact.norm": 351.482421875, "LLL.norm": 351.482421875, "shortest_cube.norm": 351.482421875, "sv_LLL": [-93.0, -61.0, -197.0, -269.0], "sv_exact": [-93.0, -61.0, -197.0, -269.0], "sv_shortst_cube": [-93.0, -61.0, -197.0, -269.0]}, {"B": [[-101, -876, -297, 308], [-521, 787, -716, 426], [256, -506, 733, -699], [760, -574, 467, -364]], "G": [[960650, -292931, -15593, 175253], [-292931, 1584942, -1354200, -1337134], [-15593, -1354200, 1347462, 1081751], [175253, -1337134, 1081751, 1257661]], "lincomb_exact": [0.0, 1.0, 0.0, 1.0], "lincomb_LLL": [0.0, 1.0, 0.0, 1.0], "lincomb_cube": [0.2926826477050781, 1.5193805694580078, 0.7275590896606445, 1.0], "lincomb_cube_shortest": [0.0, 1.0, 0.0, 1.0], "exact.norm": 410.28662109375, "LLL.norm": 410.28662109375, "shortest_cube.norm": 410.28662109375, "sv_LLL": [239.0, 213.0, -249.0, 62.0], "sv_exact": [239.0, 213.0, -249.0, 62.0], "sv_shortst_cube": [239.0, 213.0, -249.0, 62.0]}, {"B": [[-422, 370, -36, -264], [-651, 613, 104, 437], [-627, 718, 28, -318], [-33, 854, 333, 909]], "G": [[385976, 382420, 613198, 77942], [382420, 1001355, 712257, 976850], [613198, 712257, 1010561, 354125], [77942, 976850, 354125, 1667575]], "lincomb_exact": [7.0, -1.0, -4.0, 1.0], "lincomb_LLL": [7.0, -1.0, -4.0, 1.0], "lincomb_cube": [7.2148284912109375, -0.7373123168945312, -4.208641052246094, 1.0], "lincomb_cube_shortest": [7.0, -1.0, -4.0, 1.0], "exact.norm": 245.57275390625, "LLL.norm": 245.57275390625, "shortest_cube.norm": 245.57275390625, "sv_LLL": [172.0, -41.0, -135.0, -104.0], "sv_exact": [172.0, -41.0, -135.0, -104.0], "sv_shortst_cube": [172.0, -41.0, -135.0, -104.0]}, {"B": [[-553, 228, 746, 441], [260, 512, -294, 637], [-107, -129, 2, 209], [-587, -288, 814, -737]], "G": [[1108790, 34549, 123420, 541174], [34549, 821949, 38677, -1008861], [123420, 38677, 71775, -52444], [541174, -1008861, -52444, 1633278]], "lincomb_exact": [0.0, 0.0, 1.0, 0.0], "lincomb_LLL": [0.0, 0.0, 1.0, 0.0], "lincomb_cube": [-0.5267782211303711, 0.9457836151123047, 1.0, 0.7908554077148438], "lincomb_cube_shortest": [0.0, 0.0, 1.0, 0.0], "exact.norm": 267.90869140625, "LLL.norm": 267.90869140625, "shortest_cube.norm": 267.90869140625, "sv_LLL": [-107.0, -129.0, 2.0, 209.0], "sv_exact": [-107.0, -129.0, 2.0, 209.0], "sv_shortst_cube": [-107.0, -129.0, 2.0, 209.0]}, {"B": [[703, -655, 290, -329], [-896, 899, -398, 81], [-368, 255, -900, -368], [-657, 562, 904, 261]], "G": [[1115575, -1360802, -565657, -653690], [-1360802, 1775982, 887365, 755259], [-565657, 887365, 1145873, -524562], [-653690, 755259, -524562, 1632830]], "lincomb_exact": [1.0, 1.0, 0.0, 0.0], "lincomb_LLL": [1.0, 1.0, 0.0, 0.0], "lincomb_cube": [0.6783237457275391, 1.0, -0.6178426742553711, -0.38947248458862305], "lincomb_cube_shortest": [1.0, 1.0, 0.0, 0.0], "exact.norm": 412.25341796875, "LLL.norm": 412.25341796875, "shortest_cube.norm": 412.25341796875, "sv_LLL": [-193.0, 244.0, -108.0, -248.0], "sv_exact": [-193.0, 244.0, -108.0, -248.0], "sv_shortst_cube": [-193.0, 244.0, -108.0, -248.0]}, {"B": [[215, 782, -970, -199], [469, -586, -984, -468], [-812, 118, -325, -756], [-521, -921, -923, -485]], "G": [[1638250, 690195, 383390, 159588], [690195, 1750637, 223632, 1430569], [383390, 223632, 1350429, 981009], [159588, 1430569, 981009, 2206836]], "lincomb_exact": [1.0, -1.0, -1.0, 1.0], "lincomb_LLL": [1.0, -1.0, -1.0, 1.0], "lincomb_cube": [0.4481620788574219, -0.9039306640625, -0.7039852142333984, 1.0], "lincomb_cube_shortest": [1.0, -1.0, -1.0, 1.0], "exact.norm": 861.548828125, "LLL.norm": 861.548828125, "shortest_cube.norm": 861.548828125, "sv_LLL": [37.0, 329.0, -584.0, 540.0], "sv_exact": [37.0, 329.0, -584.0, 540.0], "sv_shortst_cube": [37.0, 329.0, -584.0, 540.0]}, {"B": [[-287, 112, 222, 603], [65, -22, -890, -519], [70, 197, -975, -973], [-30, -294, 190, -984]], "G": [[507806, -531656, -801195, -575490], [-531656, 1066170, 1372953, 346114], [-801195, 1372953, 1941063, 712164], [-575490, 346114, 712164, 1091692]], "lincomb_exact": [1.0, -1.0, 1.0, 0.0], "lincomb_LLL": [1.0, -1.0, 1.0, 0.0], "lincomb_cube": [0.09017407894134521, -1.1664924621582031, 1.0, -0.2349839210510254], "lincomb_cube_shortest": [1.0, -1.0, 1.0, 0.0], "exact.norm": 479.64013671875, "LLL.norm": 479.64013671875, "shortest_cube.norm": 479.64013671875, "sv_LLL": [-282.0, 331.0, 137.0, 149.0], "sv_exact": [-282.0, 331.0, 137.0, 149.0], "sv_shortst_cube": [-282.0, 331.0, 137.0, 149.0]}, {"B": [[-162, 315, 694, -80], [-437, -320, -507, 46], [971, -830, -540, -424], [316, 326, 333, 139]], "G": [[613505, -385544, -759592, 271480], [-385544, 552534, 95549, -404849], [-759592, 95549, 2103117, -202500], [271480, -404849, -202500, 336342]], "lincomb_exact": [0.0, 1.0, 0.0, 1.0], "lincomb_LLL": [0.0, 1.0, 0.0, 1.0], "lincomb_cube": [0.48096466064453125, 1.0297183990478516, 0.22321557998657227, 1.0], "lincomb_cube_shortest": [0.0, 1.0, 0.0, 1.0], "exact.norm": 281.3857421875, "LLL.norm": 281.3857421875, "shortest_cube.norm": 281.3857421875, "sv_LLL": [-121.0, 6.0, -174.0, 185.0], "sv_exact": [-121.0, 6.0, -174.0, 185.0], "sv_shortst_cube": [-121.0, 6.0, -174.0, 185.0]}, {"B": [[979, -317, -678, -360], [-989, -880, 75, -798], [973, 943, 462, 378], [342, -759, 431, 943]], "G": [[1648214, -452841, 204320, -56277], [-452841, 2394950, -2059131, -390507], [204320, -2059131, 2192306, 172605], [-56277, -390507, 172605, 1768055]], "lincomb_exact": [0.0, 1.0, 1.0, 0.0], "lincomb_LLL": [0.0, 1.0, 1.0, 0.0], "lincomb_cube": [0.12718749046325684, 0.9010200500488281, 1.0, 0.1054307222366333], "lincomb_cube_shortest": [0.0, 1.0, 1.0, 0.0], "exact.norm": 684.8310546875, "LLL.norm": 684.8310546875, "shortest_cube.norm": 684.8310546875, "sv_LLL": [-16.0, 63.0, 537.0, -420.0], "sv_exact": [-16.0, 63.0, 537.0, -420.0], "sv_shortst_cube": [-16.0, 63.0, 537.0, -420.0]}, {"B": [[-79, 28, 894, -265], [132, 879, 778, -532], [642, -744, -109, 857], [503, 70, 224, -609]], "G": [[876486, 850696, -396101, 323864], [850696, 1678373, -1109958, 626186], [-396101, -1109958, 1712030, -275483], [323864, 626186, -275483, 678966]], "lincomb_exact": [0.0, 0.0, 0.0, 1.0], "lincomb_LLL": [0.0, 0.0, 0.0, 1.0], "lincomb_cube": [0.041067540645599365, -0.4922757148742676, -0.14874482154846191, 1.0], "lincomb_cube_shortest": [0.0, 0.0, 0.0, 1.0], "exact.norm": 823.994140625, "LLL.norm": 823.994140625, "shortest_cube.norm": 823.994140625, "sv_LLL": [503.0, 70.0, 224.0, -609.0], "sv_exact": [503.0, 70.0, 224.0, -609.0], "sv_shortst_cube": [503.0, 70.0, 224.0, -609.0]}, {"B": [[-399, 487, -462, -883], [762, 216, 497, 768], [-857, 499, -774, -430], [-420, -261, 771, 581]], "G": [[1389503, -1106604, 1322234, -828752], [-1106604, 1464133, -1260168, 452979], [1322234, -1260168, 1767426, -616883], [-828752, 452979, -616883, 1176523]], "lincomb_exact": [-1.0, 0.0, 1.0, 0.0], "lincomb_LLL": [-1.0, 0.0, 1.0, 0.0], "lincomb_cube": [-0.8103647232055664, 0.2981076240539551, 1.0, -0.16127634048461914], "lincomb_cube_shortest": [-1.0, 0.0, 1.0, 0.0], "exact.norm": 715.8642578125, "LLL.norm": 715.8642578125, "shortest_cube.norm": 715.8642578125, "sv_LLL": [-458.0, 12.0, -312.0, 453.0], "sv_exact": [-458.0, 12.0, -312.0, 453.0], "sv_shortst_cube": [-458.0, 12.0, -312.0, 453.0]}, {"B": [[23, -867, 77, 513], [440, 366, 347, 118], [-294, -965, 265, -145], [180, 2, -267, 325]], "G": [[1021316, -219949, 775913, 148572], [-219949, 461889, -407705, 25633], [775913, -407705, 1108911, -172730], [148572, 25633, -172730, 209318]], "lincomb_exact": [1.0, 0.0, -1.0, -2.0], "lincomb_LLL": [1.0, 0.0, -1.0, -2.0], "lincomb_cube": [-0.8808603286743164, 0.38535547256469727, -1.0, 1.4032402038574219], "lincomb_cube_shortest": [0.0, 0.0, -1.0, 1.0], "exact.norm": 361.19921875, "LLL.norm": 361.19921875, "shortest_cube.norm": 1289.83984375, "sv_LLL": [-43.0, 94.0, 346.0, 8.0], "sv_exact": [-43.0, 94.0, 346.0, 8.0], "sv_shortst_cube": [474.0, 967.0, -532.0, 470.0]}, {"B": [[869, 123, 259, -185], [-503, -9, 994, -523], [-515, -415, -562, -458], [-121, 970, -855, 221]], "G": [[871596, -84013, -559408, -248169], [-84013, 1514655, -56314, -913320], [-559408, -56314, 963058, 39057], [-248169, -913320, 39057, 1735407]], "lincomb_exact": [1.0, 0.0, 1.0, 0.0], "lincomb_LLL": [1.0, 0.0, 1.0, 0.0], "lincomb_cube": [0.7090377807617188, 0.18175554275512695, 1.0, 0.174544095993042], "lincomb_cube_shortest": [1.0, 0.0, 1.0, 0.0], "exact.norm": 846.072265625, "LLL.norm": 846.072265625, "shortest_cube.norm": 846.072265625, "sv_LLL": [354.0, -292.0, -303.0, -643.0], "sv_exact": [354.0, -292.0, -303.0, -643.0], "sv_shortst_cube": [354.0, -292.0, -303.0, -643.0]}, {"B": [[-505, -544, 391, -566], [-240, -222, -345, -899], [-722, 776, -870, 717], [905, 279, -545, -367]], "G": [[1024198, 615907, -803526, -614174], [615907, 1034110, -343425, 238820], [-803526, -343425, 2394449, -225895], [-614174, 238820, -225895, 1328580]], "lincomb_exact": [3.0, -2.0, 1.0, 2.0], "lincomb_LLL": [3.0, -2.0, 1.0, 2.0], "lincomb_cube": [3.2973785400390625, -2.1107101440429688, 1.0, 2.0737457275390625], "lincomb_cube_shortest": [3.0, -2.0, 1.0, 2.0], "exact.norm": 201.0546875, "LLL.norm": 201.0546875, "shortest_cube.norm": 201.0546875, "sv_LLL": [53.0, 146.0, -97.0, 83.0], "sv_exact": [53.0, 146.0, -97.0, 83.0], "sv_shortst_cube": [53.0, 146.0, -97.0, 83.0]}, {"B": [[-766, -136, -931, 456], [-115, 857, 633, 569], [152, 302, 571, -293], [-573, 281, -569, 419]], "G": [[1679949, -358321, -822713, 1121505], [-358321, 1472124, 436060, 184946], [-822713, 436060, 526198, -449900], [1121505, 184946, -449900, 906612]], "lincomb_exact": [-1.0, 0.0, -1.0, 1.0], "lincomb_LLL": [-1.0, 0.0, -1.0, 1.0], "lincomb_cube": [-0.8537807464599609, -0.25353193283081055, -0.2697873115539551, 1.0], "lincomb_cube_shortest": [-1.0, 0.0, -1.0, 1.0], "exact.norm": 352.31103515625, "LLL.norm": 352.31103515625, "shortest_cube.norm": 352.31103515625, "sv_LLL": [41.0, 115.0, -209.0, 256.0], "sv_exact": [41.0, 115.0, -209.0, 256.0], "sv_shortst_cube": [41.0, 115.0, -209.0, 256.0]}, {"B": [[-446, -248, -30, 465], [591, -163, -820, 105], [-783, -785, 880, -839], [339, -844, -382, 902]], "G": [[477545, -149737, 127363, 489008], [-149737, 1059275, -1144493, 745871], [127363, -1144493, 2707635, -695835], [489008, 745871, -695835, 1786785]], "lincomb_exact": [1.0, 0.0, 0.0, 0.0], "lincomb_LLL": [1.0, 0.0, 0.0, 0.0], "lincomb_cube": [1.0, 0.5405387878417969, 0.059029459953308105, -0.4763331413269043], "lincomb_cube_shortest": [1.0, 0.0, 0.0, 0.0], "exact.norm": 691.0458984375, "LLL.norm": 691.0458984375, "shortest_cube.norm": 691.0458984375, "sv_LLL": [-446.0, -248.0, -30.0, 465.0], "sv_exact": [-446.0, -248.0, -30.0, 465.0], "sv_shortst_cube": [-446.0, -248.0, -30.0, 465.0]}, {"B": [[816, -903, -349, 939], [-200, -581, 697, -668], [-630, 745, -984, -956], [483, -664, 226, -823]], "G": [[2484787, -509062, -1741083, 142049], [-509062, 1309594, -354085, 996470], [-1741083, -354085, 2834117, -234566], [142049, 996470, -234566, 1402590]], "lincomb_exact": [0.0, -1.0, 0.0, 1.0], "lincomb_LLL": [0.0, -1.0, 0.0, 1.0], "lincomb_cube": [-0.5544347763061523, -1.0827064514160156, -0.3931102752685547, 1.0], "lincomb_cube_shortest": [0.0, -1.0, 0.0, 1.0], "exact.norm": 848.0830078125, "LLL.norm": 848.0830078125, "shortest_cube.norm": 848.0830078125, "sv_LLL": [683.0, -83.0, -471.0, -155.0], "sv_exact": [683.0, -83.0, -471.0, -155.0], "sv_shortst_cube": [683.0, -83.0, -471.0, -155.0]}, {"B": [[-842, 441, 223, 280], [-722, -226, 387, -406], [-57, -497, -844, 440], [-801, -857, -212, 909]], "G": [[1031574, 480879, -236195, 503749], [480879, 886965, -351792, 320906], [-236195, -351792, 1156194, 1050474], [503749, 320906, 1050474, 2247275]], "lincomb_exact": [0.0, -1.0, -1.0, 1.0], "lincomb_LLL": [0.0, -1.0, -1.0, 1.0], "lincomb_cube": [-0.49742937088012695, -0.5604066848754883, -1.180694580078125, 1.0], "lincomb_cube_shortest": [0.0, -1.0, -1.0, 1.0], "exact.norm": 918.744140625, "LLL.norm": 918.744140625, "shortest_cube.norm": 918.744140625, "sv_LLL": [-22.0, -134.0, 245.0, 875.0], "sv_exact": [-22.0, -134.0, 245.0, 875.0], "sv_shortst_cube": [-22.0, -134.0, 245.0, 875.0]}, {"B": [[-597, -616, -691, -456], [-306, -763, -949, -435], [183, 80, -800, 612], [938, 786, 520, -319]], "G": [[1421282, 1506809, 115197, -1258018], [1506809, 1765631, 375942, -1241461], [115197, 375942, 1054433, -376694], [-1258018, -1241461, -376694, 1869801]], "lincomb_exact": [-1.0, 1.0, 0.0, 0.0], "lincomb_LLL": [-1.0, 1.0, 0.0, 0.0], "lincomb_cube": [-1.2412471771240234, 1.0, -0.3039536476135254, -0.23240280151367188], "lincomb_cube_shortest": [-1.0, 1.0, 0.0, 0.0], "exact.norm": 416.287109375, "LLL.norm": 416.287109375, "shortest_cube.norm": 416.287109375, "sv_LLL": [291.0, -147.0, -258.0, 21.0], "sv_exact": [291.0, -147.0, -258.0, 21.0], "sv_shortst_cube": [291.0, -147.0, -258.0, 21.0]}, {"B": [[219, 547, 515, -585], [285, -569, 664, 945], [526, 192, -717, 73], [601, -315, -857, -300]], "G": [[954620, -459693, -191742, -306541], [-459693, 1738907, -366441, -502028], [-191742, -366441, 832958, 848215], [-306541, -502028, 848215, 1284875]], "lincomb_exact": [0.0, 0.0, -1.0, 1.0], "lincomb_LLL": [0.0, 0.0, -1.0, 1.0], "lincomb_cube": [0.21542763710021973, 0.15597224235534668, -0.9001102447509766, 1.0], "lincomb_cube_shortest": [0.0, 0.0, -1.0, 1.0], "exact.norm": 649.1552734375, "LLL.norm": 649.1552734375, "shortest_cube.norm": 649.1552734375, "sv_LLL": [75.0, -507.0, -140.0, -373.0], "sv_exact": [75.0, -507.0, -140.0, -373.0], "sv_shortst_cube": [75.0, -507.0, -140.0, -373.0]}, {"B": [[-646, 623, 41, 829], [-435, -189, 151, 491], [655, -672, 60, 943], [940, -980, 391, -878]], "G": [[1494367, 576493, -57579, -1929611], [576493, 488828, 314156, -595737], [-57579, 314156, 1773458, 469766], [-1929611, -595737, 469766, 2767765]], "lincomb_exact": [2.0, -1.0, 0.0, 1.0], "lincomb_LLL": [2.0, -1.0, 0.0, 1.0], "lincomb_cube": [1.425436019897461, -0.363222599029541, -0.1542649269104004, 1.0], "lincomb_cube_shortest": [2.0, -1.0, 0.0, 1.0], "exact.norm": 633.33984375, "LLL.norm": 633.33984375, "shortest_cube.norm": 633.33984375, "sv_LLL": [83.0, 455.0, 322.0, 289.0], "sv_exact": [83.0, 455.0, 322.0, 289.0], "sv_shortst_cube": [83.0, 455.0, 322.0, 289.0]}, {"B": [[-145, -225, -584, -683], [-645, -235, -225, -929], [-591, -167, 686, -924], [768, -750, 15, 66]], "G": [[879195, 912307, 353738, 3552], [912307, 1384916, 1124486, -383799], [353738, 1124486, 1701542, -379332], [3552, -383799, -379332, 1156905]], "lincomb_exact": [2.0, -2.0, 1.0, 0.0], "lincomb_LLL": [2.0, -2.0, 1.0, 0.0], "lincomb_cube": [1.7180118560791016, -2.0420150756835938, 1.0, -0.35482072830200195], "lincomb_cube_shortest": [2.0, -2.0, 1.0, 0.0], "exact.norm": 613.626953125, "LLL.norm": 613.626953125, "shortest_cube.norm": 613.626953125, "sv_LLL": [409.0, -147.0, -32.0, -432.0], "sv_exact": [409.0, -147.0, -32.0, -432.0], "sv_shortst_cube": [409.0, -147.0, -32.0, -432.0]}, {"B": [[768, -423, 202, 396], [-810, 632, -723, -674], [-719, -412, 668, -292], [-191, -394, -24, 837]], "G": [[966373, -1302366, -358612, 346578], [-1302366, 2032529, 35850, -641084], [-358612, 35850, 1218193, 39221], [346578, -641084, 39221, 892862]], "lincomb_exact": [1.0, 1.0, 0.0, 0.0], "lincomb_LLL": [1.0, 1.0, 0.0, 0.0], "lincomb_cube": [1.4419898986816406, 1.0, 0.3905210494995117, 0.14112496376037598], "lincomb_cube_shortest": [1.0, 1.0, 0.0, 0.0], "exact.norm": 627.830078125, "LLL.norm": 627.830078125, "shortest_cube.norm": 627.830078125, "sv_LLL": [-42.0, 209.0, -521.0, -278.0], "sv_exact": [-42.0, 209.0, -521.0, -278.0], "sv_shortst_cube": [-42.0, 209.0, -521.0, -278.0]}, {"B": [[-821, -291, 29, 457], [866, -758, -954, 612], [420, 642, -483, 49], [-264, -139, 454, 67]], "G": [[968412, -238390, -523256, 300978], [-238390, 2609180, 367854, -515374], [-523256, 367854, 824254, -416117], [300978, -515374, -416117, 299622]], "lincomb_exact": [0.0, 0.0, 1.0, 1.0], "lincomb_LLL": [0.0, 0.0, 1.0, 1.0], "lincomb_cube": [-0.05683624744415283, 0.1347191333770752, 0.40863656997680664, 1.0], "lincomb_cube_shortest": [0.0, 0.0, 1.0, 1.0], "exact.norm": 540.0390625, "LLL.norm": 540.0390625, "shortest_cube.norm": 540.0390625, "sv_LLL": [156.0, 503.0, -29.0, 116.0], "sv_exact": [156.0, 503.0, -29.0, 116.0], "sv_shortst_cube": [156.0, 503.0, -29.0, 116.0]}, {"B": [[-32, -364, 12, -119], [-60, -693, -756, -576], [376, -114, -50, 73], [671, 827, -8, -942]], "G": [[147825, 313644, 20177, -210498], [313644, 1387161, 52194, -64731], [20177, 52194, 162201, 89652], [-210498, -64731, 89652, 2021598]], "lincomb_exact": [1.0, 0.0, 0.0, 0.0], "lincomb_LLL": [1.0, 0.0, 0.0, 0.0], "lincomb_cube": [1.0, -0.21716666221618652, -0.11094176769256592, 0.10209083557128906], "lincomb_cube_shortest": [1.0, 0.0, 0.0, 0.0], "exact.norm": 384.48046875, "LLL.norm": 384.48046875, "shortest_cube.norm": 384.48046875, "sv_LLL": [-32.0, -364.0, 12.0, -119.0], "sv_exact": [-32.0, -364.0, 12.0, -119.0], "sv_shortst_cube": [-32.0, -364.0, 12.0, -119.0]}, {"B": [[440, -541, -88, -732], [200, -949, -453, 200], [-680, 704, -144, 720], [-505, -370, -204, 216]], "G": [[1029849, 494873, -1194432, -162190], [494873, 1185810, -594864, 385742], [-1194432, -594864, 1497152, 267816], [-162190, 385742, 267816, 480197]], "lincomb_exact": [1.0, 0.0, 1.0, 0.0], "lincomb_LLL": [1.0, 0.0, 1.0, 0.0], "lincomb_cube": [0.9943027496337891, 0.21508479118347168, 1.0, -0.3946657180786133], "lincomb_cube_shortest": [1.0, 0.0, 1.0, 0.0], "exact.norm": 371.66796875, "LLL.norm": 371.66796875, "shortest_cube.norm": 371.66796875, "sv_LLL": [-240.0, 163.0, -232.0, -12.0], "sv_exact": [-240.0, 163.0, -232.0, -12.0], "sv_shortst_cube": [-240.0, 163.0, -232.0, -12.0]}, {"B": [[537, 985, -742, 108], [-272, 961, -598, 468], [888, -413, 468, 964], [-402, -176, -500, 361]], "G": [[1820822, 1294781, -173093, 20754], [1294781, 1574133, -467141, 408156], [-173093, -467141, 2107433, -170284], [20754, 408156, -170284, 572901]], "lincomb_exact": [0.0, 0.0, 0.0, 1.0], "lincomb_LLL": [0.0, 0.0, 0.0, 1.0], "lincomb_cube": [0.4224061965942383, -0.612767219543457, -0.0203324556350708, 1.0], "lincomb_cube_shortest": [0.0, 0.0, 0.0, 1.0], "exact.norm": 756.90234375, "LLL.norm": 756.90234375, "shortest_cube.norm": 756.90234375, "sv_LLL": [-402.0, -176.0, -500.0, 361.0], "sv_exact": [-402.0, -176.0, -500.0, 361.0], "sv_shortst_cube": [-402.0, -176.0, -500.0, 361.0]}, {"B": [[682, -498, 576, -73], [-527, -473, 838, -982], [213, 8, 470, -10], [77, 12, -946, 448]], "G": [[1050233, 430514, 412732, -531062], [430514, 2168026, 287645, -1278939], [412732, 287645, 266433, -432603], [-531062, -1278939, -432603, 1101693]], "lincomb_exact": [-1.0, 1.0, 4.0, 2.0], "lincomb_LLL": [-1.0, 1.0, 4.0, 2.0], "lincomb_cube": [-0.738739013671875, 1.0, 3.784160614013672, 2.2907142639160156], "lincomb_cube_shortest": [-1.0, 1.0, 4.0, 2.0], "exact.norm": 336.27197265625, "LLL.norm": 336.27197265625, "shortest_cube.norm": 336.27197265625, "sv_LLL": [-203.0, 81.0, 250.0, -53.0], "sv_exact": [-203.0, 81.0, 250.0, -53.0], "sv_shortst_cube": [-203.0, 81.0, 250.0, -53.0]}, {"B": [[-372, 987, -981, 44], [314, 264, -312, 106], [-463, -203, 711, 949], [-103, -332, -713, 401]], "G": [[2076850, 454496, -683860, 427729], [454496, 276872, -320212, 144972], [-683860, -320212, 1661700, -11309], [427729, 144972, -11309, 790003]], "lincomb_exact": [0.0, 1.0, 0.0, 0.0], "lincomb_LLL": [0.0, 1.0, 0.0, 0.0], "lincomb_cube": [-0.15695691108703613, 1.0, 0.12744879722595215, -0.0967029333114624], "lincomb_cube_shortest": [0.0, 1.0, 0.0, 0.0], "exact.norm": 526.1865234375, "LLL.norm": 526.1865234375, "shortest_cube.norm": 526.1865234375, "sv_LLL": [314.0, 264.0, -312.0, 106.0], "sv_exact": [314.0, 264.0, -312.0, 106.0], "sv_shortst_cube": [314.0, 264.0, -312.0, 106.0]}, {"B": [[-545, 795, 202, -68], [940, 444, -229, -641], [-533, 335, 164, -236], [326, 809, 351, 689]], "G": [[974478, -161990, 605986, 489535], [-161990, 1544058, -238560, 143608], [605986, -238560, 478906, -7783], [489535, 143608, -7783, 1358679]], "lincomb_exact": [-1.0, 0.0, 1.0, 0.0], "lincomb_LLL": [-1.0, 0.0, 1.0, 0.0], "lincomb_cube": [-0.7492074966430664, 0.05076098442077637, 1.0, 0.27030420303344727], "lincomb_cube_shortest": [-1.0, 0.0, 1.0, 0.0], "exact.norm": 491.3369140625, "LLL.norm": 491.3369140625, "shortest_cube.norm": 491.3369140625, "sv_LLL": [12.0, -460.0, -38.0, -168.0], "sv_exact": [12.0, -460.0, -38.0, -168.0], "sv_shortst_cube": [12.0, -460.0, -38.0, -168.0]}, {"B": [[-144, -561, -946, 351], [-25, 915, 198, 822], [951, 903, -548, -708], [938, 957, -703, 680]], "G": [[1353574, -408501, -373627, 231769], [-408501, 1552738, 111990, 1271971], [-373627, 111990, 2521378, 1660013], [231769, 1271971, 1660013, 2752302]], "lincomb_exact": [-1.0, -1.0, -1.0, 1.0], "lincomb_LLL": [-1.0, -1.0, -1.0, 1.0], "lincomb_cube": [-0.6515226364135742, -0.9391450881958008, -0.7132072448730469, 1.0], "lincomb_cube_shortest": [-1.0, -1.0, -1.0, 1.0], "exact.norm": 715.6884765625, "LLL.norm": 715.6884765625, "shortest_cube.norm": 715.6884765625, "sv_LLL": [156.0, -300.0, 593.0, 215.0], "sv_exact": [156.0, -300.0, 593.0, 215.0], "sv_shortst_cube": [156.0, -300.0, 593.0, 215.0]}, {"B": [[-152, -644, 232, -376], [-996, -879, -582, 884], [-586, 321, -144, -52], [490, -836, 599, -607]], "G": [[633040, 250060, -131508, 831104], [250060, 2884837, 339337, -638402], [-131508, 339337, 469877, -610188], [831104, -638402, -610188, 1666246]], "lincomb_exact": [-5.0, 1.0, 3.0, 4.0], "lincomb_LLL": [-5.0, 1.0, 3.0, 4.0], "lincomb_cube": [-5.083992004394531, 1.0, 3.1376953125, 4.068016052246094], "lincomb_cube_shortest": [-5.0, 1.0, 3.0, 4.0], "exact.norm": 290.58544921875, "LLL.norm": 290.58544921875, "shortest_cube.norm": 290.58544921875, "sv_LLL": [-34.0, -40.0, 222.0, 180.0], "sv_exact": [-34.0, -40.0, 222.0, 180.0], "sv_shortst_cube": [-34.0, -40.0, 222.0, 180.0]}, {"B": [[-501, -419, 143, -900], [350, -130, -14, -216], [768, -422, -482, 458], [-356, 685, 593, 627]], "G": [[1257011, 71518, -689076, -588160], [71518, 186252, 231480, -357384], [-689076, 231480, 1209996, -561138], [-588160, -357384, -561138, 1340739]], "lincomb_exact": [1.0, 0.0, 1.0, 1.0], "lincomb_LLL": [1.0, 0.0, 1.0, 1.0], "lincomb_cube": [0.9585781097412109, 0.38821935653686523, 0.9353799819946289, 1.0], "lincomb_cube_shortest": [1.0, 0.0, 1.0, 1.0], "exact.norm": 361.9365234375, "LLL.norm": 361.9365234375, "shortest_cube.norm": 361.9365234375, "sv_LLL": [-89.0, -156.0, 254.0, 185.0], "sv_exact": [-89.0, -156.0, 254.0, 185.0], "sv_shortst_cube": [-89.0, -156.0, 254.0, 185.0]}, {"B": [[-360, 203, -470, -960], [612, 502, -154, -932], [77, 274, 685, 527], [494, -243, 548, 813]], "G": [[1313309, 848686, -799968, -1265209], [848686, 1518888, -411982, -661766], [-799968, -411982, 827959, 775287], [-1265209, -661766, 775287, 1264358]], "lincomb_exact": [1.0, 0.0, 0.0, 1.0], "lincomb_LLL": [1.0, 0.0, 0.0, 1.0], "lincomb_cube": [1.0923805236816406, -0.16460204124450684, 0.03716367483139038, 1.0], "lincomb_cube_shortest": [1.0, 0.0, 0.0, 1.0], "exact.norm": 217.368408203125, "LLL.norm": 217.368408203125, "shortest_cube.norm": 217.368408203125, "sv_LLL": [134.0, -40.0, 78.0, -147.0], "sv_exact": [134.0, -40.0, 78.0, -147.0], "sv_shortst_cube": [134.0, -40.0, 78.0, -147.0]}, {"B": [[461, 828, -553, -516], [-390, 611, 272, -600], [-60, -699, -553, -192], [382, 724, -642, 954]], "G": [[1470170, 485302, -201551, 638336], [485302, 959405, -438905, -453640], [-201551, -438905, 834874, -357138], [638336, -453640, -357138, 1992380]], "lincomb_exact": [0.0, 0.0, 1.0, 0.0], "lincomb_LLL": [0.0, 0.0, 1.0, 0.0], "lincomb_cube": [-0.3695950508117676, 0.8799066543579102, 1.0, 0.49800968170166016], "lincomb_cube_shortest": [0.0, 0.0, 1.0, 0.0], "exact.norm": 913.71484375, "LLL.norm": 913.71484375, "shortest_cube.norm": 913.71484375, "sv_LLL": [-60.0, -699.0, -553.0, -192.0], "sv_exact": [-60.0, -699.0, -553.0, -192.0], "sv_shortst_cube": [-60.0, -699.0, -553.0, -192.0]}, {"B": [[-281, -552, 426, -755], [569, -834, 785, 248], [114, 193, -602, 581], [-817, 978, 964, -517]], "G": [[1135166, 447649, -833677, 490720], [447649, 1697046, -424578, -652001], [-833677, -424578, 750210, -785089], [490720, -652001, -785089, 2820558]], "lincomb_exact": [1.0, 0.0, 1.0, 0.0], "lincomb_LLL": [1.0, 0.0, 1.0, 0.0], "lincomb_cube": [0.5639076232910156, 0.18732118606567383, 1.0, 0.22353792190551758], "lincomb_cube_shortest": [1.0, 0.0, 1.0, 0.0], "exact.norm": 466.92822265625, "LLL.norm": 466.92822265625, "shortest_cube.norm": 466.92822265625, "sv_LLL": [-167.0, -359.0, -176.0, -174.0], "sv_exact": [-167.0, -359.0, -176.0, -174.0], "sv_shortst_cube": [-167.0, -359.0, -176.0, -174.0]}, {"B": [[-766, -67, 641, 887], [467, -490, 339, 935], [811, -72, 1, -15], [556, 646, 229, -241]], "G": [[1788895, 721752, -629066, -536156], [721752, 1447335, 400331, -204592], [-629066, 400331, 663131, 408248], [-536156, -204592, 408248, 836974]], "lincomb_exact": [-1.0, 1.0, -2.0, 1.0], "lincomb_LLL": [-1.0, 1.0, -2.0, 1.0], "lincomb_cube": [-1.4168758392333984, 1.6686058044433594, -2.9670639038085938, 1.0], "lincomb_cube_shortest": [-1.0, 1.0, -2.0, 1.0], "exact.n