[{"B": [[810, -314, -408, 507, 348, 386, 995, -944, 718, 866], [289, 284, 873, 247, -307, -576, -929, -943, -532, 38], [-911, -828, 908, -840, 724, -205, -586, 872, -802, 692], [97, -144, -381, 213, -289, -987, 392, -277, -383, 152], [949, 178, 129, -973, -433, 696, -561, -11, -45, -418], [580, -300, 129, 765, 90, -561, 914, -275, 324, -708], [946, 62, -192, -990, 864, -89, -926, 545, 671, 437], [493, 403, -174, -442, -743, -182, -71, 75, 282, -250], [997, -382, -602, 322, 738, -249, -154, 836, 599, -848], [-274, 840, 597, 53, -240, -529, -699, 603, 275, 904]], "G": [[4594950, -798444, -2484242, 413837, -657282, 1502531, 13886, -364599, 250398, -1274542], [-798444, 3450098, 157643, 470945, 468732, -109555, -329175, 164496, -1345683, 1040824], [-2484242, 157643, 5837618, -559810, -467655, -2150471, 1170041, -1362299, -1071688, 1326783], [413837, 470945, -559810, 1678551, -1014958, 943708, -921263, 161685, -168107, -181179], [-657282, 468732, -467655, -1014958, 3059151, -888475, 1711866, 1273074, 399042, -354067], [1502531, -109555, -2150471, 943708, -888475, 2868348, -1212580, 22545, 1491445, -1373836], [13886, -329175, 1170041, -921263, 1711866, -1212580, 4465852, 523191, 2005652, 1020985], [-364599, 164496, -1362299, 161685, 1273074, 22545, 523191, 1368961, 251535, 297136], [250398, -1345683, -1071688, -168107, 399042, 1491445, 2005652, 251535, 4013183, -971898], [-1274542, 1040824, 1326783, -181179, -354067, -1373836, 1020985, 297136, -971898, 3222386]], "lincomb_exact": [0.0, 0.0, 0.0, -1.0, -1.0, 0.0, 0.0, 1.0, 0.0, 0.0], "lincomb_LLL": [0.0, 0.0, 0.0, -1.0, -1.0, 0.0, 0.0, 1.0, 0.0, 0.0], "lincomb_cube": [0.25072622299194336, 0.28849077224731445, 0.28899526596069336, -0.41265249252319336, -0.5479965209960938, -0.29509592056274414, -0.1854085922241211, 1.0, 0.2685995101928711, -0.27468156814575195], "lincomb_cube_shortest": [0.0, 0.0, 0.0, -1.0, -1.0, 0.0, 0.0, 1.0, 0.0, 0.0], "exact.norm": 1098.740234375, "LLL.norm": 1098.740234375, "shortest_cube.norm": 1098.740234375, "sv_LLL": [-553.0, 369.0, 78.0, 318.0, -21.0, 109.0, 98.0, 363.0, 710.0, 16.0], "sv_exact": [-553.0, 369.0, 78.0, 318.0, -21.0, 109.0, 98.0, 363.0, 710.0, 16.0], "sv_shortst_cube": [-553.0, 369.0, 78.0, 318.0, -21.0, 109.0, 98.0, 363.0, 710.0, 16.0]}, {"B": [[-459, -388, 635, 488, -766, -209, -323, -175, -232, -718], [931, 788, -940, -796, 97, -404, 273, -584, 886, 945], [942, 104, -646, 255, 665, 680, -2, -303, 487, 878], [783, -600, -829, 880, 643, 898, -769, -527, 364, 200], [-700, 278, -527, -62, 103, 347, -831, 127, 552, -578], [827, -113, 779, 590, -50, 995, -132, -66, -734, -247], [457, 354, 308, 953, 497, -771, -674, 662, 98, -159], [-986, -554, 696, 835, 996, 725, -420, 747, -765, 480], [-28, -592, 69, 350, -198, -96, 997, 131, -571, 832], [660, -656, 195, -712, 117, 533, 587, 302, 575, -819]], "G": [[2337333, -2578328, -2099727, -791228, 230242, 679001, 287244, 440280, -180965, -260871], [-2578328, 5271152, 2590597, 643867, -376270, -1809068, -618033, -3644804, -340435, -3621], [-2099727, 2590597, 3385012, 2987442, -276880, 503786, 26468, -244395, 170514, 154474], [-791228, 643867, 2987442, 4696169, 702696, 1269824, 529256, 756507, -506621, 110973], [230242, -376270, -276880, 702696, 2325353, -878404, 130930, 215958, -1864703, -164648], [679001, -1809068, 503786, 1269824, -878404, 3265709, 360761, 1402677, 291731, 559085], [287244, -618033, 26468, 529256, 130930, 360761, 3106093, 925746, -665454, -911017], [440280, -3644804, -244395, 756507, 215958, 1402677, 925746, 5528428, 944334, -1097120], [-180965, -340435, 170514, -506621, -1864703, 291731, -665454, 944334, 2556364, -325139], [-260871, -3621, 154474, 110973, -164648, 559085, -911017, -1097120, -325139, 3145842]], "lincomb_exact": [0.0, -1.0, 1.0, 0.0, -1.0, -1.0, 0.0, 0.0, -1.0, 0.0], "lincomb_LLL": [0.0, -1.0, 1.0, 0.0, -1.0, -1.0, 0.0, 0.0, -1.0, 0.0], "lincomb_cube": [0.14601445198059082, 1.6673259735107422, -1.6709518432617188, 0.4723215103149414, 0.9789505004882812, 0.807469367980957, 0.27066612243652344, 0.5622949600219727, -1.0, 0.3649883270263672], "lincomb_cube_shortest": [0.0, 1.0, -1.0, 0.0, 0.0, 0.0, 0.0, 1.0, -1.0, 0.0], "exact.norm": 934.482421875, "LLL.norm": 934.482421875, "shortest_cube.norm": 1972.859375, "sv_LLL": [-88.0, -257.0, -27.0, 173.0, 713.0, -162.0, -309.0, 89.0, 354.0, -74.0], "sv_exact": [-88.0, -257.0, -27.0, 173.0, 713.0, -162.0, -309.0, 89.0, 354.0, -74.0], "sv_shortst_cube": [-969.0, 722.0, 333.0, -566.0, 626.0, -263.0, -1142.0, 335.0, 205.0, -285.0]}, {"B": [[818, -361, 256, -756, -132, -95, 330, -960, -122, -600], [-686, -778, -537, -172, 497, -203, -858, -641, 946, 916], [-630, 630, 228, 472, -583, -876, 936, -489, -909, -760], [-481, 776, -403, 217, 353, -591, 655, -181, 988, -170], [-555, 696, 319, -981, 886, 409, -648, -284, 497, -373], [-110, -747, 610, 888, -876, 184, 403, 859, 847, 547], [-982, 680, -143, -12, -395, -987, 200, -481, 557, 46], [9, -57, -627, 109, -265, -712, -979, -525, -205, 581], [-10, -688, -641, 442, -745, -664, -249, -568, 59, -329], [-458, 133, -477, 957, -367, -435, 593, 78, -836, 897]], "G": [[2868350, -666841, 464160, -559891, 184213, -1360513, -498181, -255017, 556672, -1493890], [-666841, 4563068, -2419216, 533698, 1060508, 109517, 933292, 1883727, 907024, -319831], [464160, -2419216, 4694931, 1047064, -1112937, -722056, 1984825, -269715, 892432, 1905409], [-559891, 533698, 1047064, 2983755, 718066, -145536, 2259486, -292510, 8533, 246779], [184213, 1060508, -1112937, 718066, 3695538, -2124452, 497467, -412713, -1568321, -2403788], [-1360513, 109517, -722056, -145536, -2124452, 4448893, -169052, -844297, 328717, 839875], [-498181, 933292, 1984825, 2259486, 497467, -169052, 3161237, 817440, 819119, 827925], [-255017, 1883727, -269715, -292510, -412713, -844297, 817440, 2599161, 1498131, 869704], [556672, 907024, 892432, 8533, -1568321, 328717, 819119, 1498131, 2571957, 667684], [-1493890, -319831, 1905409, 246779, -2403788, 839875, 827925, 869704, 667684, 3555983]], "lincomb_exact": [0.0, -1.0, -1.0, 0.0, 1.0, 0.0, 0.0, 0.0, 1.0, 1.0], "lincomb_LLL": [0.0, -1.0, -1.0, 0.0, 1.0, 0.0, 0.0, 0.0, 1.0, 1.0], "lincomb_cube": [0.4640183448791504, -0.4874091148376465, -0.4041252136230469, 0.18525075912475586, 1.1790752410888672, 0.4231247901916504, -0.27692461013793945, 0.07337141036987305, 0.6618194580078125, 1.0], "lincomb_cube_shortest": [0.0, -1.0, -1.0, 0.0, 1.0, 0.0, 0.0, 0.0, 1.0, 1.0], "exact.norm": 984.37109375, "LLL.norm": 984.37109375, "shortest_cube.norm": 984.37109375, "sv_LLL": [293.0, 289.0, -490.0, 118.0, -140.0, 389.0, -382.0, 356.0, -317.0, 39.0], "sv_exact": [293.0, 289.0, -490.0, 118.0, -140.0, 389.0, -382.0, 356.0, -317.0, 39.0], "sv_shortst_cube": [293.0, 289.0, -490.0, 118.0, -140.0, 389.0, -382.0, 356.0, -317.0, 39.0]}, {"B": [[-256, -309, -654, -449, 152, 330, 288, -505, 618, -34], [-182, 863, -986, 207, 615, -798, 712, -126, 658, 238], [-90, -917, 601, -879, -130, 982, -945, -776, -235, -262], [882, 727, -88, -869, 791, -582, -114, -420, -639, 272], [-133, -905, 576, -877, -888, 504, 658, -269, 224, 115], [-605, 490, -785, 842, -195, 106, 498, -110, 745, 787], [784, 72, -140, 861, -530, -375, 60, 620, 222, 780], [288, 49, -196, -97, 154, -294, 492, -169, 724, 368], [-950, -987, 285, 389, -781, -788, 618, -239, 238, 168], [838, -124, 320, -629, -52, -269, -78, -864, -37, 819]], "G": [[1643387, 829204, 595708, -299412, 821977, 776768, -907435, 671217, 248431, 163399], [829204, 3820395, -3205166, 940689, -1777444, 2322723, 505331, 1427944, -64141, -298665], [595708, -3205166, 4583125, -196879, 2073446, -2243860, -2071243, -1012466, -350845, 1064392], [-299412, 940689, -196879, 3705464, -1133440, -1328498, -389975, 336454, -2154183, 1901018], [821977, -1777444, 2073446, -1133440, 3548905, -712336, -711401, 178289, 1682535, 914308], [776768, 2322723, -2243860, -1328498, -712336, 3415073, 1200352, 953364, 907280, -693758], [-907435, 505331, -2071243, -389975, -711401, 1200352, 2847970, 574381, 261371, 280376], [671217, 1427944, -1012466, 336454, 178289, 953364, 574381, 1173547, 274425, 686883], [248431, -64141, -350845, -2154183, 1682535, 907280, 261371, 274425, 3864033, -287531], [163399, -298665, 1064392, 1901018, 914308, -693758, 280376, 686883, -287531, 2715436]], "lincomb_exact": [-1.0, 1.0, 1.0, 0.0, 0.0, 0.0, 0.0, 0.0, 0.0, 0.0], "lincomb_LLL": [-1.0, 1.0, 1.0, 0.0, 0.0, 0.0, 0.0, 0.0, 0.0, 0.0], "lincomb_cube": [-0.6024665832519531, 0.7942409515380859, 1.0, 0.42533016204833984, 0.34630870819091797, 0.08218717575073242, 0.5383510589599609, 0.14565610885620117, 0.10771298408508301, -0.7427654266357422], "lincomb_cube_shortest": [-1.0, 1.0, 1.0, 0.0, 0.0, 0.0, 0.0, 0.0, 0.0, 0.0], "exact.norm": 886.990234375, "LLL.norm": 886.990234375, "shortest_cube.norm": 886.990234375, "sv_LLL": [-16.0, 255.0, 269.0, -223.0, 333.0, -146.0, -521.0, -397.0, -195.0, 10.0], "sv_exact": [-16.0, 255.0, 269.0, -223.0, 333.0, -146.0, -521.0, -397.0, -195.0, 10.0], "sv_shortst_cube": [-16.0, 255.0, 269.0, -223.0, 333.0, -146.0, -521.0, -397.0, -195.0, 10.0]}, {"B": [[185, -292, 54, 229, 937, 282, 44, 96, 28, 837], [489, -160, -334, -565, -754, -207, -721, -919, -479, 155], [-697, 760, -697, 84, 622, -899, 564, 305, 320, 807], [-525, -961, -74, 263, -363, 463, -565, -716, 310, -312], [-891, 52, -889, -959, 859, 436, -527, 508, 398, 24], [869, -578, -472, -671, -949, 884, 747, 790, 780, -209], [54, -855, -619, 804, -325, 329, 443, -237, -542, -992], [295, 132, -551, -407, 395, 372, -457, -531, 672, -5], [702, 28, -400, 188, -472, -766, 808, -99, -419, -229], [-408, 677, 994, -255, 617, 972, 152, -348, -577, -869]], "G": [[1844844, -778733, 698544, -315907, 537011, -533916, -650147, 311640, -692487, -195879], [-778733, 2924735, -1275124, 819536, -617003, -83870, 96897, 657113, 554247, -810267], [698544, -1275124, 3916129, -1622412, 1346398, -1414152, -1482797, -52872, 328262, -1311731], [-315907, 819536, -1622412, 2645254, 171342, 30780, 1381746, 529138, -943814, -95407], [537011, -617003, 1346398, 171342, 4129337, 142070, -1042431, 1364095, -1836508, 206016], [-533916, -83870, -1414152, 30780, 142070, 5278517, 821320, 431557, 673697, -1200021], [-650147, 96897, -1482797, 1381746, -1042431, 821320, 3507630, -524944, 1149779, 22684], [311640, 657113, -52872, 529138, 1364095, 431557, -524944, 1810527, -713832, -137681], [-692487, 554247, 328262, -943814, -1836508, 673697, 1149779, -713832, 2389139, -1150744], [-195879, -810267, -1311731, -95407, 206016, -1200021, 22684, -137681, -1150744, 4235625]], "lincomb_exact": [0.0, 0.0, 0.0, 1.0, 0.0, 0.0, -1.0, 0.0, 1.0, 0.0], "lincomb_LLL": [0.0, 0.0, 0.0, 1.0, 0.0, 0.0, -1.0, 0.0, 1.0, 0.0], "lincomb_cube": [0.1669631004333496, -0.3026123046875, -0.306638240814209, 0.5513715744018555, 0.3475613594055176, -0.10185956954956055, -0.5201530456542969, -0.07602071762084961, 1.0, 0.09352219104766846], "lincomb_cube_shortest": [0.0, 0.0, 0.0, 1.0, 0.0, 0.0, -1.0, 0.0, 1.0, 0.0], "exact.norm": 1261.484375, "LLL.norm": 1261.484375, "shortest_cube.norm": 1261.484375, "sv_LLL": [123.0, -78.0, 145.0, -353.0, -510.0, -632.0, -200.0, -578.0, 433.0, 451.0], "sv_exact": [123.0, -78.0, 145.0, -353.0, -510.0, -632.0, -200.0, -578.0, 433.0, 451.0], "sv_shortst_cube": [123.0, -78.0, 145.0, -353.0, -510.0, -632.0, -200.0, -578.0, 433.0, 451.0]}, {"B": [[672, 168, -70, -697, -243, 144, -768, 622, -50, -471], [50, -923, -442, -303, 584, 563, -139, -763, 850, -954], [455, -350, -211, 252, 733, 466, 249, 370, -136, 679], [814, 232, -471, 136, -276, -737, -21, -299, 28, -917], [-497, 473, 182, -708, 236, -964, 950, -430, 281, 275], [-253, 103, 128, -122, -425, -851, -739, -656, -545, -682], [638, 514, -691, -87, -367, 243, 317, 879, -590, -470], [925, 730, -769, -806, -707, 905, -466, -52, -48, 892], [404, 749, 930, 638, -387, -148, 939, -745, -945, 752], [-227, -701, 855, -884, 247, 3, 485, 692, -586, 329]], "G": [[2251351, 98827, -299030, 745759, -1110583, 412085, 1302422, 1569785, -1531221, 158682], [98827, 4033733, -27151, 547097, -559717, -64015, -956118, -734115, -2667577, -735825], [-299030, -27151, 1870433, -865237, -658780, -1732697, 243767, 504943, 130866, 601233], [745759, 547097, -865237, 2507617, 32813, 1307358, 1019402, -90934, -145758, -1475916], [-1110583, -559717, -658780, 32813, 3232104, 243531, -830854, -911545, 1076040, 707127], [412085, -64015, -1732697, 1307358, 243531, 2749318, -405921, -832313, 103522, -622387], [1302422, -956118, 243767, 1019402, -830854, -405921, 2792158, 1461905, -102415, -155834], [1569785, -734115, 504943, -90934, -911545, -832313, 1461905, 4966224, 148051, -779008], [-1531221, -2667577, 130866, -145758, 1076040, 103522, -102415, 148051, 5063109, 259421], [158682, -735825, 601233, -1475916, 707127, -622387, -155834, -779008, 259421, 3282155]], "lincomb_exact": [0.0, 0.0, 1.0, 0.0, 0.0, 1.0, 0.0, 0.0, 0.0, 0.0], "lincomb_LLL": [0.0, 0.0, 1.0, 0.0, 0.0, 1.0, 0.0, 0.0, 0.0, 0.0], "lincomb_cube": [0.18346858024597168, 0.26799440383911133, 0.7881956100463867, -0.7467231750488281, 0.344510555267334, 1.0, 0.4832344055175781, -0.07578790187835693, 0.08931422233581543, -0.3156576156616211], "lincomb_cube_shortest": [0.0, 0.0, 1.0, 0.0, 0.0, 1.0, 0.0, 0.0, 0.0, 0.0], "exact.norm": 1074.41015625, "LLL.norm": 1074.41015625, "shortest_cube.norm": 1074.41015625, "sv_LLL": [202.0, -247.0, -83.0, 130.0, 308.0, -385.0, -490.0, -286.0, -681.0, -3.0], "sv_exact": [202.0, -247.0, -83.0, 130.0, 308.0, -385.0, -490.0, -286.0, -681.0, -3.0], "sv_shortst_cube": [202.0, -247.0, -83.0, 130.0, 308.0, -385.0, -490.0, -286.0, -681.0, -3.0]}, {"B": [[-691, 222, 921, -114, -419, 186, 150, 241, -643, 930], [-564, 310, -514, 635, -572, -718, -744, 208, 942, -392], [-752, 241, 807, -939, -190, -207, 481, 90, 982, 634], [-989, 469, -494, -893, 909, -306, 266, 104, 124, 336], [489, 296, 711, -91, -115, 72, 94, -509, -887, -98], [776, -531, -753, -34, -822, -938, -632, 896, 15, 853], [-664, -991, 741, -880, -671, -686, -604, 541, 902, -389], [-654, -107, 373, 837, 831, -661, 341, 825, -859, -950], [811, 888, 33, -198, -906, 790, 890, -175, -833, -705], [497, -271, 739, 694, 884, -111, 0, 187, -150, 293]], "G": [[2957089, -1012858, 1516569, 294270, 825227, -269004, 273181, 123952, 187548, 220879], [-1012858, 3562153, 82453, -101369, -1566137, 1243176, 1568048, 155843, -1580690, -946684], [1516569, 82453, 3841245, 1659356, -563982, -604742, 2351600, -1247541, -1027337, -584039], [294270, -101369, 1659356, 3369328, -912183, -860789, 88424, 373355, -1412021, -666622], [825227, -1566137, -563982, -912183, 1923238, -895378, -1077425, 161563, 1842674, 524593], [-269004, 1243176, -604742, -860789, -895378, 4937904, 1226111, -1122625, -1189737, -257789], [273181, 1568048, 2351600, 88424, -1077425, 1226111, 5289717, -188936, -2263189, -789696], [123952, 155843, -1247541, 373355, 161563, -1122625, -188936, 4843632, -509491, 1373234], [187548, -1580690, -1027337, -1412021, 1842674, -1189737, -2263189, -509491, 4945133, -953540], [220879, -946684, -584039, -666622, 524593, -257789, -789696, 1373234, -953540, 2285302]], "lincomb_exact": [0.0, 0.0, 0.0, 0.0, 1.0, 0.0, 0.0, 0.0, 0.0, 0.0], "lincomb_LLL": [0.0, 0.0, 0.0, 0.0, 1.0, 0.0, 0.0, 0.0, 0.0, 0.0], "lincomb_cube": [-0.4630417823791504, -0.13255667686462402, 0.6600914001464844, -0.4662022590637207, 1.0, 0.18172478675842285, -0.47510671615600586, 0.3867206573486328, -0.6956930160522461, -0.8733377456665039], "lincomb_cube_shortest": [0.0, 0.0, 0.0, 0.0, 1.0, 0.0, 0.0, 0.0, 0.0, 0.0], "exact.norm": 1386.80859375, "LLL.norm": 1386.80859375, "shortest_cube.norm": 1386.80859375, "sv_LLL": [489.0, 296.0, 711.0, -91.0, -115.0, 72.0, 94.0, -509.0, -887.0, -98.0], "sv_exact": [489.0, 296.0, 711.0, -91.0, -115.0, 72.0, 94.0, -509.0, -887.0, -98.0], "sv_shortst_cube": [489.0, 296.0, 711.0, -91.0, -115.0, 72.0, 94.0, -509.0, -887.0, -98.0]}, {"B": [[697, 789, 337, -469, 650, 920, -846, 649, 866, -953], [452, -354, 569, -921, 979, 353, 859, -13, -963, 715], [69, 443, 833, -767, 941, -396, -36, -226, 411, -607], [-67, -71, 807, -643, -843, 423, 874, 441, 65, -801], [-327, -275, -380, 80, -147, 877, 600, -129, -347, -227], [449, 92, -806, 945, 51, 725, -449, -556, -336, -984], [876, 960, -796, -35, 804, -442, -570, -641, 536, -860], [-979, 347, 394, 327, -234, 831, 460, -362, -209, 426], [679, 970, -84, -386, -725, 423, 247, -636, 320, 380], [529, 937, -613, -204, -707, -121, -521, -851, -620, -280]], "G": [[5505842, -629954, 2103573, 678466, -574676, 1036650, 2582102, -1027815, 602483, 44618], [-629954, 4761316, 978417, 479981, 514247, -1611180, -1345852, 327633, -105237, -1027985], [2103573, 978417, 3115227, 550357, -1005181, -962573, 1688799, -664936, -111378, -393718], [678466, 479981, 550357, 3567989, 805009, -902288, -1668618, 585015, 507973, -567336], [-574676, 514247, -1005181, 805009, 1672671, 980369, -1006677, 1162852, 22747, -140347], [1036650, -1611180, -962573, -902288, 980369, 3872841, 2089169, -179883, 128018, 1692166], [2582102, -1345852, 1688799, -1668618, -1006677, 2089169, 4928274, -1913533, 948118, 2094007], [-1027815, 327633, -664936, 585015, 1162852, -179883, -1913533, 2654133, 472546, -357393], [602483, -105237, -111378, 507973, 22747, 128018, 948118, 472546, 2974852, 1967458], [44618, -1027985, -393718, -567336, -140347, 1692166, 2094007, -357393, 1967458, 3548127]], "lincomb_exact": [0.0, 0.0, 0.0, 0.0, 1.0, 0.0, 0.0, 0.0, 0.0, 0.0], "lincomb_LLL": [0.0, 0.0, 0.0, 0.0, 1.0, 0.0, 0.0, 0.0, 0.0, 0.0], "lincomb_cube": [0.029882043600082397, -0.3336019515991211, 0.7113142013549805, -0.5430498123168945, 1.0, -0.10398232936859131, -0.6236534118652344, -0.5826253890991211, 0.30867910385131836, 0.12242865562438965], "lincomb_cube_shortest": [0.0, 0.0, 0.0, 0.0, 1.0, 0.0, 0.0, 0.0, 0.0, 0.0], "exact.norm": 1293.318359375, "LLL.norm": 1293.318359375, "shortest_cube.norm": 1293.318359375, "sv_LLL": [-327.0, -275.0, -380.0, 80.0, -147.0, 877.0, 600.0, -129.0, -347.0, -227.0], "sv_exact": [-327.0, -275.0, -380.0, 80.0, -147.0, 877.0, 600.0, -129.0, -347.0, -227.0], "sv_shortst_cube": [-327.0, -275.0, -380.0, 80.0, -147.0, 877.0, 600.0, -129.0, -347.0, -227.0]}, {"B": [[-973, -988, -878, -561, 896, -471, 609, -807, -981, 264], [-133, 649, -578, 133, 195, -138, 209, -41, 764, 108], [814, -879, -662, 275, 380, -579, -101, 300, 451, -425], [-283, 227, 227, -638, 33, -207, -937, 249, -92, -988], [-742, 595, -667, 942, -512, -646, -44, -282, 673, 745], [494, -430, -317, 595, -353, -609, 818, -837, 776, 305], [512, 807, 975, -736, -5, -125, -393, 613, -476, 537], [-733, -258, -500, 896, 309, 17, 264, 187, -875, -822], [328, 71, 53, 573, 226, 938, 240, -875, 359, -382], [-377, -50, 304, -699, 360, -352, -374, -409, 506, -68]], "G": [[6087322, -399818, 258340, -605396, -225971, 352145, -1809555, 1824548, -597323, 617759], [-399818, 1488454, 159735, -379131, 1581959, 763879, -602454, -313643, 281711, 185631], [258340, 159735, 2912974, -75481, -340173, 1258669, -1289268, 299258, -92631, -143613], [-605396, -379131, -75481, 2558707, -1117494, -1922178, 789010, 162234, -715325, 964284], [-225971, 1581959, -340173, -1117494, 4005716, 1673196, -1235923, 133103, -225169, -146498], [352145, 763879, 1258669, -1922178, 1673196, 3443834, -1803333, -549249, 895385, -181406], [-1809555, -602454, -1289268, 789010, -1235923, -1803333, 3466527, -1748163, -1269913, 238583], [1824548, -313643, 299258, 162234, 133103, -549249, -1748163, 3298413, 213560, -945880], [-597323, 281711, -92631, -715325, -225169, 895385, -1269913, 213560, 2472713, -284692], [617759, 185631, -143613, 964284, -146498, -181406, 238583, -945880, -284692, 1546967]], "lincomb_exact": [0.0, 1.0, 0.0, 0.0, 0.0, 0.0, 0.0, 0.0, 0.0, 0.0], "lincomb_LLL": [0.0, 1.0, 0.0, 0.0, 0.0, 0.0, 0.0, 0.0, 0.0, 0.0], "lincomb_cube": [-0.022294849157333374, 1.0, -0.28662538528442383, 0.07264316082000732, -0.5553674697875977, 0.2580733299255371, -0.06098294258117676, 0.1340162754058838, -0.3157639503479004, -0.17207670211791992], "lincomb_cube_shortest": [0.0, 1.0, 0.0, 0.0, 0.0, 0.0, 0.0, 0.0, 0.0, 0.0], "exact.norm": 1220.021484375, "LLL.norm": 1220.021484375, "shortest_cube.norm": 1220.021484375, "sv_LLL": [-133.0, 649.0, -578.0, 133.0, 195.0, -138.0, 209.0, -41.0, 764.0, 108.0], "sv_exact": [-133.0, 649.0, -578.0, 133.0, 195.0, -138.0, 209.0, -41.0, 764.0, 108.0], "sv_shortst_cube": [-133.0, 649.0, -578.0, 133.0, 195.0, -138.0, 209.0, -41.0, 764.0, 108.0]}, {"B": [[416, 107, 757, -300, -179, 287, -863, 461, -278, 346], [529, 89, 778, -732, 86, -999, -173, -744, 808, -163], [260, -929, -520, 349, 436, 424, -591, 612, 940, -997], [-227, 284, -310, -845, -370, 80, 605, -375, -719, -213], [-953, 799, -971, -54, -8, 887, 228, 315, 783, 516], [736, -649, -985, -568, -261, -449, 844, 255, -668, -865], [-44, 840, -979, -4, 455, -41, 483, -167, -217, 868], [-1000, 454, -178, -493, -991, -219, 373, -986, -463, -164], [547, -721, -704, -340, -420, 431, -397, 62, 32, 556], [-29, -34, 627, -96, 956, -796, 884, 560, 120, -935]], "G": [[2116254, 261319, -260056, -524830, -864488, -1145059, -894701, -944207, 473027, -773441], [261319, 3697165, -422303, -201085, -1760985, -327347, -903292, 189036, -582546, 1096924], [-260056, -422303, 4294148, -1634515, 148223, 695818, -1560153, -2381782, 807392, 609085], [-524830, -201085, -1634515, 2154590, 210737, 1574104, 709767, 2140095, -38384, -96028], [-864488, -1760985, 148223, 210737, 4309754, -1325654, 1959406, 656182, 231197, -1327410], [-1145059, -327347, 695818, 1574104, -1325654, 4497278, 47900, 296216, 851608, 1163054], [-894701, -903292, -1560153, 709767, 1959406, 47900, 2936390, 462608, 125656, -677285], [-944207, 189036, -2381782, 2140095, 656182, 296216, 462608, 3863481, -574784, -948434], [473027, -582546, 807392, -38384, 231197, 851608, 125656, -574784, 2264040, -1976961], [-773441, 1096924, 609085, -96028, -1327410, 1163054, -677285, -948434, -1976961, 3935575]], "lincomb_exact": [0.0, 0.0, 0.0, 1.0, 0.0, 0.0, 0.0, -1.0, -1.0, -1.0], "lincomb_LLL": [0.0, 0.0, 0.0, 1.0, 0.0, 0.0, 0.0, -1.0, -1.0, -1.0], "lincomb_cube": [0.4489583969116211, -0.22996187210083008, 0.31281518936157227, -0.42918825149536133, -0.25255632400512695, -0.38845252990722656, 0.5496902465820312, 0.9503068923950195, 0.9840545654296875, -1.0], "lincomb_cube_shortest": [0.0, 0.0, 0.0, 0.0, 0.0, 0.0, 0.0, 0.0, 0.0, -1.0], "exact.norm": 1098.162109375, "LLL.norm": 1098.162109375, "shortest_cube.norm": 1983.828125, "sv_LLL": [255.0, 585.0, -55.0, 84.0, 85.0, 664.0, -255.0, -11.0, -408.0, 330.0], "sv_exact": [255.0, 585.0, -55.0, 84.0, 85.0, 664.0, -255.0, -11.0, -408.0, 330.0], "sv_shortst_cube": [29.0, 34.0, -627.0, 96.0, -956.0, 796.0, -884.0, -560.0, -120.0, 935.0]}, {"B": [[-478, 172, -816, -294, -714, 803, 37, -13, -629, -611], [463, 147, -129, 565, -184, 695, -125, -882, -122, 312], [814, 700, -628, 906, -587, 611, -168, -824, 86, 494], [876, 779, -946, 112, 509, 445, 653, 590, -497, -960], [556, 967, 469, -284, -318, 292, 429, 525, -552, -168], [925, 148, 251, 229, 326, 628, 33, 738, -1, -193], [721, 469, -57, -579, -373, -168, 487, 905, -534, 845], [-164, 721, -784, 865, -749, -762, -289, -856, -711, 101], [-70, -522, -657, -991, 69, -903, -375, 569, 99, -428], [-995, 398, 681, 69, 954, 634, -188, -820, -32, -872]], "G": [[2935465, 325532, 535711, 1363841, 521780, -307137, -89969, 896681, 174732, 352654], [325532, 1994502, 2496741, 80143, -61679, 208378, -495441, 1137513, -1825184, 292631], [535711, 2496741, 4044338, 814190, 307590, 389658, 86689, 2363971, -2108640, -795364], [1363841, 80143, 814190, 4681901, 1758456, 1801934, 1027563, 98858, 128370, -183900], [521780, -61679, 307590, 1758456, 2523824, 1224390, 1898516, -189532, -700895, -333797], [-307137, 208378, 389658, 1801934, 1224390, 2076614, 883747, -1426448, -588390, -408619], [-89969, -495441, 86689, 1027563, 1898516, 883747, 3301020, -279253, 359711, -2625263], [896681, 1137513, 2363971, 98858, -189532, -1426448, -279253, 4383242, -562910, -530803], [174732, -1825184, -2108640, 128370, -700895, -588390, 359711, -562910, 3168655, -1186610], [352654, 292631, -795364, -183900, -333797, -408619, -2625263, -530803, -1186610, 4398175]], "lincomb_exact": [0.0, -1.0, 1.0, 0.0, 0.0, 0.0, 0.0, 0.0, 0.0, 0.0], "lincomb_LLL": [0.0, -1.0, 1.0, 0.0, 0.0, 0.0, 0.0, 0.0, 0.0, 0.0], "lincomb_cube": [0.05095529556274414, -1.0438804626464844, 1.0, -0.14960598945617676, -0.14606690406799316, 0.01567065715789795, 0.1945815086364746, -0.20754480361938477, 0.11061465740203857, 0.35126352310180664], "lincomb_cube_shortest": [0.0, -1.0, 1.0, 0.0, 0.0, 0.0, 0.0, 0.0, 0.0, 0.0], "exact.norm": 1022.427734375, "LLL.norm": 1022.427734375, "shortest_cube.norm": 1022.427734375, "sv_LLL": [351.0, 553.0, -499.0, 341.0, -403.0, -84.0, -43.0, 58.0, 208.0, 182.0], "sv_exact": [351.0, 553.0, -499.0, 341.0, -403.0, -84.0, -43.0, 58.0, 208.0, 182.0], "sv_shortst_cube": [351.0, 553.0, -499.0, 341.0, -403.0, -84.0, -43.0, 58.0, 208.0, 182.0]}, {"B": [[-417, 291, 430, 924, -252, 180, 468, -823, -326, 155], [-72, 141, 372, -304, 380, -103, -959, -732, -90, 362], [-919, 583, -76, 374, 754, 237, 471, 938, 373, -4], [756, -116, -103, 236, -712, -924, 599, -971, 533, 108], [678, -886, -617, -816, 39, -733, 327, -138, -788, 913], [628, 742, 469, -269, 508, -652, 114, -401, 578, 651], [-713, 63, -613, 946, -6, 389, 419, -602, -483, -950], [653, 573, -524, -562, -277, -923, -717, 855, -439, -811], [184, 229, -564, 740, 402, -624, -290, -402, 629, 504], [-529, -632, -841, 872, 503, -965, -524, -867, 282, 705]], "G": [[2419804, 74893, 44660, 760317, -1036601, -42364, 1699446, -1968314, 285719, 665975], [74893, 2005523, -904811, -228779, 123966, 943694, -759335, -192823, 499517, 1028561], [44660, -904811, 3195617, -1852428, -1815230, -161742, 636351, -560241, 158190, -299388], [760317, -228779, -1852428, 3609412, 1144314, 1353696, -139621, -182647, 1241945, 1253754], [-1036601, 123966, -1815230, 1144314, 4410521, 427746, -1484975, 635752, 64222, 1105344], [-42364, 943694, -161742, 1353696, 427746, 2852120, -1808121, -4544, 1252766, 364433], [1699446, -759335, 636351, -139621, -1484975, -1808121, 3608134, -829961, 21746, 795825], [-1968314, -192823, -560241, -182647, 635752, -4544, -829961, 4369372, -225032, -1066719], [285719, 499517, 158190, 1241945, 64222, 1252766, 21746, -225032, 2398334, 2715098], [665975, 1028561, -299388, 1253754, 1105344, 364433, 795825, -1066719, 2715098, 4933978]], "lincomb_exact": [0.0, 3.0, 2.0, 2.0, 1.0, -3.0, 0.0, 0.0, 2.0, -2.0], "lincomb_LLL": [0.0, 3.0, 2.0, 2.0, 1.0, -3.0, 0.0, 0.0, 2.0, -2.0], "lincomb_cube": [0.06201469898223877, 2.5842933654785156, 1.9605522155761719, 1.762908935546875, 1.0, -2.3150482177734375, -0.12983989715576172, -0.07038438320159912, 1.6830921173095703, -1.8495960235595703], "lincomb_cube_shortest": [0.0, 3.0, 2.0, 2.0, 1.0, -3.0, 0.0, 0.0, 2.0, -2.0], "exact.norm": 1064.068359375, "LLL.norm": 1064.068359375, "shortest_cube.norm": 1064.068359375, "sv_LLL": [-322.0, -33.0, -712.0, 35.0, -463.0, 222.0, -284.0, -267.0, -286.0, -148.0], "sv_exact": [-322.0, -33.0, -712.0, 35.0, -463.0, 222.0, -284.0, -267.0, -286.0, -148.0], "sv_shortst_cube": [-322.0, -33.0, -712.0, 35.0, -463.0, 222.0, -284.0, -267.0, -286.0, -148.0]}, {"B": [[903, 474, -287, -818, 315, -350, -478, -796, 726, -507], [316, -613, -789, -371, 922, -236, -152, 307, -5, 335], [-812, 354, 219, -252, -661, 855, 6, -354, -15, -229], [-314, -648, 257, 312, 742, 209, 451, 63, -295, 815], [545, -765, 487, -434, 501, 381, -905, 349, 529, 629], [-518, -105, -804, -178, 766, 699, 291, 278, 357, -624], [445, 212, -401, -414, 625, -991, -448, -886, -344, -783], [-390, -920, 133, 667, -253, -792, 440, 810, 475, 325], [306, 947, 869, -739, -983, 366, 530, -277, 109, 702], [-626, -7, -515, -117, -868, -436, -970, -559, 87, -94]], "G": [[3659528, 552546, -545493, -1652190, 589170, 70632, 2566424, -1849527, 332922, 573539], [552546, 2371170, -1550345, 839564, 1242715, 972648, 826282, 330262, -1818963, -497281], [-545493, -1550345, 2242089, -510338, -783687, 384420, -1034790, -1023534, 1364843, 835788], [-1652190, 839564, -510338, 2234758, 736124, 217871, -1047231, 981871, -608313, -1277901], [589170, 1242715, -783687, 736124, 3320245, -236172, -577969, 178228, -243897, -467170], [70632, 972648, 384420, 217871, -236172, 2711596, -81525, -354449, -1644132, -557720], [2566424, 826282, -1034790, -1047231, -577969, -81525, 3664997, -1403969, -1261850, 837983], [-1849527, 330262, -1023534, 981871, 178228, -354449, -1403969, 3333301, -1120334, -199853], [332922, -1818963, 1364843, -608313, -243897, -1644132, -1261850, -1120334, 4254286, -281351], [573539, -497281, 835788, -1277901, -467170, -557720, 837983, -199853, -281351, 2884145]], "lincomb_exact": [-1.0, -2.0, -2.0, 0.0, 1.0, 2.0, 1.0, 0.0, 1.0, 1.0], "lincomb_LLL": [-1.0, -2.0, -2.0, 0.0, 1.0, 2.0, 1.0, 0.0, 1.0, 1.0], "lincomb_cube": [-0.778498649597168, -1.321065902709961, -1.962057113647461, 0.32955121994018555, 0.5121240615844727, 1.5310401916503906, 0.473696231842041, -0.2956695556640625, 0.9224939346313477, 1.0], "lincomb_cube_shortest": [-1.0, -2.0, -2.0, 0.0, 1.0, 2.0, 1.0, 0.0, 1.0, 1.0], "exact.norm": 915.728515625, "LLL.norm": 915.728515625, "shortest_cube.norm": 915.728515625, "sv_LLL": [-277.0, 221.0, 259.0, 4.0, -30.0, -170.0, -441.0, 73.0, 409.0, -499.0], "sv_exact": [-277.0, 221.0, 259.0, 4.0, -30.0, -170.0, -441.0, 73.0, 409.0, -499.0], "sv_shortst_cube": [-277.0, 221.0, 259.0, 4.0, -30.0, -170.0, -441.0, 73.0, 409.0, -499.0]}, {"B": [[-503, -824, 857, -818, -373, -490, 202, -613, -964, 677], [-10, 230, 377, 157, -313, 102, 804, 216, -814, -692], [-374, -77, 464, -231, 575, -679, -131, 79, -807, -150], [-869, -401, -869, -637, -582, 283, 629, 136, -482, -999], [185, 880, -44, 970, -41, 405, 288, 598, -229, -989], [30, 709, 741, 907, -813, 766, 323, -778, -164, -542], [-305, 799, -508, -711, -622, -195, -614, -194, 351, 690], [-709, 385, 884, 40, -25, -404, -24, -338, 834, 256], [-346, -28, 851, -563, 388, 141, 598, -886, 163, -579], [675, -392, 860, -535, 391, -752, -682, -852, 17, -57]], "G": [[4518985, 423154, 1557920, 454295, -2589695, -444964, 92497, 543222, 1287936, 1710305], [423154, 2162683, 547896, 1318618, 1621909, 1517331, -1240281, -546527, 679796, -762526], [1557920, 547896, 1903279, 40176, -337339, -809222, -565818, 161402, 590815, 1052657], [454295, 1318618, 40176, 4140167, 406047, -124258, -125258, -1150518, 500602, -1772407], [-2589695, 1621909, -337339, 406047, 3388277, 2021593, -1129729, -608262, -453307, -1750898], [-444964, 1517331, -809222, -124258, 2021593, 4153309, -586582, 633564, 1051828, -528902], [92497, -1240281, -565818, -125258, -1129729, -586582, 2933853, 690360, -755273, -121467], [543222, -546527, 161402, -1150518, -608262, 633564, 690360, 2473715, 1170468, 707308], [1287936, 679796, 590815, 500602, -453307, 1051828, -755273, 1170468, 2836505, 1238977], [1710305, -762526, 1052657, -1772407, -1750898, -528902, -121467, 707308, 1238977, 3548065]], "lincomb_exact": [2.0, -2.0, -1.0, 0.0, 3.0, -1.0, 0.0, 0.0, 1.0, 0.0], "lincomb_LLL": [2.0, -2.0, -1.0, 0.0, 3.0, -1.0, 0.0, 0.0, 1.0, 0.0], "lincomb_cube": [2.4861221313476562, -2.2627792358398438, -1.5007858276367188, -0.09926986694335938, 3.7653274536132812, -1.1914215087890625, 0.22336554527282715, -0.3318028450012207, 1.0, 0.11606621742248535], "lincomb_cube_shortest": [2.0, -2.0, -1.0, 0.0, 3.0, -1.0, 0.0, 0.0, 1.0, 0.0], "exact.norm": 838.048828125, "LLL.norm": 838.048828125, "shortest_cube.norm": 838.048828125, "sv_LLL": [-433.0, -128.0, 474.0, -279.0, 383.0, 85.0, 66.0, -51.0, 147.0, -116.0], "sv_exact": [-433.0, -128.0, 474.0, -279.0, 383.0, 85.0, 66.0, -51.0, 147.0, -116.0], "sv_shortst_cube": [-433.0, -128.0, 474.0, -279.0, 383.0, 85.0, 66.0, -51.0, 147.0, -116.0]}, {"B": [[-519, -928, -769, 743, 791, 274, -93, -744, 669, 422], [44, -608, 696, -852, -404, -839, -78, 790, -542, 346], [-60, 134, 332, -446, -591, 530, 219, 108, -753, -418], [-699, 25, 758, 433, 410, -607, 923, 758, 173, -836], [618, 289, 243, 664, 958, 644, 204, 551, 590, 58], [-64, 891, 340, -170, -297, -334, 367, -759, 42, -316], [-307, -873, 739, -459, 517, 127, -700, 941, -30, 678], [743, 320, 836, -275, -834, -604, -449, -891, 580, -113], [-300, -717, 838, -957, -264, 716, -775, 887, -699, 337], [-731, -803, 766, -417, -868, -322, -98, 596, 967, 807]], "G": [[4162542, -1973414, -1783031, -650456, 642055, -1082534, 134936, -1309981, -1460307, 4039], [-1973414, 3492721, 652782, 600133, -1352802, -523186, 2156105, 475654, 2583920, 2198902], [-1783031, 652782, 1762235, 42988, -803010, 409304, -199223, -12789, 1474016, -303691], [-650456, 600133, 42988, 3943146, 708353, 366950, 184244, -867053, -575892, 584488], [642055, -1352802, -803010, 708353, 2994571, -648824, 407167, -862637, -678462, -887747], [-1082534, -523186, 409304, 366950, -648824, 1954632, -1811499, 1589546, -1426281, -674743], [134936, 2156105, -199223, 184244, 407167, -1811499, 3732663, -889463, 3357653, 2340835], [-1309981, 475654, -12789, -867053, -862637, 1589546, -889463, 3833993, -586728, 855993], [-1460307, 2583920, 1474016, -575892, -678462, -1426281, 3357653, -586728, 4794098, 2035256], [4039, 2198902, -303691, 584488, -887747, -674743, 2340835, 855993, 2035256, 4748081]], "lincomb_exact": [0.0, 0.0, -1.0, 0.0, 0.0, 0.0, -1.0, 0.0, 1.0, 0.0], "lincomb_LLL": [0.0, 0.0, -1.0, 0.0, 0.0, 0.0, -1.0, 0.0, 1.0, 0.0], "lincomb_cube": [0.19012999534606934, 0.2988090515136719, -0.8283615112304688, 0.1168820858001709, 0.2308504581451416, 0.22353744506835938, -1.0413703918457031, -0.07023882865905762, 1.0, -0.0335690975189209], "lincomb_cube_shortest": [0.0, 0.0, -1.0, 0.0, 0.0, 0.0, -1.0, 0.0, 1.0, 0.0], "exact.norm": 476.66748046875, "LLL.norm": 476.66748046875, "shortest_cube.norm": 476.66748046875, "sv_LLL": [67.0, 22.0, -233.0, -52.0, -190.0, 59.0, -294.0, -162.0, 84.0, 77.0], "sv_exact": [67.0, 22.0, -233.0, -52.0, -190.0, 59.0, -294.0, -162.0, 84.0, 77.0], "sv_shortst_cube": [67.0, 22.0, -233.0, -52.0, -190.0, 59.0, -294.0, -162.0, 84.0, 77.0]}, {"B": [[-727, -58, -897, -915, 371, -399, 849, -211, 631, -673], [630, 19, -823, 503, -807, -169, 256, 183, -415, -507], [-109, -183, 89, -735, 126, 447, -399, 125, 908, 363], [-359, -946, -979, 423, 459, 127, 793, -376, 768, -82], [816, 900, -359, -369, 825, 58, 314, -854, 632, 262], [737, 875, -117, -644, 294, -670, -50, 654, 536, -754], [-494, 856, -909, -508, -559, -313, 347, -487, 943, 422], [-174, 302, -271, -49, 431, 961, -489, -384, 526, -877], [-648, 787, 783, -180, 777, -272, -408, 922, 361, -130], [-391, 58, 942, 536, -492, -387, -231, 179, -438, 503]], "G": [[4086981, -155015, 514465, 2218982, 966405, 1149278, 2215568, 761356, 58941, -1931425], [-155015, 2535708, -1332454, 239520, -505559, 395986, 96049, -384829, -1728934, -388069], [514465, -1332454, 1940260, 232987, 552422, 274709, 789434, 765837, 663556, -613669], [2218982, 239520, 232987, 3754750, 471069, -1012424, 894168, 573721, -1414776, -1513083], [966405, -505559, 552422, 471069, 3720867, 1439209, 1633146, 933547, -131304, -1601594], [1149278, 395986, 274709, -1012424, 1439209, 3558583, 715203, 398627, 1560940, -1063587], [2215568, 96049, 789434, 894168, 1633146, 715203, 3896478, 217226, -280757, -857703], [761356, -384829, 765837, 573721, 933547, 398627, 217226, 2738986, 369908, -1407251], [58941, -1728934, 663556, -1414776, -131304, 1560940, -280757, 369908, 3526244, 698878], [-1931425, -388069, -613669, -1513083, -1601594, -1063587, -857703, -1407251, 698878, 2252993]], "lincomb_exact": [1.0, 2.0, 1.0, 0.0, 1.0, -1.0, -1.0, 0.0, 1.0, 1.0], "lincomb_LLL": [1.0, 2.0, 1.0, 0.0, 1.0, -1.0, -1.0, 0.0, 1.0, 1.0], "lincomb_cube": [0.7727460861206055, 1.2222347259521484, 0.9206323623657227, -0.1655113697052002, 0.7497186660766602, -0.5605945587158203, -0.5865049362182617, 0.07049989700317383, 0.37048959732055664, 1.0], "lincomb_cube_shortest": [1.0, 2.0, 1.0, 0.0, 1.0, -1.0, -1.0, 0.0, 1.0, 1.0], "exact.norm": 883.3212890625, "LLL.norm": 883.3212890625, "shortest_cube.norm": 883.3212890625, "sv_LLL": [-42.0, -189.0, -62.0, 495.0, 258.0, 92.0, 340.0, 360.0, -215.0, -357.0], "sv_exact": [-42.0, -189.0, -62.0, 495.0, 258.0, 92.0, 340.0, 360.0, -215.0, -357.0], "sv_shortst_cube": [-42.0, -189.0, -62.0, 495.0, 258.0, 92.0, 340.0, 360.0, -215.0, -357.0]}, {"B": [[720, -278, 181, 88, -760, -219, -463, -663, -749, 375], [218, 340, -664, 502, 913, 592, 57, 381, 363, 372], [544, -259, 725, 363, 715, 370, 54, 460, -870, -879], [513, -490, -919, -539, -534, -97, 766, 144, 980, 426], [53, -732, 958, -382, 507, -928, -701, 821, 252, -647], [-662, -360, 306, 877, -78, -8, 668, -249, -334, 81], [-785, -229, -997, 406, -787, -109, -530, -153, -180, 919], [312, 332, 361, -224, -293, 401, -93, -448, -597, 339], [834, -962, -750, -470, 651, 490, -582, -891, -339, -455], [-317, -305, -617, 58, -444, -549, -441, -350, 927, -536]], "G": [[2617314, -1248477, -5556, -305508, -451783, -46622, 801998, 1227195, 1032221, -251442], [-1248477, 2458620, 138733, 352644, -1028051, -253499, 21796, -467965, 336273, -485760], [-5556, 138733, 3412593, -1993100, 1482728, 355496, -2296412, 213335, 888846, -1560474], [-305508, 352644, -1993100, 3682284, -916761, -691677, 624827, -672478, 346472, 1104857], [-451783, -1028051, 1482728, -916761, 4368109, -654826, -1676088, -988153, -29809, 479768], [-46622, -253499, 355496, -691677, -654826, 2063099, 533964, -116115, -992722, -339730], [801998, 21796, -2296412, 624827, -1676088, 533964, 3640031, -48092, -355551, 994492], [1227195, -467965, 213335, -672478, -988153, -116115, -48092, 1315398, 282533, -1063260], [1032221, 336273, 888846, 346472, -29809, -992722, -355551, 282533, 4522852, 404607], [-251442, -485760, -1560474, 1104857, 479768, -339730, 994492, -1063260, 404607, 2539710]], "lincomb_exact": [0.0, 0.0, 0.0, 0.0, 0.0, 0.0, 0.0, 1.0, 0.0, 0.0], "lincomb_LLL": [0.0, 0.0, 0.0, 0.0, 0.0, 0.0, 0.0, 1.0, 0.0, 0.0], "lincomb_cube": [-0.2711477279663086, 0.2259838581085205, 0.21855998039245605, 0.22034287452697754, 0.26681041717529297, 0.19877076148986816, 0.1507720947265625, 1.0, -0.055717408657073975, 0.3994898796081543], "lincomb_cube_shortest": [0.0, 0.0, 0.0, 0.0, 0.0, 0.0, 0.0, 1.0, 0.0, 0.0], "exact.norm": 1146.908203125, "LLL.norm": 1146.908203125, "shortest_cube.norm": 1146.908203125, "sv_LLL": [312.0, 332.0, 361.0, -224.0, -293.0, 401.0, -93.0, -448.0, -597.0, 339.0], "sv_exact": [312.0, 332.0, 361.0, -224.0, -293.0, 401.0, -93.0, -448.0, -597.0, 339.0], "sv_shortst_cube": [312.0, 332.0, 361.0, -224.0, -293.0, 401.0, -93.0, -448.0, -597.0, 339.0]}, {"B": [[-715, 19, -749, -582, 946, 808, 847, -338, -121, -384], [-368, -868, -739, -741, -613, -685, -986, -676, 412, -553], [455, 758, -493, 506, 116, 704, 606, -112, 2, 312], [-458, -668, 987, 567, -514, 614, -788, 981, -348, -263], [821, -666, -706, 37, -774, 954, -163, -580, -774, -519], [348, -826, -12, 995, 782, 369, 152, 520, 584, -854], [-92, -692, 837, -704, -558, -652, -681, 52, 52, -313], [607, 95, 895, 236, -236, 670, -488, 823, 106, -689], [-755, -132, -833, 400, -43, -471, 86, -951, 335, 488], [883, 641, -969, -425, -153, -799, 204, 891, 78, -660]], "G": [[3952841, -346131, 873498, -1600525, 297148, 413564, -1699720, -1361563, 673541, -320733], [-346131, 4733769, -2082867, -390805, 1112166, -660176, 2157134, -1106890, 1486833, 384444], [873498, -2082867, 2266874, -1211943, 620045, 160698, -2375059, -131980, 144470, 388134], [-1600525, -390805, -1211943, 4366416, 341932, 1181037, 1469690, 2544621, -1674120, -1582169], [297148, 1112166, 620045, 341932, 4358000, 292703, -218704, 511534, -320097, 54738], [413564, -660176, 160698, 1181037, 292703, 3905110, -626694, 1423618, -655697, 55614], [-1699720, 2157134, -2375059, 1469690, -218704, -626694, 2987119, 752528, -730273, -312295], [-1361563, -1106890, -131980, 2544621, 511534, 1423618, 752528, 3140221, -2552745, 226848], [673541, 1486833, 144470, -1674120, -320097, -655697, -730273, -2552745, 2927194, -856939], [-320733, 384444, 388134, -1582169, 54738, 55614, -312295, 226848, -856939, 4249147]], "lincomb_exact": [0.0, 0.0, 1.0, 0.0, 0.0, 0.0, 1.0, 0.0, 0.0, 0.0], "lincomb_LLL": [0.0, 0.0, 1.0, 0.0, 0.0,