[{"B": [[-303, -990, -59, 293, -140, 308], [863, -161, -491, -443, -984, 346], [-130, 362, -788, 993, 130, -305], [-432, -412, 518, 162, 334, -399], [-534, -83, 492, 561, 426, -557], [589, -925, 25, 969, -975, -919]], "G": [[1275703, 41399, -93689, 386028, 148121, 873173], [41399, 2295992, -456913, -1099298, -1549480, 857116], [-93689, -456913, 1864862, -175187, 434016, 684642], [386028, -1099298, -175187, 921693, 975149, 337611], [148121, -1549480, 434016, 975149, 1340555, 414691], [873173, 857116, 684642, 337611, 414691, 3937318]], "lincomb_exact": [0.0, -2.0, -1.0, -2.0, -1.0, 1.0], "lincomb_LLL": [0.0, -2.0, -1.0, -2.0, -1.0, 1.0], "lincomb_cube": [-0.06802737712860107, -2.5121498107910156, -0.5519294738769531, -1.0268974304199219, -2.279815673828125, 1.0], "lincomb_cube_shortest": [0.0, -3.0, -1.0, -2.0, -2.0, 1.0], "exact.norm": 532.751953125, "LLL.norm": 532.751953125, "shortest_cube.norm": 551.0048828125, "sv_LLL": [391.0, -58.0, 267.0, -23.0, -231.0, 49.0], "sv_exact": [391.0, -58.0, 267.0, -23.0, -231.0, 49.0], "sv_shortst_cube": [62.0, 186.0, 266.0, -141.0, 327.0, 260.0]}, {"B": [[-630, -93, 887, -806, 214, -843], [493, -949, 906, 908, 218, -514], [548, 268, -254, 100, -534, 298], [74, 284, -771, -153, -820, 545], [-171, -237, 872, 770, -704, 354], [-524, -493, -226, -673, -903, -491]], "G": [[2598399, 329395, -1041552, -1268506, -166463, 938616], [329395, 3100670, -393076, -1529374, 1294374, -550795], [-1041552, -393076, 820604, 897488, 179716, -93288], [-1268506, -1529374, 897488, 1673407, -99874, 571292], [-166463, 1294374, 179716, -99874, 2059626, -46939], [938616, -550795, -93288, 571292, -46939, 2078120]], "lincomb_exact": [-2.0, -2.0, 2.0, -5.0, 1.0, 2.0], "lincomb_LLL": [-2.0, -2.0, 2.0, -5.0, 1.0, 2.0], "lincomb_cube": [-2.8194236755371094, -2.7598609924316406, 2.8847885131835938, -7.045188903808594, 1.0, 2.630817413330078], "lincomb_cube_shortest": [-3.0, -3.0, 3.0, -8.0, 1.0, 3.0], "exact.norm": 484.03369140625, "LLL.norm": 484.03369140625, "shortest_cube.norm": 676.58203125, "sv_LLL": [-219.0, -23.0, 181.0, 185.0, -342.0, -43.0], "sv_exact": [-219.0, -23.0, 181.0, 185.0, -342.0, -43.0], "sv_shortst_cube": [-280.0, -58.0, 221.0, -31.0, 249.0, -514.0]}, {"B": [[-203, 965, -400, -897, -830, 512], [-678, 224, 922, -662, -376, -133], [-331, 413, 410, 34, -271, -756], [-108, -366, 997, -715, -106, -597], [550, -374, -471, -372, -181, -268], [879, -795, 419, -569, 17, -49]], "G": [[2888087, 822792, 109098, -306395, 62538, -642017], [822792, 1957253, 874886, 1503061, -540974, -10921], [109098, 874886, 1094363, 749108, -290611, -434403], [-306395, 1503061, 749108, 2018499, 53059, 1048067], [62538, -540974, -290611, 53059, 907186, 805154], [-642017, -10921, -434403, 1048067, 805154, 1906678]], "lincomb_exact": [-1.0, 3.0, 0.0, -3.0, 1.0, 1.0], "lincomb_LLL": [-1.0, 3.0, 0.0, -3.0, 1.0, 1.0], "lincomb_cube": [-0.6001768112182617, 1.6490516662597656, 0.20299816131591797, -1.5749015808105469, 1.0, 0.29701805114746094], "lincomb_cube_shortest": [-1.0, 2.0, 0.0, -2.0, 1.0, 0.0], "exact.norm": 710.3798828125, "LLL.norm": 710.3798828125, "shortest_cube.norm": 809.837890625, "sv_LLL": [-78.0, -364.0, 123.0, 115.0, -144.0, 563.0], "sv_exact": [-78.0, -364.0, 123.0, 115.0, -144.0, 563.0], "sv_shortst_cube": [-387.0, -159.0, -221.0, 631.0, 109.0, 148.0]}, {"B": [[-691, 805, 99, -180, 747, -423], [644, 413, -600, 848, 235, -458], [333, -410, 183, 820, -12, 660], [50, -973, -255, -901, 555, -353], [104, 131, -395, -934, -273, -719], [-575, -477, -238, 543, 494, 240]], "G": [[1904645, 44700, -977780, -116976, 262812, 159536], [44700, 1929398, 325582, -688598, -168806, 42133], [-977780, 325582, 1420622, -609545, -1328507, 558273], [-116976, -688598, -609545, 2258689, 922288, 196268], [262812, -168806, -1328507, 922288, 1647848, -842861], [159536, 42133, 558273, 196268, -842861, 1211283]], "lincomb_exact": [3.0, -1.0, 8.0, -1.0, 7.0, 1.0], "lincomb_LLL": [3.0, -1.0, 8.0, -1.0, 7.0, 1.0], "lincomb_cube": [3.4846420288085938, -1.3191642761230469, 9.081375122070312, -1.0034828186035156, 7.703704833984375, 1.0], "lincomb_cube_shortest": [4.0, -1.0, 10.0, -1.0, 8.0, 1.0], "exact.norm": 425.75, "LLL.norm": 425.75, "shortest_cube.norm": 859.267578125, "sv_LLL": [50.0, 135.0, -387.0, 78.0, -62.0, 29.0], "sv_exact": [50.0, 135.0, -387.0, 78.0, -62.0, 29.0], "sv_shortst_cube": [129.0, 251.0, -317.0, 604.0, 388.0, 207.0]}, {"B": [[-320, 282, 476, 872, 528, 488], [-315, 531, -694, 277, -439, 34], [-721, 298, 705, 415, 477, 652], [146, 429, 303, -748, -365, 45], [911, -769, 278, 700, -589, 159], [-132, 939, 164, -721, -316, 163]], "G": [[1685812, -53458, 1582248, -604530, 950, -330914], [-53458, 1133428, -176197, -73904, -430359, 370922], [1582248, -176197, 1930528, -218994, -576788, 146943], [-604530, -73904, -218994, 991920, -414121, 1095234], [950, -430359, -576788, -414121, 2360768, -1089410], [-330914, 370922, 146943, 1095234, -1089410, 1572307]], "lincomb_exact": [-2.0, -1.0, 1.0, -5.0, 1.0, 4.0], "lincomb_LLL": [-2.0, -1.0, 1.0, -5.0, 1.0, 4.0], "lincomb_cube": [-2.2810821533203125, -1.5716323852539062, 1.0, -6.359382629394531, 1.1669120788574219, 5.035545349121094], "lincomb_cube_shortest": [-2.0, -2.0, 1.0, -6.0, 1.0, 5.0], "exact.norm": 339.791015625, "LLL.norm": 339.791015625, "shortest_cube.norm": 687.994140625, "sv_LLL": [-113.0, 45.0, -134.0, -50.0, -168.0, 228.0], "sv_exact": [-113.0, 45.0, -134.0, -50.0, -168.0, 228.0], "sv_shortst_cube": [-76.0, 24.0, 421.0, -300.0, 320.0, 312.0]}, {"B": [[-768, 845, 737, -268, 325, 760], [96, 15, 173, -323, 786, -562], [643, -210, 534, -663, -922, 148], [650, 670, 239, -98, -433, -112], [31, -393, -677, 512, -793, 946], [-115, -227, -185, 839, -374, -826]], "G": [[2602067, -18658, -287202, 43512, -530823, -1214002], [-18658, 1077339, -442759, -131943, -1440366, -147199], [-287202, -442759, 2054262, 852500, 272643, -458742], [43512, -131943, 852500, 1138158, -217722, -98823], [-530823, -1440366, 272643, -217722, 2399648, 155645], [-1214002, -147199, -458742, -98823, 155645, 1625052]], "lincomb_exact": [1.0, 3.0, 1.0, 0.0, 2.0, 1.0], "lincomb_LLL": [1.0, 3.0, 1.0, 0.0, 2.0, 1.0], "lincomb_cube": [1.3316783905029297, 4.1593170166015625, 1.0, 0.3055891990661621, 2.6130294799804688, 1.4221954345703125], "lincomb_cube_shortest": [1.0, 4.0, 1.0, 0.0, 2.0, 1.0], "exact.norm": 556.6904296875, "LLL.norm": 556.6904296875, "shortest_cube.norm": 934.1201171875, "sv_LLL": [110.0, -333.0, 251.0, -37.0, -199.0, 288.0], "sv_exact": [110.0, -333.0, 251.0, -37.0, -199.0, 288.0], "sv_shortst_cube": [206.0, -318.0, 424.0, -360.0, 587.0, -274.0]}, {"B": [[814, -185, -136, 936, -315, 704], [462, -801, 879, -573, 863, 324], [82, -145, 219, 949, -8, 525], [978, -810, 494, 547, -397, -961], [250, 196, 252, -386, -752, 45], [737, -345, 945, 207, -891, 460]], "G": [[2186254, -175368, 1324173, 839261, 40232, 1333480], [-175368, 2805760, -34051, 567466, -233206, 708990], [1324173, -34051, 1252000, 323586, -289405, 762485], [839261, 567466, 323586, 3236959, 254385, 1491962], [40232, -233206, -289405, 254385, 880945, 965600], [1333480, 708990, 762485, 1491962, 965600, 2603549]], "lincomb_exact": [0.0, 1.0, 2.0, 0.0, 3.0, -2.0], "lincomb_LLL": [0.0, 1.0, 2.0, 0.0, 3.0, -2.0], "lincomb_cube": [-0.08124196529388428, 1.0, 2.6742324829101562, 0.5814504623413086, 4.1376190185546875, -2.8816452026367188], "lincomb_cube_shortest": [0.0, 1.0, 3.0, 1.0, 4.0, -3.0], "exact.norm": 790.6455078125, "LLL.norm": 790.6455078125, "shortest_cube.norm": 910.3798828125, "sv_LLL": [-98.0, 187.0, 183.0, -247.0, 373.0, 589.0], "sv_exact": [-98.0, 187.0, 183.0, -247.0, 373.0, 589.0], "sv_shortst_cube": [475.0, -227.0, 203.0, 656.0, 107.0, -262.0]}, {"B": [[-620, 942, 930, 51, 903, 879], [337, -900, -647, -888, -485, 63], [-5, 471, 672, 350, -655, -310], [940, 48, 785, 730, -203, 624], [-385, -153, -793, 182, -405, 516], [-660, 539, -713, 668, -58, -925]], "G": [[3727315, -2086316, 225637, 594883, -545785, -577533], [-2086316, 2369916, -873024, -744788, 588343, -869538], [225637, -873024, 1321075, 740453, -434019, 336573], [594883, -744788, 740453, 2465614, -454690, -1232019], [-545785, 588343, -434019, -454690, 1263888, 404808], [-577533, -869538, 336573, -1232019, 404808, 2539703]], "lincomb_exact": [-2.0, -4.0, 0.0, -2.0, 1.0, -3.0], "lincomb_LLL": [-2.0, -4.0, 0.0, -2.0, 1.0, -3.0], "lincomb_cube": [-1.5317535400390625, -2.7917518615722656, 0.062493741512298584, -1.3774185180664062, 1.0, -2.1400222778320312], "lincomb_cube_shortest": [-1.0, -2.0, 0.0, -1.0, 1.0, -2.0], "exact.norm": 745.4921875, "LLL.norm": 745.4921875, "shortest_cube.norm": 891.333984375, "sv_LLL": [-393.0, -150.0, 504.0, 168.0, 309.0, 33.0], "sv_exact": [-393.0, -150.0, 504.0, 168.0, 309.0, 33.0], "sv_shortst_cube": [-59.0, -421.0, 212.0, -159.0, -19.0, 737.0]}, {"B": [[403, -944, 441, 347, -202, -33], [757, -557, -779, 366, -200, -918], [-35, -864, 854, 332, -499, -259], [-843, -696, -487, 145, 382, 938], [925, -459, 586, 860, 781, 910], [-25, -297, -4, -903, -473, 358]], "G": [[1410328, 685036, 1402674, 44725, 1175125, 38920], [685036, 2506819, 248561, -755520, -177426, -414922], [1402674, 248561, 1903343, -170469, 524756, 97576], [44725, -755520, -170469, 2479027, 530929, 253918], [1175125, -177426, 524756, 530929, 3587363, -709359], [38920, -414922, 97576, 253918, -709359, 1256152]], "lincomb_exact": [-3.0, 1.0, 2.0, 0.0, 1.0, 1.0], "lincomb_LLL": [-3.0, 1.0, 2.0, 0.0, 1.0, 1.0], "lincomb_cube": [-4.2970428466796875, 1.2480144500732422, 2.634387969970703, 0.27068042755126953, 1.2416439056396484, 1.0], "lincomb_cube_shortest": [-4.0, 1.0, 2.0, 0.0, 1.0, 1.0], "exact.norm": 556.994140625, "LLL.norm": 556.994140625, "shortest_cube.norm": 879.5908203125, "sv_LLL": [378.0, -209.0, 188.0, -54.0, -284.0, -69.0], "sv_exact": [378.0, -209.0, 188.0, -54.0, -284.0, -69.0], "sv_shortst_cube": [-25.0, 735.0, -253.0, -401.0, -82.0, -36.0]}, {"B": [[-670, -923, -997, 194, 743, 849], [-419, -942, -507, 107, -336, -886], [-597, 426, -904, 451, -84, 760], [-763, -920, -882, -406, -991, 991], [426, 205, 505, 415, 557, -320], [231, 263, -742, 518, 671, -995]], "G": [[3605324, 674571, 1578402, 2266006, -755439, 96545], [674571, 2229315, -289700, 1045019, -486866, 743199], [1578402, -289700, 2143158, 1514217, -726335, 65953], [2266006, 1045019, 1514217, 4335491, -1996645, -1625083], [-755439, -486866, -726335, -1996645, 1063400, 684728], [96545, 743199, 65953, -1625083, 684728, 2381684]], "lincomb_exact": [0.0, -1.0, -1.0, 1.0, 0.0, 1.0], "lincomb_LLL": [0.0, -1.0, -1.0, 1.0, 0.0, 1.0], "lincomb_cube": [-0.2539997100830078, -0.3673844337463379, -0.2332761287689209, 1.0, 1.03778076171875, 0.5153636932373047], "lincomb_cube_shortest": [0.0, 0.0, 0.0, 1.0, 2.0, 0.0], "exact.norm": 723.3984375, "LLL.norm": 723.3984375, "shortest_cube.norm": 776.2158203125, "sv_LLL": [484.0, -141.0, -213.0, -446.0, 100.0, 122.0], "sv_exact": [484.0, -141.0, -213.0, -446.0, 100.0, 122.0], "sv_shortst_cube": [89.0, -510.0, 128.0, 424.0, 123.0, 351.0]}, {"B": [[465, -409, -970, -840, 702, 878], [-739, 667, 773, -257, 652, 452], [810, 632, -411, -71, 590, 698], [-217, 439, 648, -722, 722, 126], [-120, -712, -431, 812, 16, 134], [164, -630, 197, 424, 306, -229]], "G": [[3293694, -295808, 1603496, 314936, 100282, -199570], [-295808, 2283996, 223674, 1667330, -857071, -402089], [1603496, 223674, 2064790, 400540, -324723, -355693], [314936, 1667330, 400540, 1718158, -1123644, -298552], [100282, -857071, -324723, -1123644, 1384661, 662471], [-199570, -402089, -355693, -298552, 662471, 788458]], "lincomb_exact": [1.0, 3.0, 0.0, -5.0, -4.0, 3.0], "lincomb_LLL": [1.0, 3.0, 0.0, -5.0, -4.0, 3.0], "lincomb_cube": [1.0, 2.213939666748047, -0.35798215866088867, -3.7642059326171875, -2.9141693115234375, 2.243846893310547], "lincomb_cube_shortest": [1.0, 2.0, 0.0, -4.0, -3.0, 2.0], "exact.norm": 744.392578125, "LLL.norm": 744.392578125, "shortest_cube.norm": 826.9697265625, "sv_LLL": [305.0, 355.0, 424.0, 23.0, -98.0, 381.0], "sv_exact": [305.0, 355.0, 424.0, 23.0, -98.0, 381.0], "sv_shortst_cube": [543.0, 45.0, -329.0, -54.0, -318.0, 418.0]}, {"B": [[965, -599, 423, 990, 551, 659], [769, -898, -494, 700, 552, 821], [356, -597, -248, 492, -349, -117], [981, -111, -644, -974, -625, -670], [-182, -949, -302, 696, 78, 926], [578, -538, -363, 240, -37, -970]], "G": [[3186937, 2609216, 813917, -1009423, 1607327, 304466], [2609216, 3110546, 988077, -404667, 2151934, 458134], [813917, 988077, 922203, 392522, 783525, 861461], [-1009423, -404667, 392522, 3177619, -1225789, 1299773], [1607327, 2151934, 783525, -1225789, 2372905, -219074], [304466, 458134, 861461, 1299773, -219074, 1755166]], "lincomb_exact": [1.0, -1.0, -1.0, 1.0, 1.0, 0.0], "lincomb_LLL": [1.0, -1.0, -1.0, 1.0, 1.0, 0.0], "lincomb_cube": [1.0941486358642578, -1.6301136016845703, -2.024066925048828, 1.0, 1.990133285522461, 0.736994743347168], "lincomb_cube_shortest": [1.0, -1.0, -3.0, 1.0, 2.0, 1.0], "exact.norm": 893.140625, "LLL.norm": 893.140625, "shortest_cube.norm": 1023.1630859375, "sv_LLL": [639.0, -164.0, 219.0, -480.0, -199.0, 211.0], "sv_exact": [639.0, -164.0, 219.0, -480.0, -199.0, 211.0], "sv_shortst_cube": [323.0, -457.0, 50.0, -528.0, 540.0, 401.0]}, {"B": [[-479, 579, 395, -246, 390, -704], [-451, 94, -499, -667, 401, -74], [-802, 840, 354, -568, 780, -924], [-274, 490, -384, -699, 620, -469], [-947, 974, -380, 932, 468, -111], [97, -885, -32, 391, -358, 310]], "G": [[1428939, 445918, 2104772, 1007206, 898851, -1025564], [445918, 1072404, 1024028, 1110809, 282511, -538264], [2104772, 1024028, 3258920, 1809400, 1381362, -1620290], [1007206, 1110809, 1809400, 1555594, 573409, -1088599], [898851, 282511, 1381362, 573409, 3089854, -779231], [-1025564, -538264, -1620290, -1088599, -779231, 1170803]], "lincomb_exact": [4.0, 1.0, -3.0, 0.0, 0.0, 0.0], "lincomb_LLL": [4.0, 1.0, -3.0, 0.0, 0.0, 0.0], "lincomb_cube": [2.1437416076660156, 1.0, -1.590463638305664, -0.44545459747314453, 0.010356932878494263, -0.2708005905151367], "lincomb_cube_shortest": [2.0, 1.0, -1.0, -1.0, 0.0, 0.0], "exact.norm": 417.5595703125, "LLL.norm": 417.5595703125, "shortest_cube.norm": 536.24609375, "sv_LLL": [39.0, -110.0, 19.0, 53.0, -379.0, -118.0], "sv_exact": [39.0, -110.0, 19.0, 53.0, -379.0, -118.0], "sv_shortst_cube": [-333.0, -78.0, 321.0, 108.0, -219.0, -89.0]}, {"B": [[593, 159, -675, -608, -956, 998], [849, -342, -255, -377, 842, -139], [166, 703, -146, 72, 38, -271], [-121, -152, -958, 638, 76, -743], [-641, -819, -550, 225, -520, 455], [62, 70, 132, -680, 292, 523]], "G": [[3112159, -93254, -41797, -651345, 675326, 615038], [-93254, 1773204, -19741, 120288, -709771, 424565], [-41797, -19741, 623150, 263103, -728728, -139367], [-651345, 120288, 263103, 1920378, 494914, -944835], [675326, -709771, -728728, 494914, 1912192, -236547], [615038, 424565, -139367, -944835, -236547, 847361]], "lincomb_exact": [0.0, -1.0, -1.0, 1.0, -1.0, 1.0], "lincomb_LLL": [0.0, -1.0, -1.0, 1.0, -1.0, 1.0], "lincomb_cube": [0.342745304107666, -0.9211101531982422, -2.0568275451660156, 1.3256092071533203, -1.4661846160888672, 1.0], "lincomb_cube_shortest": [0.0, -1.0, -2.0, 1.0, -1.0, 1.0], "exact.norm": 645.154296875, "LLL.norm": 645.154296875, "shortest_cube.norm": 735.7060546875, "sv_LLL": [-433.0, 376.0, 125.0, 38.0, 8.0, -265.0], "sv_exact": [-433.0, 376.0, 125.0, 38.0, 8.0, -265.0], "sv_shortst_cube": [-599.0, -327.0, 271.0, -34.0, -30.0, 6.0]}, {"B": [[-705, 841, 310, 536, -277, 221], [-429, 466, -891, -519, -4, 246], [-982, 675, -14, -564, -346, -110], [937, 591, 791, -315, -873, -974], [-3, 266, 234, -207, 615, -847], [-345, -737, 387, 847, 59, 299]], "G": [[1713272, 195431, 1024873, -60617, -170133, 247106], [195431, 1524971, 1015342, -903975, -186640, -906529], [1024873, 1015342, 1870057, 54575, 176348, -695115], [-60617, -903975, 54575, 3662961, 692777, -1062253], [-170133, -186640, 176348, 692777, 1264004, -496746], [247106, -906529, -695115, -1062253, -496746, 1622254]], "lincomb_exact": [0.0, 3.0, -1.0, 1.0, 1.0, 2.0], "lincomb_LLL": [0.0, 3.0, -1.0, 1.0, 1.0, 2.0], "lincomb_cube": [-0.14154291152954102, 1.9991302490234375, -0.42944765090942383, 1.0, 0.47800636291503906, 1.7558479309082031], "lincomb_cube_shortest": [0.0, 2.0, 0.0, 1.0, 1.0, 2.0], "exact.norm": 982.2734375, "LLL.norm": 982.2734375, "shortest_cube.norm": 1025.052734375, "sv_LLL": [-61.0, 106.0, -860.0, 179.0, 194.0, -375.0], "sv_exact": [-61.0, 106.0, -860.0, 179.0, 194.0, -375.0], "sv_shortst_cube": [-614.0, 315.0, 17.0, 134.0, -148.0, -731.0]}, {"B": [[559, -426, 726, -222, 164, -691], [-817, -360, -33, -278, -249, -617], [808, -573, 896, -682, -436, -144], [-781, -507, 896, -447, 213, -449], [-22, 149, -243, 648, 496, -902], [-650, -621, 912, -208, -712, -789]], "G": [[1574694, 119926, 1525670, 874324, 308580, 1037915], [119926, 1318152, -96416, 1139291, 225239, 1446439], [1525670, -96416, 2459965, 738921, -849185, 1213689], [874324, 1139291, 738921, 2116605, -55099, 1935230], [308580, 225239, -849185, -55099, 1561258, -76103], [1037915, 1446439, 1213689, 1935230, -76103, 2812614]], "lincomb_exact": [12.0, 1.0, -10.0, -4.0, -8.0, 2.0], "lincomb_LLL": [12.0, 1.0, -10.0, -4.0, -8.0, 2.0], "lincomb_cube": [13.10992431640625, 1.0, -10.782730102539062, -4.2093658447265625, -8.65313720703125, 1.9629459381103516], "lincomb_cube_shortest": [13.0, 1.0, -11.0, -4.0, -9.0, 2.0], "exact.norm": 315.974609375, "LLL.norm": 315.974609375, "shortest_cube.norm": 563.1494140625, "sv_LLL": [-189.0, -148.0, -97.0, 66.0, -165.0, -35.0], "sv_exact": [-189.0, -148.0, -97.0, 66.0, -165.0, -35.0], "sv_shortst_cube": [-416.0, -150.0, -24.0, -122.0, -61.0, 320.0]}, {"B": [[946, 874, 32, -129, 13, -47], [-921, 723, 212, -764, 564, 792], [619, -681, -962, 42, 510, 552], [73, -668, 461, 532, -494, -995], [-755, -154, 287, 290, -833, 241], [225, 608, 950, 674, 187, -564]], "G": [[1678835, -163916, -65136, -528307, -899208, 716635], [-163916, 2944970, -573670, -1925569, 144357, -422397], [-65136, -573670, 2338934, -722223, -918183, -1376323], [-528307, -1925569, -722223, 2181159, 506051, 875601], [-899208, 144357, -918183, 506051, 1512180, -87092], [716635, -422397, -1376323, 875601, -87092, 2130130]], "lincomb_exact": [1.0, 1.0, 1.0, 1.0, 1.0, 0.0], "lincomb_LLL": [1.0, 1.0, 1.0, 1.0, 1.0, 0.0], "lincomb_cube": [1.455099105834961, 1.755117416381836, 1.5330886840820312, 2.1799888610839844, 1.0, -0.006151281297206879], "lincomb_cube_shortest": [2.0, 2.0, 2.0, 3.0, 1.0, 0.0], "exact.norm": 603.7138671875, "LLL.norm": 603.7138671875, "shortest_cube.norm": 895.9765625, "sv_LLL": [-38.0, 94.0, 30.0, -29.0, -240.0, 543.0], "sv_exact": [-38.0, 94.0, 30.0, -29.0, -240.0, 543.0], "sv_shortst_cube": [752.0, -326.0, 234.0, 184.0, -141.0, -150.0]}]