[{"B": [[399, 40, -784], [-589, -22, 870], [108, 10, -556]], "G": [[775457, -917971, 479396], [-917971, 1104305, -547552], [479396, -547552, 320900]], "lincomb_exact": [-3.0, -2.0, 1.0], "lincomb_LLL": [-3.0, -2.0, 1.0], "lincomb_cube": [-1.9577159881591797, -1.1315479278564453, 1.0], "lincomb_cube_shortest": [-2.0, -1.0, 1.0], "exact.norm": 124.1490478515625, "LLL.norm": 124.1490478515625, "shortest_cube.norm": 180.74560546875, "sv_LLL": [89.0, -66.0, 56.0], "sv_exact": [89.0, -66.0, 56.0], "sv_shortst_cube": [-101.0, -48.0, 142.0]}, {"B": [[-994, 929, -397], [-560, 241, 627], [413, -397, 190]], "G": [[2008686, 531610, -854765], [531610, 764810, -207827], [-854765, -207827, 364278]], "lincomb_exact": [-16.0, 1.0, -37.0], "lincomb_LLL": [-16.0, 1.0, -37.0], "lincomb_cube": [-14.596023559570312, 1.0, -33.67852783203125], "lincomb_cube_shortest": [-15.0, 1.0, -34.0], "exact.norm": 104.527587890625, "LLL.norm": 104.527587890625, "shortest_cube.norm": 384.9208984375, "sv_LLL": [63.0, 66.0, -51.0], "sv_exact": [63.0, 66.0, -51.0], "sv_shortst_cube": [308.0, -196.0, 122.0]}, {"B": [[194, 650, 151], [-592, -140, -25], [-148, 930, 846]], "G": [[482937, -209623, 703534], [-209623, 370689, -63734], [703534, -63734, 1602520]], "lincomb_exact": [0.0, 1.0, 0.0], "lincomb_LLL": [0.0, 1.0, 0.0], "lincomb_cube": [1.0434837341308594, 1.0, -0.4183359146118164], "lincomb_cube_shortest": [2.0, 1.0, -1.0], "exact.norm": 608.8427734375, "LLL.norm": 608.8427734375, "shortest_cube.norm": 616.2763671875, "sv_LLL": [-592.0, -140.0, -25.0], "sv_exact": [-592.0, -140.0, -25.0], "sv_shortst_cube": [-56.0, 230.0, -569.0]}, {"B": [[-312, -227, -494], [-960, -568, -899], [-386, -305, -237]], "G": [[392909, 872562, 306745], [872562, 2052425, 756863], [306745, 756863, 298190]], "lincomb_exact": [-1.0, 0.0, 1.0], "lincomb_LLL": [-1.0, 0.0, 1.0], "lincomb_cube": [0.6845178604125977, -0.6597795486450195, 1.0], "lincomb_cube_shortest": [1.0, -1.0, 1.0], "exact.norm": 278.583984375, "LLL.norm": 278.583984375, "shortest_cube.norm": 313.3115234375, "sv_LLL": [-74.0, -78.0, 257.0], "sv_exact": [-74.0, -78.0, 257.0], "sv_shortst_cube": [262.0, 36.0, 168.0]}, {"B": [[259, -340, -657], [3, 577, -410], [164, 800, -772]], "G": [[614330, 73967, 277680], [73967, 501038, 778612], [277680, 778612, 1262880]], "lincomb_exact": [1.0, 6.0, -4.0], "lincomb_LLL": [1.0, 6.0, -4.0], "lincomb_cube": [1.0, 4.631233215332031, -3.0752029418945312], "lincomb_cube_shortest": [1.0, 5.0, -3.0], "exact.norm": 388.0283203125, "LLL.norm": 388.0283203125, "shortest_cube.norm": 470.5634765625, "sv_LLL": [-379.0, -78.0, -29.0], "sv_exact": [-379.0, -78.0, -29.0], "sv_shortst_cube": [-218.0, 145.0, -391.0]}, {"B": [[391, 341, -797], [-680, -474, -826], [396, 376, -430]], "G": [[904371, 230808, 625762], [230808, 1369352, -92324], [625762, -92324, 483092]], "lincomb_exact": [-3.0, 1.0, 4.0], "lincomb_LLL": [-3.0, 1.0, 4.0], "lincomb_cube": [-3.735393524169922, 1.0, 5.029670715332031], "lincomb_cube_shortest": [-4.0, 1.0, 5.0], "exact.norm": 310.5400390625, "LLL.norm": 310.5400390625, "shortest_cube.norm": 341.18017578125, "sv_LLL": [-269.0, 7.0, -155.0], "sv_exact": [-269.0, 7.0, -155.0], "sv_shortst_cube": [-264.0, 42.0, 212.0]}, {"B": [[776, 661, -648], [-208, -144, 306], [404, 889, -496]], "G": [[1459001, -454880, 1222541], [-454880, 157636, -363824], [1222541, -363824, 1199553]], "lincomb_exact": [1.0, 3.0, 0.0], "lincomb_LLL": [1.0, 3.0, 0.0], "lincomb_cube": [1.0, 1.7781085968017578, -0.47986412048339844], "lincomb_cube_shortest": [1.0, 1.0, -1.0], "exact.norm": 385.28564453125, "LLL.norm": 385.28564453125, "shortest_cube.norm": 434.73681640625, "sv_LLL": [152.0, 229.0, 270.0], "sv_exact": [152.0, 229.0, 270.0], "sv_shortst_cube": [164.0, -372.0, 154.0]}, {"B": [[525, 559, -668], [-778, -978, 650], [353, -276, -409]], "G": [[1034330, -1389352, 304253], [-1389352, 1984268, -270556], [304253, -270556, 368066]], "lincomb_exact": [-3.0, -2.0, 1.0], "lincomb_LLL": [-3.0, -2.0, 1.0], "lincomb_cube": [-1.8660335540771484, -1.1702156066894531, 1.0], "lincomb_cube_shortest": [-2.0, -1.0, 1.0], "exact.norm": 445.63427734375, "LLL.norm": 445.63427734375, "shortest_cube.norm": 506.30615234375, "sv_LLL": [334.0, 3.0, 295.0], "sv_exact": [334.0, 3.0, 295.0], "sv_shortst_cube": [81.0, -416.0, 277.0]}, {"B": [[-255, -193, 711], [217, 143, -585], [-599, 318, 742]], "G": [[607795, -498869, 618933], [-498869, 409763, -518579], [618933, -518579, 1010489]], "lincomb_exact": [31.0, 39.0, 1.0], "lincomb_LLL": [31.0, 39.0, 1.0], "lincomb_cube": [28.009307861328125, 35.36566162109375, 1.0], "lincomb_cube_shortest": [28.0, 35.0, 1.0], "exact.norm": 102.2203369140625, "LLL.norm": 102.2203369140625, "shortest_cube.norm": 240.669921875, "sv_LLL": [-41.0, -88.0, -32.0], "sv_exact": [-41.0, -88.0, -32.0], "sv_shortst_cube": [-144.0, -81.0, 175.0]}, {"B": [[-582, 128, 513], [-999, -189, 728], [-317, -453, -185]], "G": [[618277, 930690, 31605], [930690, 1563706, 267620], [31605, 267620, 339923]], "lincomb_exact": [3.0, -2.0, 1.0], "lincomb_LLL": [3.0, -2.0, 1.0], "lincomb_cube": [1.9842090606689453, -1.35211181640625, 1.0], "lincomb_cube_shortest": [1.0, -1.0, 1.0], "exact.norm": 331.828125, "LLL.norm": 331.828125, "shortest_cube.norm": 434.1611328125, "sv_LLL": [-65.0, 309.0, -102.0], "sv_exact": [-65.0, 309.0, -102.0], "sv_shortst_cube": [100.0, -136.0, -400.0]}, {"B": [[-253, -253, -188], [-649, -459, -17], [979, 666, 979]], "G": [[163362, 283520, -600237], [283520, 632171, -957708], [-600237, -957708, 2360438]], "lincomb_exact": [-2.0, 1.0, 0.0], "lincomb_LLL": [-2.0, 1.0, 0.0], "lincomb_cube": [-3.727264404296875, 1.0, -0.5420751571655273], "lincomb_cube_shortest": [-3.0, 1.0, 0.0], "exact.norm": 389.2802734375, "LLL.norm": 389.2802734375, "shortest_cube.norm": 633.4892578125, "sv_LLL": [-143.0, 47.0, 359.0], "sv_exact": [-143.0, 47.0, 359.0], "sv_shortst_cube": [110.0, 300.0, 547.0]}, {"B": [[-485, -422, 883], [251, -75, -307], [-54, 57, -405]], "G": [[1192998, -361166, -355479], [-361166, 162875, 106506], [-355479, 106506, 170190]], "lincomb_exact": [0.0, -1.0, 1.0], "lincomb_LLL": [0.0, -1.0, 1.0], "lincomb_cube": [0.30425405502319336, 0.02075326442718506, 1.0], "lincomb_cube_shortest": [0.0, 0.0, 1.0], "exact.norm": 346.48681640625, "LLL.norm": 346.48681640625, "shortest_cube.norm": 412.541015625, "sv_LLL": [-305.0, 132.0, -98.0], "sv_exact": [-305.0, 132.0, -98.0], "sv_shortst_cube": [-54.0, 57.0, -405.0]}, {"B": [[-270, -890, 931], [217, 545, -495], [173, 485, -171]], "G": [[1731761, -1004485, -637561], [-1004485, 589139, 386511], [-637561, 386511, 294395]], "lincomb_exact": [-2.0, -4.0, 1.0], "lincomb_LLL": [-2.0, -4.0, 1.0], "lincomb_cube": [-1.1221046447753906, -2.5692520141601562, 1.0], "lincomb_cube_shortest": [-1.0, -2.0, 1.0], "exact.norm": 184.55078125, "LLL.norm": 184.55078125, "shortest_cube.norm": 306.349609375, "sv_LLL": [-155.0, 85.0, -53.0], "sv_exact": [-155.0, 85.0, -53.0], "sv_shortst_cube": [9.0, 285.0, -112.0]}, {"B": [[153, 127, 934], [25, 197, 591], [293, -747, 676]], "G": [[911894, 580838, 581344], [580838, 388715, 259682], [581344, 259682, 1100834]], "lincomb_exact": [-5.0, 7.0, 1.0], "lincomb_LLL": [-5.0, 7.0, 1.0], "lincomb_cube": [-4.395904541015625, 5.9005279541015625, 1.0], "lincomb_cube_shortest": [-4.0, 5.0, 1.0], "exact.norm": 329.64697265625, "LLL.norm": 329.64697265625, "shortest_cube.norm": 348.65576171875, "sv_LLL": [-297.0, -3.0, 143.0], "sv_exact": [-297.0, -3.0, 143.0], "sv_shortst_cube": [-194.0, -270.0, -105.0]}, {"B": [[351, -923, -614], [331, -887, -938], [-288, 574, 748]], "G": [[1352126, 1510814, -1090162], [1510814, 1776174, -1306090], [-1090162, -1306090, 971924]], "lincomb_exact": [1.0, -3.0, -3.0], "lincomb_LLL": [1.0, -3.0, -3.0], "lincomb_cube": [1.0, -2.1799163818359375, -1.807760238647461], "lincomb_cube_shortest": [1.0, -2.0, -2.0], "exact.norm": 226.88330078125, "LLL.norm": 226.88330078125, "shortest_cube.norm": 461.72509765625, "sv_LLL": [222.0, 16.0, -44.0], "sv_exact": [222.0, 16.0, -44.0], "sv_shortst_cube": [265.0, -297.0, -234.0]}, {"B": [[133, 188, -124], [101, 411, -638], [-455, -473, -338]], "G": [[68409, 169813, -107527], [169813, 586166, -24714], [-107527, -24714, 544998]], "lincomb_exact": [4.0, -1.0, 1.0], "lincomb_LLL": [4.0, -1.0, 1.0], "lincomb_cube": [5.223663330078125, -1.471139907836914, 1.0], "lincomb_cube_shortest": [6.0, -2.0, 1.0], "exact.norm": 237.5205078125, "LLL.norm": 237.5205078125, "shortest_cube.norm": 292.2431640625, "sv_LLL": [-24.0, -132.0, -196.0], "sv_exact": [-24.0, -132.0, -196.0], "sv_shortst_cube": [141.0, -167.0, 194.0]}, {"B": [[740, 204, -784], [-348, -59, 325], [19, -376, 272]], "G": [[1203872, -524356, -275892], [-524356, 230210, 103972], [-275892, 103972, 215721]], "lincomb_exact": [5.0, 11.0, 1.0], "lincomb_LLL": [5.0, 11.0, 1.0], "lincomb_cube": [4.0994110107421875, 8.885711669921875, 1.0], "lincomb_cube_shortest": [4.0, 9.0, 1.0], "exact.norm": 131.2822265625, "LLL.norm": 131.2822265625, "shortest_cube.norm": 188.17822265625, "sv_LLL": [-109.0, -5.0, -73.0], "sv_exact": [-109.0, -5.0, -73.0], "sv_shortst_cube": [-153.0, -91.0, 61.0]}, {"B": [[-943, -671, -436], [-156, 753, 44], [-985, -979, -532]], "G": [[1529586, -377339, 1817716], [-377339, 593281, -606935], [1817716, -606935, 2211690]], "lincomb_exact": [-2.0, 1.0, 2.0], "lincomb_LLL": [-2.0, 1.0, 2.0], "lincomb_cube": [-3.4062271118164062, 1.0, 3.0738906860351562], "lincomb_cube_shortest": [-3.0, 1.0, 3.0], "exact.norm": 313.4853515625, "LLL.norm": 313.4853515625, "shortest_cube.norm": 410.2451171875, "sv_LLL": [-240.0, 137.0, -148.0], "sv_exact": [-240.0, 137.0, -148.0], "sv_shortst_cube": [-282.0, -171.0, -244.0]}, {"B": [[475, 857, 919], [259, 475, 538], [-117, -82, -10]], "G": [[1804635, 1024522, -135039], [1024522, 582150, -74633], [-135039, -74633, 20513]], "lincomb_exact": [4.0, -7.0, 1.0], "lincomb_LLL": [4.0, -7.0, 1.0], "lincomb_cube": [2.3293075561523438, -3.97113037109375, 1.0], "lincomb_cube_shortest": [2.0, -3.0, 1.0], "exact.norm": 106.494140625, "LLL.norm": 106.494140625, "shortest_cube.norm": 302.95361328125, "sv_LLL": [-30.0, 21.0, -100.0], "sv_exact": [-30.0, 21.0, -100.0], "sv_shortst_cube": [56.0, 207.0, 214.0]}, {"B": [[-268, -349, -230], [-698, -843, 217], [-392, -179, 119]], "G": [[246525, 431361, 140157], [431361, 1244942, 450336], [140157, 450336, 199866]], "lincomb_exact": [-1.0, 0.0, 1.0], "lincomb_LLL": [-1.0, 0.0, 1.0], "lincomb_cube": [0.16360926628112793, -0.41842174530029297, 1.0], "lincomb_cube_shortest": [0.0, 0.0, 1.0], "exact.norm": 407.525390625, "LLL.norm": 407.525390625, "shortest_cube.norm": 447.06396484375, "sv_LLL": [-124.0, 170.0, 349.0], "sv_exact": [-124.0, 170.0, 349.0], "sv_shortst_cube": [-392.0, -179.0, 119.0]}, {"B": [[-341, 330, 739], [-325, -366, 456], [942, -999, -698]], "G": [[771302, 327029, -1166714], [327029, 447517, -258804], [-1166714, -258804, 2372569]], "lincomb_exact": [0.0, 1.0, 0.0], "lincomb_LLL": [0.0, 1.0, 0.0], "lincomb_cube": [-1.011098861694336, 1.0, -0.38812780380249023], "lincomb_cube_shortest": [-2.0, 1.0, -1.0], "exact.norm": 668.9677734375, "LLL.norm": 668.9677734375, "shortest_cube.norm": 669.2763671875, "sv_LLL": [-325.0, -366.0, 456.0], "sv_exact": [-325.0, -366.0, 456.0], "sv_shortst_cube": [-585.0, -27.0, -324.0]}, {"B": [[12, -517, -463], [-153, 859, 748], [771, -64, -132]], "G": [[481802, -792263, 103456], [-792263, 1320794, -271675], [103456, -271675, 615961]], "lincomb_exact": [8.0, 5.0, 1.0], "lincomb_LLL": [8.0, 5.0, 1.0], "lincomb_cube": [9.054061889648438, 5.63665771484375, 1.0], "lincomb_cube_shortest": [10.0, 6.0, 1.0], "exact.norm": 169.248291015625, "LLL.norm": 169.248291015625, "shortest_cube.norm": 286.71435546875, "sv_LLL": [102.0, 95.0, -96.0], "sv_exact": [102.0, 95.0, -96.0], "sv_shortst_cube": [-27.0, -80.0, -274.0]}, {"B": [[-941, 274, -606], [975, 954, 743], [-251, 287, -183]], "G": [[1327793, -1106337, 425727], [-1106337, 2412790, -106896], [425727, -106896, 178859]], "lincomb_exact": [3.0, 1.0, -7.0], "lincomb_LLL": [3.0, 1.0, -7.0], "lincomb_cube": [2.7090721130371094, 1.0, -5.8505859375], "lincomb_cube_shortest": [3.0, 1.0, -6.0], "exact.norm": 324.04638671875, "LLL.norm": 324.04638671875, "shortest_cube.norm": 347.0, "sv_LLL": [-91.0, -233.0, 206.0], "sv_exact": [-91.0, -233.0, 206.0], "sv_shortst_cube": [-342.0, 54.0, 23.0]}, {"B": [[315, 552, 585], [670, 871, 854], [-657, -174, 423]], "G": [[746154, 1191432, -55548], [1191432, 1936857, -230502], [-55548, -230502, 640854]], "lincomb_exact": [-8.0, 5.0, 1.0], "lincomb_LLL": [-8.0, 5.0, 1.0], "lincomb_cube": [-6.503776550292969, 4.119720458984375, 1.0], "lincomb_cube_shortest": [-6.0, 4.0, 1.0], "exact.norm": 292.10107421875, "LLL.norm": 292.10107421875, "shortest_cube.norm": 354.87158203125, "sv_LLL": [173.0, -235.0, 13.0], "sv_exact": [173.0, -235.0, 13.0], "sv_shortst_cube": [133.0, -2.0, 329.0]}, {"B": [[-331, 699, 676], [-579, 490, -164], [-802, 975, 43]], "G": [[1055138, 423295, 976055], [423295, 602237, 935056], [976055, 935056, 1595678]], "lincomb_exact": [1.0, 4.0, -3.0], "lincomb_LLL": [1.0, 4.0, -3.0], "lincomb_cube": [1.0, 2.7378273010253906, -2.216033935546875], "lincomb_cube_shortest": [1.0, 2.0, -2.0], "exact.norm": 375.1240234375, "LLL.norm": 375.1240234375, "shortest_cube.norm": 394.09375, "sv_LLL": [-241.0, -266.0, -109.0], "sv_exact": [-241.0, -266.0, -109.0], "sv_shortst_cube": [115.0, -271.0, 262.0]}, {"B": [[-187, -709, -739], [-459, -344, -537], [-150, -414, -114]], "G": [[1083771, 726572, 405822], [726572, 617386, 272484], [405822, 272484, 206892]], "lincomb_exact": [-1.0, 1.0, 1.0], "lincomb_LLL": [-1.0, 1.0, 1.0], "lincomb_cube": [-0.3723106384277344, -0.003196604549884796, 1.0], "lincomb_cube_shortest": [0.0, 0.0, 1.0], "exact.norm": 433.853515625, "LLL.norm": 433.853515625, "shortest_cube.norm": 454.853515625, "sv_LLL": [-422.0, -49.0, 88.0], "sv_exact": [-422.0, -49.0, 88.0], "sv_shortst_cube": [-150.0, -414.0, -114.0]}, {"B": [[-145, -77, 521], [-647, -199, 579], [101, 67, -941]], "G": [[298395, 410797, -510065], [410797, 793451, -623519], [-510065, -623519, 900171]], "lincomb_exact": [-5.0, 1.0, -2.0], "lincomb_LLL": [-5.0, 1.0, -2.0], "lincomb_cube": [-6.131629943847656, 1.0, -2.781707763671875], "lincomb_cube_shortest": [-7.0, 1.0, -3.0], "exact.norm": 197.017822265625, "LLL.norm": 197.017822265625, "shortest_cube.norm": 289.08642578125, "sv_LLL": [-124.0, 52.0, -144.0], "sv_exact": [-124.0, 52.0, -144.0], "sv_shortst_cube": [65.0, 139.0, -245.0]}, {"B": [[554, 476, -881], [-365, -447, 615], [17, 624, 83]], "G": [[1309653, -956797, 233319], [-956797, 711259, -234088], [233319, -234088, 396554]], "lincomb_exact": [5.0, 7.0, 1.0], "lincomb_LLL": [5.0, 7.0, 1.0], "lincomb_cube": [3.6170387268066406, 5.194816589355469, 1.0], "lincomb_cube_shortest": [4.0, 6.0, 1.0], "exact.norm": 264.07958984375, "LLL.norm": 264.07958984375, "shortest_cube.norm": 295.91552734375, "sv_LLL": [232.0, -125.0, -17.0], "sv_exact": [232.0, -125.0, -17.0], "sv_shortst_cube": [43.0, -154.0, 249.0]}, {"B": [[316, 72, -359], [-879, -515, 693], [63, 276, 753]], "G": [[233921, -563631, -230547], [-563631, 1518115, 324312], [-230547, 324312, 647154]], "lincomb_exact": [6.0, 2.0, 1.0], "lincomb_LLL": [6.0, 2.0, 1.0], "lincomb_cube": [4.466041564941406, 1.4444808959960938, 1.0], "lincomb_cube_shortest": [4.0, 1.0, 1.0], "exact.norm": 379.88134765625, "LLL.norm": 379.88134765625, "shortest_cube.norm": 450.78271484375, "sv_LLL": [201.0, -322.0, -15.0], "sv_exact": [201.0, -322.0, -15.0], "sv_shortst_cube": [448.0, 49.0, 10.0]}, {"B": [[162, 276, 111], [481, 760, 68], [874, 721, -26]], "G": [[114741, 295230, 337698], [295230, 813585, 966586], [337698, 966586, 1284393]], "lincomb_exact": [-3.0, 1.0, 0.0], "lincomb_LLL": [-3.0, 1.0, 0.0], "lincomb_cube": [-1.5833511352539062, 1.0, -0.3362612724304199], "lincomb_cube_shortest": [-2.0, 1.0, 0.0], "exact.norm": 273.63134765625, "LLL.norm": 273.63134765625, "shortest_cube.norm": 302.703125, "sv_LLL": [-5.0, -68.0, -265.0], "sv_exact": [-5.0, -68.0, -265.0], "sv_shortst_cube": [157.0, 208.0, -154.0]}, {"B": [[-276, -30, -64], [920, -544, 992], [971, -298, 884]], "G": [[81172, -301088, -315632], [-301088, 2126400, 1932360], [-315632, 1932360, 1813101]], "lincomb_exact": [0.0, -1.0, 1.0], "lincomb_LLL": [0.0, -1.0, 1.0], "lincomb_cube": [1.0902900695800781, -0.7543668746948242, 1.0], "lincomb_cube_shortest": [1.0, -1.0, 1.0], "exact.norm": 273.4609375, "LLL.norm": 273.4609375, "shortest_cube.norm": 356.18115234375, "sv_LLL": [51.0, 246.0, -108.0], "sv_exact": [51.0, 246.0, -108.0], "sv_shortst_cube": [-225.0, 216.0, -172.0]}, {"B": [[593, 418, 564], [-429, -160, 704], [231, 107, -107]], "G": [[844469, 75779, 121361], [75779, 705257, -191547], [121361, -191547, 76259]], "lincomb_exact": [1.0, -2.0, -7.0], "lincomb_LLL": [1.0, -2.0, -7.0], "lincomb_cube": [1.0, -1.6981792449951172, -5.856910705566406], "lincomb_cube_shortest": [1.0, -2.0, -6.0], "exact.norm": 191.57763671875, "LLL.norm": 191.57763671875, "shortest_cube.norm": 232.905517578125, "sv_LLL": [-166.0, -11.0, -95.0], "sv_exact": [-166.0, -11.0, -95.0], "sv_shortst_cube": [65.0, 96.0, -202.0]}, {"B": [[-583, -284, 148], [-601, 649, -803], [884, 497, -282]], "G": [[442449, 47223, -698256], [47223, 1427211, 17715], [-698256, 17715, 1107989]], "lincomb_exact": [-27.0, 1.0, -17.0], "lincomb_LLL": [-27.0, 1.0, -17.0], "lincomb_cube": [-24.254852294921875, 1.0, -15.301437377929688], "lincomb_cube_shortest": [-24.0, 1.0, -15.0], "exact.norm": 173.184814453125, "LLL.norm": 173.184814453125, "shortest_cube.norm": 181.344970703125, "sv_LLL": [112.0, -132.0, -5.0], "sv_exact": [112.0, -132.0, -5.0], "sv_shortst_cube": [131.0, 10.0, -125.0]}, {"B": [[-528, -735, 380], [531, -433, -321], [398, 392, -287]], "G": [[963409, -84093, -607324], [-84093, 572491, 133729], [-607324, 133729, 394437]], "lincomb_exact": [-5.0, 1.0, -8.0], "lincomb_LLL": [-5.0, 1.0, -8.0], "lincomb_cube": [-4.304664611816406, 1.0, -6.967033386230469], "lincomb_cube_shortest": [-4.0, 1.0, -6.0], "exact.norm": 130.4990234375, "LLL.norm": 130.4990234375, "shortest_cube.norm": 321.2646484375, "sv_LLL": [-13.0, 106.0, 75.0], "sv_exact": [-13.0, 106.0, 75.0], "sv_shortst_cube": [255.0, 155.0, -119.0]}, {"B": [[995, 962, 459], [-848, -776, -139], [582, 294, 131]], "G": [[2126150, -1654073, 922047], [-1654073, 1340601, -739889], [922047, -739889, 442321]], "lincomb_exact": [0.0, 1.0, 2.0], "lincomb_LLL": [0.0, 1.0, 2.0], "lincomb_cube": [0.547454833984375, 1.0, 0.5315370559692383], "lincomb_cube_shortest": [1.0, 1.0, 0.0], "exact.norm": 387.72265625, "LLL.norm": 387.72265625, "shortest_cube.norm": 398.25244140625, "sv_LLL": [316.0, -188.0, 123.0], "sv_exact": [316.0, -188.0, 123.0], "sv_shortst_cube": [147.0, 186.0, 320.0]}, {"B": [[-714, 11, 801], [55, -367, 121], [-391, 816, 103]], "G": [[1151518, 53614, 370653], [53614, 152355, -308514], [370653, -308514, 829346]], "lincomb_exact": [1.0, -4.0, -2.0], "lincomb_LLL": [1.0, -4.0, -2.0], "lincomb_cube": [1.0, -5.094490051269531, -2.3420562744140625], "lincomb_cube_shortest": [1.0, -5.0, -2.0], "exact.norm": 242.55712890625, "LLL.norm": 242.55712890625, "shortest_cube.norm": 297.90087890625, "sv_LLL": [-152.0, -153.0, 111.0], "sv_exact": [-152.0, -153.0, 111.0], "sv_shortst_cube": [-207.0, 214.0, -10.0]}, {"B": [[-153, -386, 683], [254, 503, -348], [-484, -499, 829]], "G": [[638894, -470704, 832873], [-470704, 438629, -662425], [832873, -662425, 1170498]], "lincomb_exact": [1.0, 1.0, 0.0], "lincomb_LLL": [1.0, 1.0, 0.0], "lincomb_cube": [-0.013995423913002014, 1.0, 0.575892448425293], "lincomb_cube_shortest": [-1.0, 1.0, 1.0], "exact.norm": 368.9375, "LLL.norm": 368.9375, "shortest_cube.norm": 445.90673828125, "sv_LLL": [101.0, 117.0, 335.0], "sv_exact": [101.0, 117.0, 335.0], "sv_shortst_cube": [-77.0, 390.0, -202.0]}, {"B": [[377, 110, 110], [-860, 663, -5], [989, 453, 347]], "G": [[166329, -251840, 460853], [-251840, 1179194, -551936], [460853, -551936, 1303739]], "lincomb_exact": [18.0, 1.0, -6.0], "lincomb_LLL": [18.0, 1.0, -6.0], "lincomb_cube": [16.570404052734375, 1.0, -5.434059143066406], "lincomb_cube_shortest": [16.0, 1.0, -5.0], "exact.norm": 130.912109375, "LLL.norm": 130.912109375, "shortest_cube.norm": 277.2958984375, "sv_LLL": [-8.0, -75.0, -107.0], "sv_exact": [-8.0, -75.0, -107.0], "sv_shortst_cube": [227.0, 158.0, 20.0]}, {"B": [[-681, 595, 365], [-329, 561, 478], [897, -761, -786]], "G": [[951011, 732314, -1350542], [732314, 651446, -1097742], [-1350542, -1097742, 2001526]], "lincomb_exact": [-1.0, 1.0, 0.0], "lincomb_LLL": [-1.0, 1.0, 0.0], "lincomb_cube": [0.21130990982055664, 1.0, 0.691035270690918], "lincomb_cube_shortest": [1.0, 1.0, 1.0], "exact.norm": 371.25341796875, "LLL.norm": 371.25341796875, "shortest_cube.norm": 414.78076171875, "sv_LLL": [352.0, -34.0, 113.0], "sv_exact": [352.0, -34.0, 113.0], "sv_shortst_cube": [-113.0, 395.0, 57.0]}, {"B": [[-418, -110, 0], [-744, 204, -691], [987, 189, 82]], "G": [[186824, 288552, -433356], [288552, 1072633, -752434], [-433356, -752434, 1016614]], "lincomb_exact": [17.0, 1.0, 8.0], "lincomb_LLL": [17.0, 1.0, 8.0], "lincomb_cube": [15.360824584960938, 1.0, 7.288055419921875], "lincomb_cube_shortest": [15.0, 1.0, 7.0], "exact.norm": 164.490234375, "LLL.norm": 164.490234375, "shortest_cube.norm": 199.60693359375, "sv_LLL": [46.0, -154.0, -35.0], "sv_exact": [46.0, -154.0, -35.0], "sv_shortst_cube": [-105.0, -123.0, -117.0]}, {"B": [[-454, 357, -95], [-968, 881, 950], [570, -745, 898]], "G": [[342590, 663739, -610055], [663739, 2615685, -355005], [-610055, -355005, 1686329]], "lincomb_exact": [4.0, -1.0, 1.0], "lincomb_LLL": [4.0, -1.0, 1.0], "lincomb_cube": [2.9855270385742188, -0.6218662261962891, 1.0], "lincomb_cube_shortest": [3.0, -1.0, 1.0], "exact.norm": 550.5556640625, "LLL.norm": 550.5556640625, "shortest_cube.norm": 672.7333984375, "sv_LLL": [-278.0, -198.0, -432.0], "sv_exact": [-278.0, -198.0, -432.0], "sv_shortst_cube": [176.0, -555.0, -337.0]}, {"B": [[-779, -668, -376], [314, 240, 60], [-575, -894, -390]], "G": [[1194441, -427486, 1191757], [-427486, 159796, -418510], [1191757, -418510, 1281961]], "lincomb_exact": [1.0, 3.0, 0.0], "lincomb_LLL": [1.0, 3.0, 0.0], "lincomb_cube": [1.0, 1.6584339141845703, -0.38822221755981445], "lincomb_cube_shortest": [1.0, 2.0, 0.0], "exact.norm": 260.17138671875, "LLL.norm": 260.17138671875, "shortest_cube.norm": 351.68310546875, "sv_LLL": [163.0, 52.0, -196.0], "sv_exact": [163.0, 52.0, -196.0], "sv_shortst_cube": [-151.0, -188.0, -256.0]}, {"B": [[-605, 216, 239], [975, -945, -699], [730, 850, -293]], "G": [[469802, -961056, -328077], [-961056, 2332251, 113307], [-328077, 113307, 1341249]], "lincomb_exact": [5.0, 2.0, 1.0], "lincomb_LLL": [5.0, 2.0, 1.0], "lincomb_cube": [3.8139877319335938, 1.5230560302734375, 1.0], "lincomb_cube_shortest": [3.0, 1.0, 1.0], "exact.norm": 605.5087890625, "LLL.norm": 605.5087890625, "shortest_cube.norm": 627.3232421875, "sv_LLL": [-345.0, 40.0, -496.0], "sv_exact": [-345.0, 40.0, -496.0], "sv_shortst_cube": [-110.0, 553.0, -275.0]}, {"B": [[323, 288, -251], [-260, -121, 456], [906, 376, -830]], "G": [[250274, -233284, 609256], [-233284, 290177, -659536], [609256, -659536, 1651112]], "lincomb_exact": [1.0, 1.0, 0.0], "lincomb_LLL": [1.0, 1.0, 0.0], "lincomb_cube": [-0.39603328704833984, 1.0, 0.5455846786499023], "lincomb_cube_shortest": [-1.0, 1.0, 1.0], "exact.norm": 271.814453125, "LLL.norm": 271.814453125, "shortest_cube.norm": 347.19873046875, "sv_LLL": [63.0, 167.0, 205.0], "sv_exact": [63.0, 167.0, 205.0], "sv_shortst_cube": [323.0, -33.0, -123.0]}, {"B": [[-619, -526, -794], [-165, 86, 504], [877, 788, 988]], "G": [[1290273, -343277, -1741823], [-343277, 288637, 421015], [-1741823, 421015, 2366217]], "lincomb_exact": [3.0, 1.0, 2.0], "lincomb_LLL": [3.0, 1.0, 2.0], "lincomb_cube": [4.1286773681640625, 1.0, 2.861278533935547], "lincomb_cube_shortest": [4.0, 1.0, 3.0], "exact.norm": 297.46240234375, "LLL.norm": 297.46240234375, "shortest_cube.norm": 452.857421875, "sv_LLL": [-268.0, 84.0, 98.0], "sv_exact": [-268.0, 84.0, 98.0], "sv_shortst_cube": [-10.0, 346.0, 292.0]}, {"B": [[506, 971, 798], [-196, -550, -290], [474, 774, 689]], "G": [[1835681, -864646, 1541220], [-864646, 425016, -718414], [1541220, -718414, 1298473]], "lincomb_exact": [3.0, 1.0, -3.0], "lincomb_LLL": [3.0, 1.0, -3.0], "lincomb_cube": [1.8831596374511719, 1.0, -1.681936264038086], "lincomb_cube_shortest": [2.0, 1.0, -2.0], "exact.norm": 114.2366943359375, "LLL.norm": 114.2366943359375, "shortest_cube.norm": 216.665771484375, "sv_LLL": [-100.0, 41.0, 37.0], "sv_exact": [-100.0, 41.0, 37.0], "sv_shortst_cube": [-132.0, -156.0, -72.0]}, {"B": [[-97, 423, 494], [55, -926, 491], [-146, 659, 639]], "G": [[432374, -154479, 608585], [-154479, 1101582, -304515], [608585, -304515, 863918]], "lincomb_exact": [-18.0, 1.0, 13.0], "lincomb_LLL": [-18.0, 1.0, 13.0], "lincomb_cube": [-16.413421630859375, 1.0, 11.914871215820312], "lincomb_cube_shortest": [-17.0, 1.0, 12.0], "exact.norm": 137.74609375, "LLL.norm": 137.74609375, "shortest_cube.norm": 321.10107421875, "sv_LLL": [-97.0, 27.0, -94.0], "sv_exact": [-97.0, 27.0, -94.0], "sv_shortst_cube": [-48.0, -209.0, -239.0]}, {"B": [[66, -748, -167], [-669, 371, 170], [78, 483, 121]], "G": [[591749, -350052, -376343], [-350052, 614102, 147581], [-376343, 147581, 254014]], "lincomb_exact": [3.0, 1.0, 4.0], "lincomb_LLL": [3.0, 1.0, 4.0], "lincomb_cube": [3.8459548950195312, 1.0, 5.1171112060546875], "lincomb_cube_shortest": [4.0, 1.0, 5.0], "exact.norm": 228.40966796875, "LLL.norm": 228.40966796875, "shortest_cube.norm": 232.615478515625, "sv_LLL": [-159.0, 59.0, 153.0], "sv_exact": [-159.0, 59.0, 153.0], "sv_shortst_cube": [-15.0, -206.0, 107.0]}, {"B": [[898, -334, 634], [-209, -357, 121], [695, 794, -130]], "G": [[1319916, 8270, 276494], [8270, 185771, -444443], [276494, -444443, 1130361]], "lincomb_exact": [1.0, -12.0, -5.0], "lincomb_LLL": [1.0, -12.0, -5.0], "lincomb_cube": [1.0, -10.61376953125, -4.4178009033203125], "lincomb_cube_shortest": [1.0, -10.0, -4.0], "exact.norm": 182.715576171875, "LLL.norm": 182.715576171875, "shortest_cube.norm": 223.60693359375, "sv_LLL": [-69.0, -20.0, -168.0], "sv_exact": [-69.0, -20.0, -168.0], "sv_shortst_cube": [208.0, 60.0, -56.0]}, {"B": [[432, 736, -259], [-808, -974, -74], [-349, 280, -234]], "G": [[795401, -1046754, 115918], [-1046754, 1607016, 26588], [115918, 26588, 254957]], "lincomb_exact": [0.0, 0.0, 1.0], "lincomb_LLL": [0.0, 0.0, 1.0], "lincomb_cube": [-1.1730422973632812, -0.7806234359741211, 1.0], "lincomb_cube_shortest": [-1.0, -1.0, 1.0], "exact.norm": 504.9326171875, "LLL.norm": 504.9326171875, "shortest_cube.norm": 528.06640625, "sv_LLL": [-349.0, 280.0, -234.0], "sv_exact": [-349.0, 280.0, -234.0], "sv_shortst_cube": [27.0, 518.0, 99.0]}, {"B": [[-164, 36, -266], [-993, -392, -781], [433, 48, 670]], "G": [[98948, 356486, -247504], [356486, 1749674, -972055], [-247504, -972055, 638693]], "lincomb_exact": [3.0, 0.0, 1.0], "lincomb_LLL": [3.0, 0.0, 1.0], "lincomb_cube": [1.87921142578125, 0.172684907913208, 1.0], "lincomb_cube_shortest": [2.0, 0.0, 1.0], "exact.norm": 210.240234375, "LLL.norm": 210.240234375, "shortest_cube.norm": 210.876708984375, "sv_LLL": [-59.0, 156.0, -128.0], "sv_exact": [-59.0, 156.0, -128.0], "sv_shortst_cube": [105.0, 120.0, 138.0]}, {"B": [[339, -596, -382], [556, -864, -506], [-485, 882, 772]], "G": [[616061, 896720, -984991], [896720, 1311668, -1422340], [-984991, -1422340, 1609133]], "lincomb_exact": [3.0, -1.0, 1.0], "lincomb_LLL": [3.0, -1.0, 1.0], "lincomb_cube": [4.1761016845703125, -1.770608901977539, 1.0], "lincomb_cube_shortest": [5.0, -2.0, 1.0], "exact.norm": 140.58447265625, "LLL.norm": 140.58447265625, "shortest_cube.norm": 402.9638671875, "sv_LLL": [-24.0, -42.0, 132.0], "sv_exact": [-24.0, -42.0, 132.0], "sv_shortst_cube": [98.0, -370.0, -126.0]}, {"B": [[-302, -493, -207], [651, -187, 69], [-217, -901, -415]], "G": [[377102, -118694, 595632], [-118694, 463531, -1415], [595632, -1415, 1031115]], "lincomb_exact": [5.0, 1.0, -3.0], "lincomb_LLL": [5.0, 1.0, -3.0], "lincomb_cube": [3.5687408447265625, 1.0, -2.060138702392578], "lincomb_cube_shortest": [3.0, 1.0, -2.0], "exact.norm": 351.71875, "LLL.norm": 351.71875, "shortest_cube.norm": 357.5205078125, "sv_LLL": [-208.0, 51.0, 279.0], "sv_exact": [-208.0, 51.0, 279.0], "sv_shortst_cube": [179.0, 136.0, 278.0]}, {"B": [[-48, 382, 407], [460, -819, -970], [-829, -256, -233]], "G": [[313877, -729728, -152831], [-729728, 1823261, 54334], [-152831, 54334, 807066]], "lincomb_exact": [5.0, 2.0, 1.0], "lincomb_LLL": [5.0, 2.0, 1.0], "lincomb_cube": [6.008583068847656, 2.3750267028808594, 1.0], "lincomb_cube_shortest": [7.0, 3.0, 1.0], "exact.norm": 203.718017578125, "LLL.norm": 203.718017578125, "shortest_cube.norm": 366.30859375, "sv_LLL": [-149.0, 16.0, -138.0], "sv_exact": [-149.0, 16.0, -138.0], "sv_shortst_cube": [215.0, -39.0, -294.0]}, {"B": [[101, -204, 478], [-51, -854, 971], [-75, 459, -239]], "G": [[280301, 633203, -215453], [633203, 1674758, -620230], [-215453, -620230, 273427]], "lincomb_exact": [1.0, 0.0, 1.0], "lincomb_LLL": [1.0, 0.0, 1.0], "lincomb_cube": [-0.4657573699951172, 0.5464363098144531, 1.0], "lincomb_cube_shortest": [-1.0, 1.0, 1.0], "exact.norm": 350.45947265625, "LLL.norm": 350.45947265625, "shortest_cube.norm": 390.5458984375, "sv_LLL": [26.0, 255.0, 239.0], "sv_exact": [26.0, 255.0, 239.0], "sv_shortst_cube": [-227.0, -191.0, 254.0]}, {"B": [[-351, 558, -468], [687, -889, -271], [526, -853, 534]], "G": [[653589, -610371, -910512], [-610371, 1335731, 974965], [-910512, 974965, 1289441]], "lincomb_exact": [-6.0, 1.0, -5.0], "lincomb_LLL": [-6.0, 1.0, -5.0], "lincomb_cube": [-7.3315887451171875, 1.0, -5.93316650390625], "lincomb_cube_shortest": [-7.0, 1.0, -6.0], "exact.norm": 212.23095703125, "LLL.norm": 212.23095703125, "shortest_cube.norm": 379.57080078125, "sv_LLL": [163.0, 28.0, -133.0], "sv_exact": [163.0, 28.0, -133.0], "sv_shortst_cube": [-12.0, 323.0, -199.0]}, {"B": [[328, -785, -601], [174, 990, -223], [-79, 412, 184]], "G": [[1085010, -586055, -459916], [-586055, 1060105, 353102], [-459916, 353102, 209841]], "lincomb_exact": [-2.0, 1.0, -6.0], "lincomb_LLL": [-2.0, 1.0, -6.0], "lincomb_cube": [-2.4397621154785156, 1.0, -7.030029296875], "lincomb_cube_shortest": [-3.0, 1.0, -8.0], "exact.norm": 153.078369140625, "LLL.norm": 153.078369140625, "shortest_cube.norm": 213.89013671875, "sv_LLL": [-8.0, 88.0, -125.0], "sv_exact": [-8.0, 88.0, -125.0], "sv_shortst_cube": [-178.0, 49.0, 108.0]}, {"B": [[-972, 871, -180], [-319, 467, 274], [812, -641, 894]], "G": [[1735825, 667505, -1508495], [667505, 394926, -313419], [-1508495, -313419, 1869461]], "lincomb_exact": [2.0, -3.0, 1.0], "lincomb_LLL": [2.0, -3.0, 1.0], "lincomb_cube": [1.6108341217041016, -1.9290237426757812, 1.0], "lincomb_cube_shortest": [2.0, -2.0, 1.0], "exact.norm": 451.18603515625, "LLL.norm": 451.18603515625, "shortest_cube.norm": 521.65234375, "sv_LLL": [-175.0, -300.0, -288.0], "sv_exact": [-175.0, -300.0, -288.0], "sv_shortst_cube": [-494.0, 167.0, -14.0]}, {"B": [[-418, -602, 997], [-274, -189, 361], [-751, -114, 920]], "G": [[1531137, 588227, 1299786], [588227, 241118, 559440], [1299786, 559440, 1423397]], "lincomb_exact": [1.0, -5.0, 1.0], "lincomb_LLL": [1.0, -5.0, 1.0], "lincomb_cube": [0.67645263671875, -3.9704551696777344, 1.0], "lincomb_cube_shortest": [1.0, -4.0, 1.0], "exact.norm": 324.63232421875, "LLL.norm": 324.63232421875, "shortest_cube.norm": 480.2685546875, "sv_LLL": [201.0, 229.0, 112.0], "sv_exact": [201.0, 229.0, 112.0], "sv_shortst_cube": [-73.0, 40.0, 473.0]}, {"B": [[257, -116, -113], [-975, 800, 204], [-839, -278, 569]], "G": [[92274, -366427, -247672], [-366427, 1632241, 711701], [-247672, 711701, 1104966]], "lincomb_exact": [11.0, 2.0, 1.0], "lincomb_LLL": [11.0, 2.0, 1.0], "lincomb_cube": [8.778030395507812, 1.5345821380615234, 1.0], "lincomb_cube_shortest": [8.0, 1.0, 1.0], "exact.norm": 272.609375, "LLL.norm": 272.609375, "shortest_cube.norm": 490.4697265625, "sv_LLL": [38.0, 46.0, -266.0], "sv_exact": [38.0, 46.0, -266.0], "sv_shortst_cube": [242.0, -406.0, -131.0]}, {"B": [[134, -485, -359], [-455, 53, 207], [-730, -966, -939]], "G": [[382062, -160988, 707791], [-160988, 252683, 86579], [707791, 86579, 2347777]], "lincomb_exact": [0.0, 1.0, 0.0], "lincomb_LLL": [0.0, 1.0, 0.0], "lincomb_cube": [1.109121322631836, 1.0, -0.3712472915649414], "lincomb_cube_shortest": [1.0, 1.0, 0.0], "exact.norm": 502.67578125, "LLL.norm": 502.67578125, "shortest_cube.norm": 559.2578125, "sv_LLL": [-455.0, 53.0, 207.0], "sv_exact": [-455.0, 53.0, 207.0], "sv_shortst_cube": [-321.0, -432.0, -152.0]}, {"B": [[504, 959, 524], [-562, -639, -133], [-459, -513, -521]], "G": [[1448273, -965741, -996307], [-965741, 741854, 655058], [-996307, 655058, 745291]], "lincomb_exact": [0.0, -1.0, 1.0], "lincomb_LLL": [0.0, -1.0, 1.0], "lincomb_cube": [0.7513008117675781, 0.09503746032714844, 1.0], "lincomb_cube_shortest": [1.0, 0.0, 1.0], "exact.norm": 420.748046875, "LLL.norm": 420.748046875, "shortest_cube.norm": 448.2744140625, "sv_LLL": [103.0, 126.0, -388.0], "sv_exact": [103.0, 126.0, -388.0], "sv_shortst_cube": [45.0, 446.0, 3.0]}, {"B": [[222, -179, 73], [-366, 894, -345], [-780, -894, 544]], "G": [[86654, -266463, 26578], [-266463, 1052217, -701436], [26578, -701436, 1703572]], "lincomb_exact": [9.0, 3.0, 1.0], "lincomb_LLL": [9.0, 3.0, 1.0], "lincomb_cube": [7.8776092529296875, 2.661548614501953, 1.0], "lincomb_cube_shortest": [8.0, 3.0, 1.0], "exact.norm": 270.7119140625, "LLL.norm": 270.7119140625, "shortest_cube.norm": 381.8232421875, "sv_LLL": [120.0, 177.0, 166.0], "sv_exact": [120.0, 177.0, 166.0], "sv_shortst_cube": [-102.0, 356.0, 93.0]}, {"B": [[-696, -852, -506], [-607, 270, 339], [948, -217, -330]], "G": [[1466356, 20898, -307944], [20898, 556270, -745896], [-307944, -745896, 1054693]], "lincomb_exact": [1.0, 8.0, 6.0], "lincomb_LLL": [1.0, 8.0, 6.0], "lincomb_cube": [1.0, 6.845733642578125, 5.133392333984375], "lincomb_cube_shortest": [1.0, 7.0, 5.0], "exact.norm": 263.83349609375, "LLL.norm": 263.83349609375, "shortest_cube.norm": 302.19677734375, "sv_LLL": [136.0, 6.0, 226.0], "sv_exact": [136.0, 6.0, 226.0], "sv_shortst_cube": [-205.0, -47.0, 217.0]}, {"B": [[-23, 126, 237], [417, -267, -822], [225, -65, -679]], "G": [[72574, -238047, -174288], [-238047, 920862, 669318], [-174288, 669318, 515891]], "lincomb_exact": [-1.0, -1.0, 1.0], "lincomb_LLL": [-1.0, -1.0, 1.0], "lincomb_cube": [0.11472094058990479, -0.6971826553344727, 1.0], "lincomb_cube_shortest": [0.0, -1.0, 1.0], "exact.norm": 207.78125, "LLL.norm": 207.78125, "shortest_cube.norm": 313.236328125, "sv_LLL": [-169.0, 76.0, -94.0], "sv_exact": [-169.0, 76.0, -94.0], "sv_shortst_cube": [-192.0, 202.0, 143.0]}, {"B": [[606, -274, 568], [711, 799, 422], [-143, -294, -64]], "G": [[764936, 451636, -42454], [451636, 1322006, -363587], [-42454, -363587, 110981]], "lincomb_exact": [1.0, -2.0, -6.0], "lincomb_LLL": [1.0, -2.0, -6.0], "lincomb_cube": [1.0, -2.3885955810546875, -7.4427947998046875], "lincomb_cube_shortest": [1.0, -2.0, -7.0], "exact.norm": 158.404541015625, "LLL.norm": 158.404541015625, "shortest_cube.norm": 313.69580078125, "sv_LLL": [42.0, -108.0, 108.0], "sv_exact": [42.0, -108.0, 108.0], "sv_shortst_cube": [185.0, 186.0, 172.0]}, {"B": [[-584, 16, -332], [807, 163, 998], [-999, 41, -374]], "G": [[451536, -800016, 708240], [-800016, 1673822, -1172762], [708240, -1172762, 1139558]], "lincomb_exact": [5.0, 1.0, -2.0], "lincomb_LLL": [5.0, 1.0, -2.0], "lincomb_cube": [6.26123046875, 1.0, -2.86224365234375], "lincomb_cube_shortest": [6.0, 1.0, -3.0], "exact.norm": 215.73583984375, "LLL.norm": 215.73583984375, "shortest_cube.norm": 353.3837890625, "sv_LLL": [-115.0, 161.0, 86.0], "sv_exact": [-115.0, 161.0, 86.0], "sv_shortst_cube": [300.0, 136.0, 128.0]}, {"B": [[548, 611, -306], [809, 951, -226], [-706, -524, -839]], "G": [[767261, 1093549, -450318], [1093549, 1609958, -879864], [-450318, -879864, 1476933]], "lincomb_exact": [-5.0, 4.0, 1.0], "lincomb_LLL": [-5.0, 4.0, 1.0], "lincomb_cube": [-6.018524169921875, 4.6345367431640625, 1.0], "lincomb_cube_shortest": [-7.0, 5.0, 1.0], "exact.norm": 374.29150390625, "LLL.norm": 374.29150390625, "shortest_cube.norm": 528.255859375, "sv_LLL": [-210.0, 225.0, -213.0], "sv_exact": [-210.0, 225.0, -213.0], "sv_shortst_cube": [-497.0, -46.0, 173.0]}, {"B": [[-777, 504, -671], [943, -783, 876], [283, -892, 200]], "G": [[1307986, -1715139, -803659], [-1715139, 2269714, 1140505], [-803659, 1140505, 915753]], "lincomb_exact": [-6.0, -5.0, 1.0], "lincomb_LLL": [-6.0, -5.0, 1.0], "lincomb_cube": [-4.8812255859375, -4.191047668457031, 1.0], "lincomb_cube_shortest": [-5.0, -4.0, 1.0], "exact.norm": 276.7978515625, "LLL.norm": 276.7978515625, "shortest_cube.norm": 487.6650390625, "sv_LLL": [230.0, -1.0, -154.0], "sv_exact": [230.0, -1.0, -154.0], "sv_shortst_cube": [396.0, -280.0, 51.0]}, {"B": [[-342, -303, -102], [901, -940, 735], [-408, 210, -440]], "G": [[219177, -98292, 120786], [-98292, 2235626, -888408], [120786, -888408, 404164]], "lincomb_exact": [1.0, 0.0, 0.0], "lincomb_LLL": [1.0, 0.0, 0.0], "lincomb_cube": [1.0, -0.59130859375, -1.5986328125], "lincomb_cube_shortest": [1.0, -1.0, -2.0], "exact.norm": 468.1630859375, "LLL.norm": 468.1630859375, "shortest_cube.norm": 480.90234375, "sv_LLL": [-342.0, -303.0, -102.0], "sv_exact": [-342.0, -303.0, -102.0], "sv_shortst_cube": [-427.0, 217.0, 43.0]}, {"B": [[911, 605, 369], [-304, 145, 664], [755, 474, 248]], "G": [[1332107, 55797, 1066087], [55797, 554337, 3882], [1066087, 3882, 856205]], "lincomb_exact": [-12.0, 1.0, 15.0], "lincomb_LLL": [-12.0, 1.0, 15.0], "lincomb_cube": [-10.867538452148438, 1.0, 13.526962280273438], "lincomb_cube_shortest": [-11.0, 1.0, 14.0], "exact.norm": 99.4083251953125, "LLL.norm": 99.4083251953125, "shortest_cube.norm": 286.0595703125, "sv_LLL": [89.0, -5.0, -44.0], "sv_exact": [89.0, -5.0, -44.0], "sv_shortst_cube": [245.0, 126.0, 77.0]}, {"B": [[320, 912, -467], [346, -532, -689], [-176, -726, 268]], "G": [[1152233, -52701, -843588], [-52701, 877461, 140684], [-843588, 140684, 629876]], "lincomb_exact": [-5.0, 1.0, -7.0], "lincomb_LLL": [-5.0, 1.0, -7.0], "lincomb_cube": [-6.0527496337890625, 1.0, -8.329757690429688], "lincomb_cube_shortest": [-6.0, 1.0, -8.0], "exact.norm": 231.26611328125, "LLL.norm": 231.26611328125, "shortest_cube.norm": 258.7138671875, "sv_LLL": [-22.0, -10.0, -230.0], "sv_exact": [-22.0, -10.0, -230.0], "sv_shortst_cube": [-166.0, -196.0, -31.0]}, {"B": [[492, 522, -108], [-703, -947, 89], [-629, 477, 398]], "G": [[526212, -849822, -103458], [-849822, 1398939, 25890], [-103458, 25890, 781574]], "lincomb_exact": [10.0, 6.0, 1.0], "lincomb_LLL": [10.0, 6.0, 1.0], "lincomb_cube": [8.803466796875, 5.329383850097656, 1.0], "lincomb_cube_shortest": [8.0, 5.0, 1.0], "exact.norm": 165.70458984375, "LLL.norm": 165.70458984375, "shortest_cube.norm": 224.56396484375, "sv_LLL": [73.0, 15.0, -148.0], "sv_exact": [73.0, 15.0, -148.0], "sv_shortst_cube": [-208.0, -82.0, -21.0]}, {"B": [[-863, -923, -324], [-584, -554, 106], [168, -140, 375]], "G": [[1701674, 980990, -137264], [980990, 659208, 19198], [-137264, 19198, 188449]], "lincomb_exact": [0.0, 0.0, 1.0], "lincomb_LLL": [0.0, 0.0, 1.0], "lincomb_cube": [0.6857452392578125, -1.0496044158935547, 1.0], "lincomb_cube_shortest": [1.0, -2.0, 1.0], "exact.norm": 434.10693359375, "LLL.norm": 434.10693359375, "shortest_cube.norm": 501.67236328125, "sv_LLL": [168.0, -140.0, 375.0], "sv_exact": [168.0, -140.0, 375.0], "sv_shortst_cube": [473.0, 45.0, -161.0]}, {"B": [[898, -450, 572], [733, -571, -794], [-390, 317, 529]], "G": [[1336088, 461016, -190282], [461016, 1493766, -886903], [-190282, -886903, 532430]], "lincomb_exact": [1.0, -8.0, -13.0], "lincomb_LLL": [1.0, -8.0, -13.0], "lincomb_cube": [1.0, -8.786575317382812, -14.278976440429688], "lincomb_cube_shortest": [1.0, -9.0, -15.0], "exact.norm": 114.16650390625, "LLL.norm": 114.16650390625, "shortest_cube.n