[{"B": [[-580, 264, -74, -858, -401, 892, 358, 366, 106, 937], [-546, -434, -883, -605, 934, -99, -483, -867, 895, 98], [-773, -4, -24, -757, 616, -238, 437, 69, 503, 107], [928, 319, 951, 137, -69, 859, -856, 148, 822, 622], [-117, 246, 89, 67, 908, 334, 652, 144, 945, -11], [37, 403, -566, -550, 170, 576, -400, 552, 553, 150], [-732, -68, 304, 625, 970, -746, -136, -888, -317, 891], [-710, 277, -425, -144, 565, 389, -590, 387, 46, -280], [-571, -845, -3, 197, -829, 38, 611, -298, -770, 265], [851, -210, 762, 380, -604, 176, 221, -899, 503, 404]], "G": [[3255526, 20154, 974531, 569619, 378535, 1302338, -778971, 433291, 581976, -350302], [20154, 4309950, 1691654, -635461, 1057935, 963431, 1401648, 1182207, -916015, -695345], [974531, 1691654, 2067458, -975939, 1285456, 524850, 675937, 684439, -336512, -1046100], [569619, -635461, -975939, 4445965, 521118, 1004293, -755383, -273286, -1720694, 2034846], [378535, 1057935, 1285456, 521118, 2361621, 693952, 243533, 464283, -1243276, -62070], [1302338, 963431, 524850, 1004293, 693952, 1940323, -1312525, 1158287, -1382312, -940628], [-778971, 1401648, 675937, -755383, 243533, -1312525, 4222315, 12062, 426900, 112089], [433291, 1182207, 684439, -273286, 464283, 1158287, 12062, 1831121, -894787, -1882031], [581976, -916015, -336512, -1720694, -1243276, -1382312, 426900, -894787, 2892819, 394190], [-350302, -695345, -1046100, 2034846, -62070, -940628, 112089, -1882031, 394190, 3162404]], "lincomb_exact": [-1.0, 0.0, 1.0, 1.0, 0.0, 1.0, 0.0, -1.0, 1.0, -1.0], "lincomb_LLL": [-1.0, 0.0, 1.0, 1.0, 0.0, 1.0, 0.0, -1.0, 1.0, -1.0], "lincomb_cube": [-0.6289491653442383, -0.5852422714233398, 0.6960563659667969, -0.3621063232421875, -0.2745695114135742, 1.3708477020263672, 0.2796473503112793, 0.615138053894043, 0.3565793037414551, 1.0], "lincomb_cube_shortest": [0.0, 0.0, 0.0, -1.0, 0.0, 1.0, 0.0, 0.0, 0.0, 1.0], "exact.norm": 1064.919921875, "LLL.norm": 1064.919921875, "shortest_cube.norm": 1260.6171875, "sv_LLL": [60.0, -458.0, 95.0, -351.0, 328.0, -222.0, -197.0, 617.0, 453.0, 83.0], "sv_exact": [60.0, -458.0, 95.0, -351.0, 328.0, -222.0, -197.0, 617.0, 453.0, 83.0], "sv_shortst_cube": [-40.0, -126.0, -755.0, -307.0, -365.0, -107.0, 677.0, -495.0, 234.0, -68.0]}, {"B": [[-485, -152, 74, 530, 772, -853, 981, -493, -87, 824], [973, -222, -167, -740, -873, -515, -319, -649, 816, 353], [-556, -58, 333, -569, 59, 121, -347, 395, -347, -449], [-936, -796, -590, -565, 200, -466, 992, -954, -689, 269], [248, 400, -613, -656, -227, 88, -99, -616, 473, 184], [-436, 536, -899, 449, 42, 325, -790, 341, 581, 195], [-373, 486, 487, -433, 614, 458, 713, -569, 361, -249], [-189, -303, 790, 754, 113, 549, -767, 319, 698, 999], [813, 814, 530, 345, -841, -94, -208, 372, -741, 704], [871, 491, 997, -23, -487, 435, -583, -70, -756, -462]], "G": [[3760253, -850482, -931046, 2508813, -507396, -776339, 740302, 67496, -607914, -2034827], [-850482, 3912283, -863796, -316565, 1775451, -355756, -655109, -228048, 517914, 241553], [-931046, -863796, 1363716, 44261, -450412, -182054, 193760, -268805, -419901, 500657], [2508813, -316565, 44261, 4875455, 308429, -1341733, 763371, -1984633, -1902232, -2196387], [-507396, 1775451, -450412, 308429, 1733724, 560728, 393193, -730906, -270868, -376595], [-776339, -355756, -182054, -1341733, 560728, 2710550, -630581, 1046555, -307670, -994915], [740302, -655109, 193760, 763371, 393193, -630581, 2411195, -422844, -1161115, -224274], [67496, -228048, -268805, -1984633, -730906, 1046555, -422844, 3809571, 596174, 76285], [-607914, 517914, -419901, -1902232, -270868, -307670, -1161115, 596174, 3665952, 2327121], [-2034827, 241553, 500657, -2196387, -376595, -994915, -224274, 76285, 2327121, 3550423]], "lincomb_exact": [0.0, 0.0, 1.0, 0.0, 0.0, 0.0, 0.0, 0.0, 0.0, 0.0], "lincomb_LLL": [0.0, 0.0, 1.0, 0.0, 0.0, 0.0, 0.0, 0.0, 0.0, 0.0], "lincomb_cube": [0.6388626098632812, -0.2297685146331787, 1.0, -0.4533805847167969, 1.0022087097167969, -0.3620724678039551, -0.49375200271606445, 0.06293189525604248, -0.10700118541717529, 0.0027272962033748627], "lincomb_cube_shortest": [1.0, -1.0, 1.0, -1.0, 2.0, -1.0, -1.0, 0.0, 0.0, 0.0], "exact.norm": 1167.783203125, "LLL.norm": 1167.783203125, "shortest_cube.norm": 1192.537109375, "sv_LLL": [-556.0, -58.0, 333.0, -569.0, 59.0, 121.0, -347.0, 395.0, -347.0, -449.0], "sv_exact": [-556.0, -58.0, 333.0, -569.0, 59.0, 121.0, -347.0, 395.0, -347.0, -449.0], "sv_shortst_cube": [227.0, 586.0, 350.0, -62.0, 394.0, -358.0, -160.0, 501.0, -557.0, 175.0]}, {"B": [[940, 682, 47, 942, 221, 434, 705, -924, 134, -265], [-667, -817, 159, 587, 800, -742, -857, -172, -449, 823], [-521, -636, 418, 323, -295, 272, 250, 909, -831, -73], [-642, 895, 853, 385, -109, 576, 116, 918, -32, 415], [-444, -988, -908, -256, 543, -581, 88, 329, -305, 717], [779, -839, -874, 988, 674, 953, -954, 444, 193, 594], [625, -358, 503, 893, -95, -778, 913, -813, 43, -510], [751, -92, 85, 26, 543, 577, -49, -533, 282, -702], [423, 199, 392, -280, -992, 504, 833, 847, 607, 635], [437, 564, -858, -798, -755, -539, 275, -481, 248, 981]], "G": [[3914476, -1492493, -1302402, -245149, -1979986, 397862, 2385333, 1723869, 5206, 14191], [-1492493, 4315755, 627800, -357366, 2269234, 1582349, -100587, -961405, -2323827, -1018109], [-1302402, 627800, 2700670, 1294757, 601418, 103274, -292105, -971915, 583598, -1772842], [-245149, -357366, 1294757, 3462109, -1246594, -603441, -1240021, -1004134, 1649822, -1053526], [-1979986, 2269234, 601418, -1246594, 3418789, 1265166, -774613, -1135785, -878033, 628974], [397862, 1582349, 103274, -603441, 1265166, 5910604, -1102180, 977010, -569261, -1039178], [2385333, -100587, -292105, -1240021, -774613, -1102180, 3940043, 826531, -383434, -429426], [1723869, -961405, -971915, -1004134, -1135785, 977010, 826531, 2066962, -689307, -914175], [5206, -2323827, 583598, 1649822, -878033, -569261, -383434, -689307, 3871646, 1256634], [14191, -1018109, -1772842, -1053526, 628974, -1039178, -429426, -914175, 1256634, 4073430]], "lincomb_exact": [-3.0, -1.0, 1.0, 4.0, 1.0, 1.0, 3.0, 4.0, -2.0, 3.0], "lincomb_LLL": [-3.0, -1.0, 1.0, 4.0, 1.0, 1.0, 3.0, 4.0, -2.0, 3.0], "lincomb_cube": [-2.4054794311523438, -1.0639076232910156, 0.5955591201782227, 2.7852325439453125, 0.25383806228637695, 1.0, 2.2670516967773438, 2.29791259765625, -1.8037357330322266, 2.24908447265625], "lincomb_cube_shortest": [-3.0, -1.0, 1.0, 3.0, 0.0, 1.0, 3.0, 3.0, -2.0, 3.0], "exact.norm": 1152.91796875, "LLL.norm": 1152.91796875, "shortest_cube.norm": 1257.810546875, "sv_LLL": [437.0, -260.0, 239.0, 131.0, 629.0, -263.0, 292.0, 590.0, -237.0, 205.0], "sv_exact": [437.0, -260.0, 239.0, 131.0, 629.0, -263.0, 292.0, 590.0, -237.0, 205.0], "sv_shortst_cube": [772.0, -75.0, 209.0, -24.0, -348.0, -835.0, 137.0, -124.0, -182.0, -225.0]}, {"B": [[704, -819, -891, -579, 860, 527, -893, 661, -418, -919], [11, 314, 653, -424, -663, 974, 420, 574, -686, 561], [-529, -618, -817, 20, -206, 519, 399, -496, 967, 859], [543, -401, -21, -860, -881, 731, -835, -349, 92, -627], [452, -49, -455, -984, -327, 465, 650, 624, -71, 923], [-997, -695, -879, -277, 895, 526, 530, 755, 528, 591], [-336, 876, -35, -480, -596, 500, 640, -854, -411, -50], [456, -940, -5, -984, -672, -714, -11, 79, 918, -466], [-53, -998, -839, -931, 997, 661, 534, -831, -844, -139], [-854, 838, 232, -83, 827, -437, 782, -489, 333, -672]], "G": [[5566483, -867088, -931344, 1907642, 310770, 1119723, -1812209, 817449, 2726795, -1508453], [-867088, 3384340, -398355, 561198, 1977083, -141484, 1366681, -976541, -235984, -1091189], [-931344, -398355, 3719638, -88287, 1125972, 2613385, 276204, 535806, 1139014, -355162], [1907642, 561198, -88287, 3726832, 403103, -1438012, 527571, 1899243, 648166, -1811615], [310770, 1977083, 1125972, 403103, 3373986, 1531474, 586976, 657287, 1064324, -1365327], [1119723, -141484, 2613385, -1438012, 1531474, 4883095, -932651, -238260, 2109654, 422331], [-1812209, 1366681, 276204, 527571, 586976, -932651, 3027450, -889153, 761361, 1156183], [817449, -976541, 535806, 1899243, 657287, -238260, -889153, 4087439, -89228, -768745], [2726795, -235984, 1139014, 648166, 1064324, 2109654, 761361, -89228, 5707799, 263528], [-1508453, -1091189, -355162, -1811615, -1365327, 422331, 1156183, -768745, 263528, 3780289]], "lincomb_exact": [1.0, 1.0, 2.0, -1.0, 0.0, -2.0, -1.0, 0.0, 0.0, 1.0], "lincomb_LLL": [1.0, 1.0, 2.0, -1.0, 0.0, -2.0, -1.0, 0.0, 0.0, 1.0], "lincomb_cube": [0.40184545516967773, 0.62432861328125, 0.90185546875, 0.04675889015197754, 0.29764604568481445, -0.9030084609985352, -0.9018592834472656, -0.17980289459228516, -0.0018641389906406403, 1.0], "lincomb_cube_shortest": [0.0, 1.0, 1.0, 0.0, 0.0, -1.0, -1.0, 0.0, 0.0, 1.0], "exact.norm": 1341.314453125, "LLL.norm": 1341.314453125, "shortest_cube.norm": 1361.431640625, "sv_LLL": [590.0, 12.0, 174.0, 848.0, 299.0, -181.0, 242.0, -553.0, 426.0, 183.0], "sv_exact": [590.0, 12.0, 174.0, 848.0, 299.0, -181.0, 242.0, -553.0, 426.0, 183.0], "sv_shortst_cube": [-39.0, 353.0, 982.0, 270.0, -341.0, 30.0, 431.0, -312.0, 497.0, 207.0]}, {"B": [[936, 982, 132, -893, -309, 288, -421, 288, 331, 842], [167, -646, 760, -661, -445, -816, -693, 708, 189, 49], [-561, 983, 675, -216, -51, -30, -252, 466, -950, -491], [540, -949, 507, 558, -321, 649, -928, 832, 522, -634], [86, -615, 577, 636, 197, -724, 2, -299, 916, -357], [609, -699, -571, -755, -241, -179, 128, -567, -785, 551], [-395, 518, 124, 266, 82, -748, 662, -885, -247, 170], [883, -962, -928, 197, -507, 45, 783, 286, 330, 228], [-959, -782, -508, -901, -520, 859, -997, 295, -61, 915], [-427, 104, 563, 230, 984, -648, -595, -728, 276, -362]], "G": [[3912428, 714504, 241745, -302489, -1368955, 492289, -795175, -193059, 734997, -1091915], [714504, 3343242, 275201, 1632729, 875448, 260155, -1032000, -144278, 1018043, 159582], [241745, 275201, 3211033, -580247, -1223770, -1054719, 347237, -2574942, -380842, 367614], [-302489, 1632729, -580247, 4512704, 1198255, -1107018, -2592730, 760176, 747059, -331867], [-1368955, 875448, -1223770, 1198255, 2741941, -991247, 424887, 261881, -1664782, 1631981], [492289, 260155, -1054719, -1107018, -991247, 3103369, 113955, 1510110, 1161638, -1028520], [-795175, -1032000, 347237, -2592730, 424887, 113955, 2388087, -762519, -1764573, 1039599], [-193059, -144278, -2574942, 760176, 261881, 1510110, -762519, 3719969, -6082, -2147840], [734997, 1018043, -380842, 747059, -1664782, 1161638, -1764573, -6082, 5531331, -1202992], [-1091915, 159582, 367614, -331867, 1631981, -1028520, 1039599, -2147840, -1202992, 3042403]], "lincomb_exact": [1.0, -2.0, 3.0, -1.0, 4.0, 1.0, -2.0, 1.0, 1.0, 0.0], "lincomb_LLL": [1.0, -2.0, 3.0, -1.0, 4.0, 1.0, -2.0, 1.0, 1.0, 0.0], "lincomb_cube": [0.854954719543457, -1.3818912506103516, 2.7524261474609375, -0.46172666549682617, 2.597137451171875, 0.5708866119384766, -0.6933164596557617, 1.8659076690673828, 1.0, 0.7458333969116211], "lincomb_cube_shortest": [1.0, -1.0, 2.0, 0.0, 2.0, 0.0, 0.0, 2.0, 1.0, 1.0], "exact.norm": 745.8701171875, "LLL.norm": 745.8701171875, "shortest_cube.norm": 1102.763671875, "sv_LLL": [46.0, 233.0, 183.0, -224.0, 105.0, 506.0, -265.0, 26.0, 223.0, -169.0], "sv_exact": [46.0, 233.0, 183.0, -224.0, 105.0, 506.0, -265.0, 26.0, 223.0, -169.0], "sv_shortst_cube": [199.0, -238.0, 75.0, 331.0, -122.0, -103.0, -254.0, 53.0, 949.0, 106.0]}, {"B": [[294, 959, -824, -683, 466, -280, 379, 245, -383, -485], [-892, -959, -293, -444, -112, 627, -757, -367, 137, -61], [-504, -719, 864, 9, 653, -173, -990, 975, 617, -799], [111, 452, 174, -797, -459, 520, 549, 26, 574, 435], [138, 739, -967, -513, 450, -125, 351, 842, 565, 131], [611, -169, 816, -662, -565, 774, -163, 510, 603, 327], [-617, -264, -656, 364, 198, -617, 119, -198, 939, -762], [478, -669, 817, -184, -971, -515, -639, -438, -786, 691], [290, 749, -190, 974, -163, -320, -876, -939, 151, 770], [-425, 721, 117, -762, -232, 45, -684, 303, -467, 613]], "G": [[3032718, -1264701, -1188173, 291207, 2200549, -1009056, 128910, -1740449, -684831, 566370], [-1264701, 3134231, 1225207, -225178, -954776, 219362, 582805, 337993, -554679, 351122], [-1188173, 1225207, 4923707, -1139023, -408127, 779184, 1050652, -432148, -1461512, -174591], [291207, -225178, -1139023, 2183969, 914285, 1734986, -736090, -295413, -613897, 667236], [2200549, -954776, -408127, 914285, 3150099, -85300, 639369, -2443303, -667680, 473401], [-1009056, 219362, 779184, 1734986, -85300, 3181490, -1501397, 976380, -898063, 569174], [128910, 582805, 1050652, -736090, 639369, -1501397, 2948840, -1849654, -95597, -1402949], [-1740449, 337993, -432148, -295413, -2443303, 976380, -1849654, 4280898, 1010596, 847402], [-684831, -554679, -1461512, -613897, -667680, -898063, -95597, 1010596, 4023644, 391937], [566370, 351122, -174591, 667236, 473401, 569174, -1402949, 847402, 391937, 2504171]], "lincomb_exact": [-1.0, 0.0, 0.0, 0.0, 1.0, 0.0, 0.0, 0.0, 0.0, 0.0], "lincomb_LLL": [-1.0, 0.0, 0.0, 0.0, 1.0, 0.0, 0.0, 0.0, 0.0, 0.0], "lincomb_cube": [-0.2355036735534668, 0.34436702728271484, 0.5690584182739258, 0.8926773071289062, 1.0, -1.0566883087158203, -0.8220653533935547, 0.5694332122802734, 0.1983189582824707, -0.8263616561889648], "lincomb_cube_shortest": [-1.0, 0.0, 0.0, 0.0, 1.0, -1.0, -1.0, 0.0, 0.0, 0.0], "exact.norm": 1334.810546875, "LLL.norm": 1334.810546875, "shortest_cube.norm": 1428.57421875, "sv_LLL": [-156.0, -220.0, -143.0, 170.0, -16.0, 155.0, -28.0, 597.0, 948.0, 616.0], "sv_exact": [-156.0, -220.0, -143.0, 170.0, -16.0, 155.0, -28.0, 597.0, 948.0, 616.0], "sv_shortst_cube": [-150.0, 213.0, -303.0, 468.0, 351.0, -2.0, 16.0, 285.0, -594.0, 1051.0]}, {"B": [[-290, -757, 919, -548, -950, -640, -681, 625, -175, 808], [207, 657, 26, 869, -798, 571, -91, -57, 516, -402], [960, -561, -795, -556, -198, -256, -269, -625, -709, 898], [142, -713, -405, 845, 615, 826, -275, 360, 754, 690], [-533, -714, 400, 382, -882, -488, -762, -341, 267, -48], [200, -313, 972, -359, -385, -167, 27, 401, 235, 579], [-721, 759, -945, -528, -601, -706, -663, -167, -53, 307], [655, 961, -68, 458, -805, 552, 129, 660, -630, 588], [-106, 291, 52, 464, -761, 745, -971, -971, 415, 703], [65, -491, 338, 987, 8, 61, 19, 704, -31, 993]], "G": [[4651989, -1005807, 714523, -611739, 2223840, 2400516, 682665, 90572, 399894, 1310773], [-1005807, 2632570, -1328599, 381793, 433964, -375879, -138424, 1509963, 1681728, 128767], [714523, -1328599, 4054293, -10749, -156258, 8878, 822603, 434662, 600756, -28249], [-611739, 381793, -10749, 3716925, -96344, -106528, -1365682, -83931, 1011285, 2021755], [2223840, 433964, -156258, -96344, 2886395, 667248, 670547, -966671, 1502488, 480856], [2400516, -375879, 8878, -106528, 667248, 1939744, -681038, 277975, 29229, 978098], [682665, -138424, 822603, -1365682, 670547, -681038, 3691884, 191832, 934310, -1131625], [90572, 1509963, 434662, -83931, -966671, 277975, 191832, 3714548, 828837, 1097523], [399894, 1681728, 600756, 1011285, 1502488, 29229, 934310, 828837, 4000179, 348311], [1310773, 128767, -28249, 2021755, 480856, 978098, -1131625, 1097523, 348311, 2820491]], "lincomb_exact": [8.0, 8.0, 2.0, -3.0, -9.0, -7.0, -1.0, -7.0, 1.0, 4.0], "lincomb_LLL": [8.0, 8.0, 2.0, -3.0, -9.0, -7.0, -1.0, -7.0, 1.0, 4.0], "lincomb_cube": [5.5091400146484375, 5.580101013183594, 1.1480331420898438, -2.390125274658203, -6.67791748046875, -4.739433288574219, -0.570343017578125, -5.156463623046875, 1.0, 3.345966339111328], "lincomb_cube_shortest": [5.0, 5.0, 1.0, -2.0, -6.0, -4.0, 0.0, -5.0, 1.0, 3.0], "exact.norm": 995.37109375, "LLL.norm": 995.37109375, "shortest_cube.norm": 1193.6015625, "sv_LLL": [517.0, -325.0, -394.0, -270.0, -85.0, -150.0, -355.0, -132.0, -246.0, -395.0], "sv_exact": [517.0, -325.0, -394.0, -270.0, -85.0, -150.0, -355.0, -132.0, -246.0, -395.0], "sv_shortst_cube": [-527.0, -86.0, -142.0, -362.0, -48.0, -489.0, -674.0, -222.0, 418.0, 262.0]}, {"B": [[-742, 226, -48, 0, 839, -744, 127, -770, 85, 289], [589, -485, -212, -271, 988, 688, 595, -76, 587, -990], [343, 752, 39, -528, -125, 568, 306, -938, 585, 841], [-754, 500, 497, -12, 160, 438, 981, -865, 174, -670], [-194, 228, -668, -604, 465, 468, -423, -944, -592, 960], [-458, 520, -789, -728, -286, 260, -546, 532, -28, -682], [-12, -246, -405, -843, -848, -290, -553, 864, 128, 185], [349, 98, -634, -99, 484, 907, 234, 759, 818, -585], [848, 561, 333, -558, -745, -647, -126, -359, 828, 355], [929, 626, 292, 30, 90, -688, -717, -71, -820, -435]], "G": [[2561176, -321542, 440003, 1068777, 1169762, -616626, -1194130, -1129357, -228698, -206280], [-321542, 3834489, 3574, 1085579, -615987, 32348, -1113502, 2562338, -786287, -682796], [440003, 3574, 3324693, 1021757, 1822547, -485045, -567704, 21832, 1827097, -615426], [1068777, 1085579, 1021757, 3472875, -129699, -253683, -1959352, 53951, -496130, -1022838], [1169762, -615987, 1822547, -129699, 3678038, 253472, -283961, -773852, -328419, -92653], [-616626, 32348, -485045, -253683, 253472, 2829113, 1609785, 1212902, -295813, 116530], [-1194130, -1113502, -567704, -1959352, -283961, 1609785, 2841452, 161322, 937898, -35772], [-1129357, 2562338, 21832, 53951, -773852, 1212902, 161322, 3242253, -584695, -1020937], [-228698, -786287, 1827097, -496130, -328419, -295813, 937898, -584695, 3386078, 880006], [-206280, -682796, -615426, -1022838, -92653, 116530, -35772, -1020937, 880006, 3203280]], "lincomb_exact": [0.0, -1.0, -1.0, 2.0, 1.0, -2.0, 2.0, 2.0, 0.0, 1.0], "lincomb_LLL": [0.0, -1.0, -1.0, 2.0, 1.0, -2.0, 2.0, 2.0, 0.0, 1.0], "lincomb_cube": [-0.14918303489685059, -1.5770931243896484, -2.9358367919921875, 2.8435401916503906, 2.5475120544433594, -2.9530677795410156, 1.9881324768066406, 3.3445358276367188, 1.3805408477783203, 1.0], "lincomb_cube_shortest": [0.0, -1.0, -2.0, 2.0, 2.0, -3.0, 2.0, 3.0, 1.0, 1.0], "exact.norm": 826.765625, "LLL.norm": 826.765625, "shortest_cube.norm": 1325.375, "sv_LLL": [-115.0, 251.0, 291.0, -227.0, -144.0, 114.0, 375.0, 451.0, -288.0, -102.0], "sv_exact": [-115.0, 251.0, 291.0, -227.0, -144.0, 114.0, 375.0, 451.0, -288.0, -102.0], "sv_shortst_cube": [1003.0, -134.0, 72.0, -232.0, 471.0, 14.0, 300.0, 313.0, 209.0, 469.0]}, {"B": [[98, -802, -704, 201, 477, -635, 385, 369, -395, -469], [886, 145, 573, 926, 759, 877, 753, -26, -853, 331], [768, 204, -291, 168, 35, -708, -495, -145, 364, 275], [-792, -741, -40, -965, -409, -996, -393, 32, 865, 521], [-293, -319, 48, 194, 886, 432, 537, 405, 346, 655], [212, -119, -844, 491, -364, 554, -642, -300, 456, -790], [662, -995, -186, 215, 678, -198, 420, -463, 141, -432], [930, -65, 536, 334, -523, 460, -645, -502, -169, 39], [611, 480, 43, -747, -153, -24, 48, -192, -641, -1000], [148, -112, -692, -108, 28, -896, -487, 325, 733, -553]], "G": [[2479951, 20427, 99728, 62707, 292953, 116183, 1623927, -1093610, 106585, 1054356], [20427, 4741891, -483930, -3771745, 1268131, -774871, 940758, 1121863, 63597, -2329629], [99728, -483930, 1721005, 428983, -564793, 371684, 351355, 598405, -63448, 1218069], [62707, -3771745, 428983, 4443606, -70877, -697132, -350121, -1164843, -1134449, 1526363], [292953, 1268131, -564793, -70877, 2200305, -878517, 475244, -1008493, -1549693, -662559], [116183, -774871, 371684, -697132, -878517, 2786134, 439650, 818533, 236227, 1055420], [1623927, 940758, 351355, -350121, 475244, 439650, 2605252, 127624, 109972, 498534], [-1093610, 1121863, 598405, -1164843, -1008493, 818533, 127624, 2451217, 514312, -683347], [106585, 63597, -63448, -1134449, -1549693, 236227, 109972, 514312, 2637613, 102179], [1054356, -2329629, 1218069, 1526363, -662559, 1055420, 498534, -683347, 102179, 2514468]], "lincomb_exact": [1.0, -6.0, 1.0, -4.0, 3.0, -2.0, 1.0, 2.0, 0.0, -2.0], "lincomb_LLL": [1.0, -6.0, 1.0, -4.0, 3.0, -2.0, 1.0, 2.0, 0.0, -2.0], "lincomb_cube": [0.5391683578491211, -4.460479736328125, 0.4483017921447754, -3.4010467529296875, 1.5029754638671875, -1.857004165649414, 1.0, 1.572011947631836, -0.6232175827026367, -1.0815296173095703], "lincomb_cube_shortest": [1.0, -5.0, 1.0, -4.0, 1.0, -2.0, 1.0, 1.0, -1.0, -2.0], "exact.norm": 947.9013671875, "LLL.norm": 947.9013671875, "shortest_cube.norm": 1042.87109375, "sv_LLL": [-359.0, -124.0, -171.0, -628.0, 556.0, 81.0, -57.0, -50.0, 90.0, 33.0], "sv_exact": [-359.0, -124.0, -171.0, -628.0, 556.0, 81.0, -57.0, -50.0, 90.0, 33.0], "sv_shortst_cube": [-428.0, 244.0, -273.0, 323.0, 219.0, -342.0, 219.0, -192.0, -645.0, 15.0]}, {"B": [[466, 92, -691, -46, 156, -402, -381, -197, 330, -960], [-722, 134, 807, 224, 482, 441, 662, 677, 623, 625], [-235, -6, -271, -163, 760, 553, 14, 794, 420, 304], [-320, 980, -880, 884, -508, -490, 369, -329, -639, 382], [-215, -369, 519, 187, 509, -756, -421, -791, 502, -703], [-885, -733, -266, -775, 134, -792, -229, -974, 289, -992], [99, 662, 17, -834, -346, 560, 50, 706, 756, 566], [-336, 686, 982, -435, 151, -619, -9, 688, 439, 501], [-677, 388, 659, 868, 979, 438, -955, -493, -754, -508], [525, -866, 492, -498, -680, 352, 408, 468, 899, 686]], "G": [[2105627, -1774156, -334041, -27178, 1038715, 1405715, -597453, -947819, -98599, -1009204], [-1774156, 3342797, 1522316, -748532, -462391, -1383147, 1260121, 1875793, 178854, 1193629], [-334041, 1522316, 1938128, -901654, -786439, -882102, 1201666, 534910, -52976, 470947], [-27178, -748532, -901654, 3915467, -956798, -893822, -714464, -561110, 169872, -2032741], [1038715, -462391, -786439, -956798, 2866468, 2554028, -1610054, 119998, 1444537, -816247], [1405715, -1383147, -882102, -893822, 2554028, 4705817, -1462999, -657255, 235944, -914638], [-597453, 1260121, 1201666, -714464, -1610054, -1462999, 2970034, 1502194, -1869690, 1753507], [-947819, 1875793, 534910, -561110, 119998, -657255, 1502194, 3060150, -276198, 665389], [-98599, 178854, -52976, 169872, 1444537, 235944, -1869690, -276198, 4928517, -2957711], [-1009204, 1193629, 470947, -2032741, -816247, -914638, 1753507, 665389, -2957711, 3766238]], "lincomb_exact": [-2.0, 0.0, 0.0, -1.0, 2.0, -1.0, 1.0, -1.0, -2.0, -3.0], "lincomb_LLL": [-2.0, 0.0, 0.0, -1.0, 2.0, -1.0, 1.0, -1.0, -2.0, -3.0], "lincomb_cube": [1.2089653015136719, -0.06837093830108643, 0.1585228443145752, 0.5504999160766602, -1.366220474243164, 0.6077365875244141, -0.8493728637695312, 1.0, 1.0035037994384766, 1.481271743774414], "lincomb_cube_shortest": [1.0, 0.0, 0.0, 0.0, -2.0, 1.0, -1.0, 1.0, 1.0, 1.0], "exact.norm": 1183.724609375, "LLL.norm": 1183.724609375, "shortest_cube.norm": 1199.185546875, "sv_LLL": [57.0, 629.0, -193.0, -284.0, 665.0, -179.0, 525.0, -285.0, -178.0, 147.0], "sv_exact": [57.0, 629.0, -193.0, -284.0, 665.0, -179.0, 525.0, -285.0, -178.0, 147.0], "sv_shortst_cube": [-576.0, -357.0, 121.0, -426.0, 68.0, -71.0, -374.0, 368.0, -557.0, -433.0]}, {"B": [[-409, -490, 931, 753, -943, 696, 697, -808, 375, -83], [-256, -326, 427, -455, 206, -748, -431, -810, 297, -292], [-407, -78, -665, 757, 267, -154, 938, -473, 164, -206], [-378, 446, 236, -712, 338, 230, 650, -493, 891, 448], [-227, -6, -212, -643, -865, 840, -952, 18, 258, 326], [285, 481, 65, 642, -671, -486, -8, -736, 944, -357], [668, 315, -282, 253, 245, -458, -634, -1, -182, -619], [-697, 733, -691, -275, -904, 709, -481, -210, 883, -33], [554, -826, -724, -716, -533, 975, -4, 262, -669, 395], [65, 117, 663, -946, 725, -152, 959, 142, 62, 181]], "G": [[4501003, 94184, 911192, 609323, 206171, 1458926, -1507361, 589730, -351963, -406553], [94184, 2178440, -240864, 526683, -167235, 715401, 284585, -297716, -1219543, 359008], [911192, -240864, 2454917, 374685, -1539563, 753925, -278001, -72947, -832827, -170357], [609323, 526683, 374685, 2731718, 139996, 365270, -1232313, 1043475, -745669, 1757396], [206171, -167235, -1539563, 139996, 3043251, -200454, -498266, 2525846, 1737811, -1137950], [1458926, 715401, 753925, 365270, -200454, 2975757, 599167, 1198214, -1827706, -1020311], [-1507361, 284585, -278001, -1232313, -498266, 599167, 1777013, -490731, -564706, -830259], [589730, -297716, -72947, 1043475, 2525846, 1198214, -490731, 3952340, 221837, -1363021], [-351963, -1219543, -832827, -745669, 1737811, -1827706, -564706, 221837, 3932984, -334548], [-406553, 359008, -170357, 1757396, -1137950, -1020311, -830259, -1363021, -334548, 2877578]], "lincomb_exact": [1.0, 3.0, -11.0, 5.0, -19.0, -3.0, -3.0, 8.0, 5.0, -9.0], "lincomb_LLL": [1.0, 3.0, -11.0, 5.0, -19.0, -3.0, -3.0, 8.0, 5.0, -9.0], "lincomb_cube": [1.0, 2.4239883422851562, -9.530563354492188, 4.439735412597656, -16.75079345703125, -2.646839141845703, -1.9944572448730469, 7.029563903808594, 4.496376037597656, -7.72247314453125], "lincomb_cube_shortest": [1.0, 2.0, -9.0, 4.0, -16.0, -3.0, -2.0, 7.0, 4.0, -7.0], "exact.norm": 857.875, "LLL.norm": 857.875, "shortest_cube.norm": 1055.572265625, "sv_LLL": [-527.0, 27.0, 271.0, -233.0, -281.0, 83.0, -149.0, -279.0, -110.0, 363.0], "sv_exact": [-527.0, 27.0, 271.0, -233.0, -281.0, 83.0, -149.0, -279.0, -110.0, 363.0], "sv_shortst_cube": [-447.0, 375.0, 101.0, -129.0, 246.0, 367.0, 421.0, 363.0, -468.0, 154.0]}, {"B": [[-901, -833, 756, -2, 150, -559, -825, -789, 327, -283], [464, -281, -521, 66, -931, 433, -660, 366, -902, -237], [-224, 440, -156, -548, -613, 739, -550, -321, -353, -240], [709, -403, 375, 542, -84, 581, -237, -806, -371, -260], [-229, 327, 10, -40, 403, -187, -660, -866, -388, 334], [296, -251, -54, -248, 324, 277, -467, 932, 911, -171], [-824, 43, 418, 102, -572, -954, -814, -285, -117, -627], [344, -227, 572, -272, -744, 326, -22, -316, -687, -912], [-658, -504, 440, -166, 58, -14, 322, 38, 342, 436], [18, 596, -567, -641, -947, -119, -292, 244, 574, -142]], "G": [[3902375, -931853, -127079, 425649, 1112937, -207967, 2505492, 319210, 1055002, -739317], [-931853, 3063633, 1329022, 870079, -272695, -93925, 201048, 1475943, -1074372, 722037], [-127079, 1329022, 2078056, 371638, 528094, -349190, 458988, 1154801, -512604, 1104232], [425649, 870079, 371638, 2355142, 456953, -643962, -266682, 1406262, -548572, -1080558], [1112937, -272695, 528094, 456953, 1806104, -971182, 770767, -247075, -209594, -437372], [-207967, -93925, -349190, -643962, -971182, 2342617, -637003, -709528, 86106, 616495], [2505492, 201048, 458988, -266682, 770767, -637003, 3253892, 792870, 81364, 553642], [319210, 1475943, 1154801, 1406262, -247075, -709528, 792870, 2634898, -514506, 51188], [1055002, -1074372, -512604, -548572, -209594, 86106, 81364, -514506, 1323884, -458918], [-739317, 722037, 1104232, -1080558, -437372, 616495, 553642, 51188, -458918, 2493320]], "lincomb_exact": [1.0, 0.0, 0.0, -1.0, 0.0, 0.0, -1.0, 1.0, -1.0, 0.0], "lincomb_LLL": [1.0, 0.0, 0.0, -1.0, 0.0, 0.0, -1.0, 1.0, -1.0, 0.0], "lincomb_cube": [-0.8038558959960938, 0.025347918272018433, -0.2872638702392578, 0.39354658126831055, 0.6529598236083984, 0.3956727981567383, 0.5153141021728516, 0.20441770553588867, 1.0, 0.13422274589538574], "lincomb_cube_shortest": [0.0, 0.0, 0.0, 0.0, 0.0, 0.0, 0.0, 0.0, 1.0, 0.0], "exact.norm": 1139.865234375, "LLL.norm": 1139.865234375, "shortest_cube.norm": 1150.6015625, "sv_LLL": [216.0, -196.0, 95.0, -752.0, 4.0, 154.0, -118.0, -52.0, -214.0, -744.0], "sv_exact": [216.0, -196.0, 95.0, -752.0, 4.0, 154.0, -118.0, -52.0, -214.0, -744.0], "sv_shortst_cube": [-658.0, -504.0, 440.0, -166.0, 58.0, -14.0, 322.0, 38.0, 342.0, 436.0]}, {"B": [[164, -169, -27, -457, -553, 317, 319, -564, 467, -1], [346, -705, -190, -847, -218, 700, 927, 255, -579, 737], [204, -827, 38, -684, 754, 192, -351, -116, 254, 487], [-60, 537, -215, 865, -61, 371, 274, 475, 439, 247], [-201, 25, -880, -836, -307, 926, 378, 198, 831, -414], [207, -496, -103, -483, -259, 127, -133, 117, 405, 840], [-648, 595, -815, 498, -659, 660, 36, 321, -231, -917], [976, 16, -94, -165, -671, -960, 948, -92, -345, 174], [-402, -960, -850, -483, 793, 445, -501, 990, 84, -188], [-577, -160, -222, -660, -123, 832, 781, 15, -415, 556]], "G": [[1309280, 791315, 200269, -314481, 1229337, 604650, -115281, 495057, -636234, 618107], [791315, 3710538, 1052671, -515171, 1117876, 1286464, -731830, 1141638, 847766, 2501441], [200269, 1052671, 2238567, -950410, 276829, 1153037, -1921150, -720062, 1684137, 414109], [-314481, -515171, -950410, 1782212, 313991, -207098, 1083880, -380137, -286307, -82029], [1229337, 1117876, 276829, 313991, 3510092, 599223, 1524311, -676682, 1531487, 1390429], [604650, 1286464, 1153037, -207098, 599223, 1516976, -1162410, 204929, 623476, 635935], [-115281, -731830, -1921150, 1083880, 1524311, -1162410, 3554626, -895166, 365371, 380067], [495057, 1141638, -720062, -380137, -676682, 204929, -895166, 3417203, -1835140, -173204], [-636234, 847766, 1684137, -286307, 1531487, 623476, 365371, -1835140, 4139368, 649916], [618107, 2501441, 414109, -82029, 1390429, 635935, 380067, -173204, 649916, 2642313]], "lincomb_exact": [1.0, 0.0, 1.0, 0.0, -1.0, 0.0, 1.0, 0.0, 0.0, 0.0], "lincomb_LLL": [1.0, 0.0, 1.0, 0.0, -1.0, 0.0, 1.0, 0.0, 0.0, 0.0], "lincomb_cube": [-0.4184107780456543, -0.24468374252319336, 1.4568862915039062, 0.07821297645568848, -0.10954725742340088, 0.18835949897766113, 1.0, 0.41853809356689453, -0.51177978515625, 0.12540650367736816], "lincomb_cube_shortest": [-1.0, 0.0, 1.0, 0.0, 0.0, 1.0, 1.0, 0.0, -1.0, 0.0], "exact.norm": 937.703125, "LLL.norm": 937.703125, "shortest_cube.norm": 948.71484375, "sv_LLL": [-79.0, -426.0, 76.0, 193.0, -151.0, 243.0, -374.0, -557.0, -341.0, -17.0], "sv_exact": [-79.0, -426.0, 76.0, 193.0, -151.0, 243.0, -374.0, -557.0, -341.0, -17.0], "sv_shortst_cube": [1.0, 401.0, -3.0, 271.0, -404.0, 217.0, -266.0, -104.0, -123.0, 599.0]}, {"B": [[574, 615, 148, 901, 494, 807, 386, -236, -680, 414], [781, 180, 111, -49, 362, -867, 279, 654, -922, -322], [-360, -829, -686, -195, -115, -718, -932, -892, -470, -902], [-48, 345, -885, 763, -55, 197, -664, -200, -406, 972], [-503, 178, 708, 131, -247, -331, 610, -319, 770, 199], [608, -427, 145, -585, 121, 357, 231, -3, -735, 397], [621, 985, -851, 701, -439, -758, 160, 665, -635, -652], [-601, 496, -99, -739, -480, 860, 809, -188, 549, 112], [898, 405, 821, 799, 925, 969, 907, -961, 546, 286], [559, 369, -897, 807, 248, -51, -729, -953, 488, 873]], "G": [[3275179, 457434, -1833002, 1342299, -476042, 682667, 706002, -233835, 3168889, 1196603], [457434, 2999141, -35707, -556427, -903525, 789354, 2306723, -1713742, -650000, -1059813], [-1833002, -35707, 4553003, 165803, -1037022, -345793, 145949, -1490431, -2682857, 471632], [1342299, -556427, 165803, 3119073, -953127, -155995, 857660, -694060, -234041, 2811456], [-476042, -903525, -1037022, -953127, 2080050, -848939, -1021612, 1056070, 1094282, -380425], [682667, 789354, -345793, -155995, -848939, 1808537, -657386, -81908, 407169, -585689], [706002, 2306723, 145949, 857660, -1021612, -657386, 4634907, -1176830, -1349693, 339983], [-233835, -1713742, -1490431, -694060, 1056070, -81908, -1176830, 3136909, 624999, -868314], [3168889, -650000, -2682857, -234041, 1094282, 407169, -1349693, 624999, 6203539, 1510520], [1196603, -1059813, 471632, 2811456, -380425, -585689, 339983, -868314, 1510520, 4408528]], "lincomb_exact": [1.0, 0.0, 0.0, -1.0, 1.0, 1.0, 0.0, 0.0, -1.0, 1.0], "lincomb_LLL": [1.0, 0.0, 0.0, -1.0, 1.0, 1.0, 0.0, 0.0, -1.0, 1.0], "lincomb_cube": [1.4729461669921875, -0.19533729553222656, -0.13283181190490723, -1.5405120849609375, 0.19049763679504395, -0.030258357524871826, -0.2353818416595459, -0.0359918475151062, -1.2111377716064453, 1.0], "lincomb_cube_shortest": [1.0, 0.0, 0.0, -1.0, 0.0, 0.0, 0.0, 0.0, -1.0, 1.0], "exact.norm": 1073.400390625, "LLL.norm": 1073.400390625, "shortest_cube.norm": 1124.7734375, "sv_LLL": [388.0, -15.0, 168.0, -308.0, -254.0, -384.0, 255.0, -350.0, -297.0, 625.0], "sv_exact": [388.0, -15.0, 168.0, -308.0, -254.0, -384.0, 255.0, -350.0, -297.0, 625.0], "sv_shortst_cube": [283.0, 234.0, -685.0, 146.0, -128.0, -410.0, -586.0, -28.0, -332.0, 29.0]}, {"B": [[831, -617, 804, 604, 1000, 49, -826, -328, -395, 630], [-960, 239, -769, -857, -670, 75, -736, 372, -462, -999], [566, 142, -433, 898, 463, 692, -936, -319, -971, 481], [127, 931, -180, 806, -241, -165, -49, 507, 170, 775], [316, -451, 640, 623, -572, -87, 376, -404, -729, -616], [-821, -832, -514, -871, -168, -327, -357, 544, 656, 181], [-907, -887, 806, 150, -480, -93, 372, -980, 655, -953], [-912, -426, -488, -403, -404, 503, 507, -640, 649, 35], [689, -581, -504, 760, -258, -305, -111, -277, 411, -842], [659, 17, 948, -623, 733, 604, 423, 871, -22, -744]], "G": [[4427668, -2708412, 2638243, -80593, 577263, -1320910, -797318, -1953314, 201652, 590520], [-2708412, 4650581, -666030, -930735, -535347, 1800289, 236073, 856719, -284130, -503384], [2638243, -666030, 4179705, 871885, 260611, -1835793, -2270180, -1449986, 265846, -847462], [-80593, -930735, 871885, 2539207, -665186, -848826, -1976454, -946907, -355305, -1009041], [577263, -535347, 260611, -665186, 2651228, -1574980, 1650711, -517617, 1094011, 228850], [-1320910, 1800289, -1835793, -848826, -1574980, 3410737, 640011, 1511340, -335949, -646757], [-797318, 236073, -2270180, -1976454, 1650711, 640011, 4956621, 2105953, 1052204, -351768], [-1953314, 856719, -1449986, -946907, -517617, 1511340, 2105953, 2919073, -132101, -1195422], [201652, -284130, 265846, -355305, 1094011, -335949, 1052204, -132101, 2770422, -551246], [590520, -503384, -847462, -1009041, 228850, -646757, -351768, -1195422, -551246, 4115098]], "lincomb_exact": [5.0, 3.0, -4.0, 2.0, 1.0, -2.0, -2.0, 4.0, 1.0, 0.0], "lincomb_LLL": [5.0, 3.0, -4.0, 2.0, 1.0, -2.0, -2.0, 4.0, 1.0, 0.0], "lincomb_cube": [3.344757080078125, 2.119873046875, -2.669902801513672, 1.523651123046875, 0.7242326736450195, -1.4243583679199219, -1.7143230438232422, 3.0147476196289062, 1.0, 0.20215606689453125], "lincomb_cube_shortest": [3.0, 2.0, -3.0, 1.0, 1.0, -2.0, -2.0, 3.0, 1.0, 0.0], "exact.norm": 1343.173828125, "LLL.norm": 1343.173828125, "shortest_cube.norm": 1436.185546875, "sv_LLL": [78.0, -372.0, 685.0, -318.0, -494.0, -168.0, -429.0, -603.0, 519.0, 5.0], "sv_exact": [78.0, -372.0, 685.0, -318.0, -494.0, -168.0, -429.0, -603.0, 519.0, 5.0], "sv_shortst_cube": [727.0, 260.0, 81.0, -174.0, -716.0, 13.0, 565.0, -505.0, -19.0, -585.0]}, {"B": [[-997, 508, -10, -858, -815, 159, 942, 783, 816, 504], [718, -529, 32, -971, 360, -924, 754, 123, -281, -352], [-586, -42, 451, -35, -62, 839, -31, 667, 247, -562], [-20, 678, -660, -39, -30, 460, -769, -243, 530, 815], [695, -18, 736, -909, -555, 226, -326, -429, -697, -783], [412, 337, 598, 519, 513, 275, -228, 94, 192, 862], [551, -190, 774, 721, 405, 300, -430, -22, 395, -260], [734, 7, -235, 678, -249, -145, 767, -286, 414, -970], [-633, -89, -600, -796, 547, -551, 0, 725, -923, 535], [-807, -591, 306, 98, -240, 732, 615, 681, -317, 381]], "G": [[5098168, -192223, 1183720, 430589, -1047621, -615274, -1785606, -780216, 825590, 1775100], [-192223, 3509116, -960585, -1837638, 1179001, -954416, -656996, 670037, 1212565, -612483], [1183720, -960585, 2080254, -390613, 173111, -172388, 477864, -233491, -409343, 1404069], [430589, -1837638, -390613, 2705240, -1008417, 873215, -219483, -1031961, -119848, -742333], [-1047621, 1179001, 173111, -1008417, 3599642, -748702, 221548, 169771, -671079, -685474], [-615274, -954416, -172388, 873215, -748702, 2089800, 1237990, -609905, -581523, -28269], [-1785606, -656996, 477864, -219483, 221548, 1237990, 2121652, 657919, -1833589, -406172], [-780216, 670037, -233491, -1031961, 169771, -609905, 657919, 2919121, -2028663, -872190], [825590, 1212565, -409343, -119848, -671079, -581523, -1833589, -2028663, 3668815, 757361], [1775100, -612483, 1404069, -742333, -685474, -28269, -406172, -872190, 757361, 2784830]], "lincomb_exact": [1.0, -1.0, -2.0, 1.0, 1.0, -2.0, 4.0, 1.0, 2.0, 1.0], "lincomb_LLL": [1.0, -1.0, -2.0, 1.0, 1.0, -2.0, 4.0, 1.0, 2.0, 1.0], "lincomb_cube": [0.6644477844238281, -0.3504199981689453, -1.4197807312011719, 0.8498678207397461, 0.6267414093017578, -1.0552101135253906, 2.4056243896484375, 0.7891016006469727, 1.2152080535888672, 1.0], "lincomb_cube_shortest": [1.0, -1.0, -2.0, 1.0, 1.0, -1.0, 3.0, 1.0, 2.0, 1.0], "exact.norm": 1090.513671875, "LLL.norm": 1090.513671875, "shortest_cube.norm": 1207.47265625, "sv_LLL": [173.0, -415.0, -97.0, 265.0, -437.0, 226.0, -727.0, 223.0, -117.0, -271.0], "sv_exact": [173.0, -415.0, -97.0, 265.0, -437.0, 226.0, -727.0, 223.0, -117.0, -271.0], "sv_shortst_cube": [34.0, 112.0, -273.0, 63.0, -329.0, 201.0, -525.0, 339.0, -320.0, 851.0]}, {"B": [[61, 133, -710, -541, 946, 4, -622, -497, -707, -977], [713, -489, -583, 647, -855, -60, -753, -13, 702, 979], [102, -190, -750, -364, -15, 997, 12, 544, 922, 619], [214, 681, 455, 181, -383, -385, -33, -705, 490, 80], [-617, -373, -634, -936, 763, 433, -556, -407, 522, 817], [225, 721, -818, 949, 501, 28, -383, -161, 566, 763], [-942, 702, -758, 606, -320, 713, 400, 585, 338, -293], [-866, 393, -526, 920, -805, 27, -206, -569, 520, -297], [66, 768, 312, 245, -648, 378, -952, 256, 339, 818], [290, -601, 181, 752, -176, 556, 452, 852, -120, -101]], "G": [[3801394, -1744681, -834275, -734881, 973648, -176323, -545880, -552785, -1433338, -1282928], [-1744681, 4259036, 1557520, 478294, 418407, 1903519, -308484, 1015710, 1931813, 464249], [-834275, 1557520, 3265059, -775412, 2003323, 1076394, 1287422, -80799, 870958, 587017], [-734881, 478294, -775412, 1788871, -676448, 600591, -394120, 946402, 908577, -957862], [973648, 418407, 2003323, -676448, 3982286, 814275, -226147, -367517, 185320, -1410156], [-176323, 1903519, 1076394, 600591, 814275, 3467111, 1069338, 1227518, 1371211, -330360], [-545880, -308484, 1287422, -394120, -226147, 1069338, 3635055, 2172253, 509680, 744433], [-552785, 1015710, -80799, 946402, -367517, 1227518, 2172253, 3401041, 821584, -344310], [-1433338, 1931813, 870958, 908577, 185320, 1371211, 509680, 821584, 3070222, -212990], [-1282928, 464249, 587017, -957862, -1410156, -330360, 744433, -344310, -212990, 2338487]], "lincomb_exact": [-1.0, -3.0, 4.0, -4.0, -3.0, 1.0, -5.0, 4.0, 1.0, -2.0], "lincomb_LLL": [-1.0, -3.0, 4.0, -4.0, -3.0, 1.0, -5.0, 4.0, 1.0, -2.0], "lincomb_cube": [-1.6700668334960938, -4.130516052246094, 4.781944274902344, -5.9056243896484375, -4.0060882568359375, 2.1654205322265625, -6.352241516113281, 5.019256591796875, 1.0, -2.9731597900390625], "lincomb_cube_shortest": [-1.0, -4.0, 5.0, -5.0, -4.0, 2.0, -6.0, 5.0, 1.0, -2.0], "exact.norm": 1046.115234375, "LLL.norm": 1046.115234375, "shortest_cube.norm": 1208.650390625, "sv_LLL": [160.0, -278.0, 359.0, -432.0, -613.0, 242.0, -334.0, -57.0, 298.0, -195.0], "sv_exact": [160.0, -278.0, 359.0, -432.0, -613.0, 242.0, -334.0, -57.0, 298.0, -195.0], "sv_shortst_cube": [253.0, 125.0, -215.0, 575.0, -137.0, 593.0, 31.0, 297.0, 254.0, -693.0]}, {"B": [[-616, -835, -566, -153, -165, -36, 887, 68, 279, -386], [-200, 348, 336, 587, -317, -141, 701, 878, -179, -391], [-134, 302, -826, -925, 285, -589, -684, -376, 889, 387], [-410, 203, 560, 732, -407, 595, -931, -563, -426, 884], [778, 176, -684, -351, 792, 529, 682, -100, 592, 73], [-392, -315, -75, -610, -776, 562, -413, 704, -994, -787], [-78, -340, 354, 707, -733, -445, -154, 88, -989, -520], [-172, 544, -479, 299, -565, -718, 337, 648, -598, -112], [449, -369, -253, 388, 65, -541, 158, -682, 874, -529], [-511, 831, -204, 107, 11, -319, -190, 104, 503, -499]], "G": [[2467197, 392490, -120033, -1624325, 400039, 456082, -45447, 215525, 665926, -98854], [392490, 2186146, -1815971, -600723, -600095, 566502, 1076000, 1474639, -457433, 490339], [-120033, -1815971, 3624529, -677978, 878349, -1139027, -1993620, -480830, 736271, 924901], [-1624325, -600723, -677978, 3725069, -1697115, -25636, 767744, -588506, -1068103, -389051], [400039, -600095, 878349, -1697115, 2965339, -1410265, -2164034, -839845, 741280, -187993], [456082, 566502, -1139027, -25636, -1410265, 3822224, 1516434, 784090, -1629775, -254820], [-45447, 1076000, -1993620, 767744, -2164034, 1516434, 2762144, 1258726, -205362, -304932], [215525, 1474639, -480830, -588506, -839845, 784090, 1258726, 2382732, -541146, 650948], [665926, -457433, 736271, -1068103, 741280, -1629775, -205362, -541146, 2383026, 332989], [-98854, 490339, 924901, -389051, -187993, -254820, -304932, 650948, 332989, 1655555]], "lincomb_exact": [-1.0, -4.0, -5.0, -1.0, -4.0