[{"B": [[-708, 152, -854], [-788, -301, -436], [919, -837, -39]], "G": [[1253684, 884496, -744570], [884496, 901641, -455231], [-744570, -455231, 1546651]], "lincomb_exact": [-1.0, 1.0, 0.0], "lincomb_LLL": [-1.0, 1.0, 0.0], "lincomb_cube": [-0.7432003021240234, 1.0, -0.06344914436340332], "lincomb_cube_shortest": [-1.0, 1.0, 0.0], "exact.norm": 621.556640625, "LLL.norm": 621.556640625, "shortest_cube.norm": 621.556640625, "sv_LLL": [-80.0, -453.0, 418.0], "sv_exact": [-80.0, -453.0, 418.0], "sv_shortst_cube": [-80.0, -453.0, 418.0]}, {"B": [[843, 836, -825], [522, -154, -229], [-792, -221, -468]], "G": [[2090170, 500227, -466312], [500227, 348641, -272218], [-466312, -272218, 895129]], "lincomb_exact": [0.0, 1.0, 0.0], "lincomb_LLL": [0.0, 1.0, 0.0], "lincomb_cube": [-0.19402742385864258, 1.0, 0.2030329704284668], "lincomb_cube_shortest": [0.0, 1.0, 0.0], "exact.norm": 590.4580078125, "LLL.norm": 590.4580078125, "shortest_cube.norm": 590.4580078125, "sv_LLL": [522.0, -154.0, -229.0], "sv_exact": [522.0, -154.0, -229.0], "sv_shortst_cube": [522.0, -154.0, -229.0]}, {"B": [[-261, -464, 807], [762, 421, 137], [730, 4, -60]], "G": [[934666, -283667, -240806], [-283667, 776654, 549724], [-240806, 549724, 536516]], "lincomb_exact": [0.0, -1.0, 1.0], "lincomb_LLL": [0.0, -1.0, 1.0], "lincomb_cube": [0.04815959930419922, -0.690220832824707, 1.0], "lincomb_cube_shortest": [0.0, -1.0, 1.0], "exact.norm": 462.30078125, "LLL.norm": 462.30078125, "shortest_cube.norm": 462.30078125, "sv_LLL": [-32.0, -417.0, -197.0], "sv_exact": [-32.0, -417.0, -197.0], "sv_shortst_cube": [-32.0, -417.0, -197.0]}, {"B": [[530, 572, -533], [484, -971, -833], [-458, 719, -904]], "G": [[892173, 145097, 650360], [145097, 1870986, -166789], [650360, -166789, 1543941]], "lincomb_exact": [1.0, 0.0, 0.0], "lincomb_LLL": [1.0, 0.0, 0.0], "lincomb_cube": [1.0, -0.11622118949890137, -0.4337887763977051], "lincomb_cube_shortest": [1.0, 0.0, 0.0], "exact.norm": 944.548828125, "LLL.norm": 944.548828125, "shortest_cube.norm": 944.548828125, "sv_LLL": [530.0, 572.0, -533.0], "sv_exact": [530.0, 572.0, -533.0], "sv_shortst_cube": [530.0, 572.0, -533.0]}, {"B": [[511, 137, 716], [735, -318, -513], [159, 504, -110]], "G": [[792546, -35289, 71537], [-35289, 904518, 13023], [71537, 13023, 291397]], "lincomb_exact": [0.0, 0.0, 1.0], "lincomb_LLL": [0.0, 0.0, 1.0], "lincomb_cube": [-0.09106147289276123, -0.01795041561126709, 1.0], "lincomb_cube_shortest": [0.0, 0.0, 1.0], "exact.norm": 539.8115234375, "LLL.norm": 539.8115234375, "shortest_cube.norm": 539.8115234375, "sv_LLL": [159.0, 504.0, -110.0], "sv_exact": [159.0, 504.0, -110.0], "sv_shortst_cube": [159.0, 504.0, -110.0]}, {"B": [[-915, 664, 945], [-732, -960, 916], [475, 252, -155]], "G": [[2171146, 897960, -413772], [897960, 2296480, -731600], [-413772, -731600, 313154]], "lincomb_exact": [0.0, 0.0, 1.0], "lincomb_LLL": [0.0, 0.0, 1.0], "lincomb_cube": [0.07016634941101074, 0.2911381721496582, 1.0], "lincomb_cube_shortest": [0.0, 0.0, 1.0], "exact.norm": 559.6015625, "LLL.norm": 559.6015625, "shortest_cube.norm": 559.6015625, "sv_LLL": [475.0, 252.0, -155.0], "sv_exact": [475.0, 252.0, -155.0], "sv_shortst_cube": [475.0, 252.0, -155.0]}, {"B": [[-607, -466, 824], [260, -502, -294], [-709, 542, 396]], "G": [[1264581, -166144, 504095], [-166144, 406040, -572848], [504095, -572848, 953261]], "lincomb_exact": [0.0, 1.0, 1.0], "lincomb_LLL": [0.0, 1.0, 1.0], "lincomb_cube": [-0.2253859043121338, 1.3185920715332031, 1.0], "lincomb_cube_shortest": [0.0, 1.0, 1.0], "exact.norm": 462.17431640625, "LLL.norm": 462.17431640625, "shortest_cube.norm": 462.17431640625, "sv_LLL": [-449.0, 40.0, 102.0], "sv_exact": [-449.0, 40.0, 102.0], "sv_shortst_cube": [-449.0, 40.0, 102.0]}, {"B": [[249, -2, -388], [978, 895, -319], [159, 555, 118]], "G": [[212549, 365504, -7303], [365504, 1859270, 614585], [-7303, 614585, 347230]], "lincomb_exact": [-2.0, 1.0, -2.0], "lincomb_LLL": [2.0, -1.0, 2.0], "lincomb_cube": [-1.7817249298095703, 1.0, -1.8074378967285156], "lincomb_cube_shortest": [-2.0, 1.0, -2.0], "exact.norm": 345.8408203125, "LLL.norm": 345.8408203125, "shortest_cube.norm": 345.8408203125, "sv_LLL": [-162.0, 211.0, -221.0], "sv_exact": [162.0, -211.0, 221.0], "sv_shortst_cube": [162.0, -211.0, 221.0]}, {"B": [[-268, -934, 346], [-424, 452, -319], [-754, 680, 238]], "G": [[1063896, -418910, -350700], [-418910, 485841, 551134], [-350700, 551134, 1087560]], "lincomb_exact": [0.0, -1.0, 1.0], "lincomb_LLL": [0.0, -1.0, 1.0], "lincomb_cube": [-0.1771860122680664, -1.2871685028076172, 1.0], "lincomb_cube_shortest": [0.0, -1.0, 1.0], "exact.norm": 686.3916015625, "LLL.norm": 686.3916015625, "shortest_cube.norm": 686.3916015625, "sv_LLL": [-330.0, 228.0, 557.0], "sv_exact": [-330.0, 228.0, 557.0], "sv_shortst_cube": [-330.0, 228.0, 557.0]}, {"B": [[-579, -742, 865], [-161, 633, -617], [-867, -942, 586]], "G": [[1634030, -910172, 1707847], [-910172, 807299, -818261], [1707847, -818261, 1982449]], "lincomb_exact": [-1.0, 0.0, 1.0], "lincomb_LLL": [-1.0, 0.0, 1.0], "lincomb_cube": [-1.2919025421142578, -0.4429483413696289, 1.0], "lincomb_cube_shortest": [-1.0, 0.0, 1.0], "exact.norm": 448.09033203125, "LLL.norm": 448.09033203125, "shortest_cube.norm": 448.09033203125, "sv_LLL": [-288.0, -200.0, -279.0], "sv_exact": [-288.0, -200.0, -279.0], "sv_shortst_cube": [-288.0, -200.0, -279.0]}, {"B": [[761, 185, 728], [242, -382, -657], [469, 958, -661]], "G": [[1143330, -364804, 52931], [-364804, 636137, 181819], [52931, 181819, 1574646]], "lincomb_exact": [0.0, 1.0, 0.0], "lincomb_LLL": [0.0, 1.0, 0.0], "lincomb_cube": [0.3249225616455078, 1.0, -0.1263887882232666], "lincomb_cube_shortest": [0.0, 1.0, 0.0], "exact.norm": 797.58203125, "LLL.norm": 797.58203125, "shortest_cube.norm": 797.58203125, "sv_LLL": [242.0, -382.0, -657.0], "sv_exact": [242.0, -382.0, -657.0], "sv_shortst_cube": [242.0, -382.0, -657.0]}, {"B": [[162, -982, -507], [791, -368, -613], [-903, -792, -797]], "G": [[1247617, 800309, 1035537], [800309, 1136874, 65744], [1035537, 65744, 2077882]], "lincomb_exact": [-1.0, 1.0, 0.0], "lincomb_LLL": [-1.0, 1.0, 0.0], "lincomb_cube": [-1.0492115020751953, 1.0, 0.49124670028686523], "lincomb_cube_shortest": [-1.0, 1.0, 0.0], "exact.norm": 885.3662109375, "LLL.norm": 885.3662109375, "shortest_cube.norm": 885.3662109375, "sv_LLL": [629.0, 614.0, -106.0], "sv_exact": [629.0, 614.0, -106.0], "sv_shortst_cube": [629.0, 614.0, -106.0]}, {"B": [[749, -569, -10], [157, -905, 807], [-150, 802, 99]], "G": [[884862, 624468, -569678], [624468, 1494923, -669467], [-569678, -669467, 675505]], "lincomb_exact": [1.0, 0.0, 1.0], "lincomb_LLL": [1.0, 0.0, 1.0], "lincomb_cube": [0.46477842330932617, 0.2536768913269043, 1.0], "lincomb_cube_shortest": [1.0, 0.0, 1.0], "exact.norm": 648.853515625, "LLL.norm": 648.853515625, "shortest_cube.norm": 648.853515625, "sv_LLL": [599.0, 233.0, 89.0], "sv_exact": [599.0, 233.0, 89.0], "sv_shortst_cube": [599.0, 233.0, 89.0]}, {"B": [[993, -565, 949], [151, 812, -613], [-704, 292, 345]], "G": [[2205875, -890574, -536647], [-890574, 1057914, -80685], [-536647, -80685, 699905]], "lincomb_exact": [0.0, 0.0, 1.0], "lincomb_LLL": [0.0, 0.0, 1.0], "lincomb_cube": [0.4151773452758789, 0.42577314376831055, 1.0], "lincomb_cube_shortest": [0.0, 0.0, 1.0], "exact.norm": 836.603515625, "LLL.norm": 836.603515625, "shortest_cube.norm": 836.603515625, "sv_LLL": [-704.0, 292.0, 345.0], "sv_exact": [-704.0, 292.0, 345.0], "sv_shortst_cube": [-704.0, 292.0, 345.0]}, {"B": [[728, 663, -738], [596, 844, -326], [-713, 929, -383]], "G": [[1514197, 1234048, 379517], [1234048, 1173828, 483986], [379517, 483986, 1518099]], "lincomb_exact": [-1.0, 1.0, 0.0], "lincomb_LLL": [-1.0, 1.0, 0.0], "lincomb_cube": [-0.7842168807983398, 1.0, -0.12276041507720947], "lincomb_cube_shortest": [-1.0, 1.0, 0.0], "exact.norm": 468.96630859375, "LLL.norm": 468.96630859375, "shortest_cube.norm": 468.96630859375, "sv_LLL": [-132.0, 181.0, 412.0], "sv_exact": [-132.0, 181.0, 412.0], "sv_shortst_cube": [-132.0, 181.0, 412.0]}, {"B": [[-269, 218, -952], [237, 989, 634], [521, -164, -56]], "G": [[1026189, -451719, -122589], [-451719, 1436246, -74223], [-122589, -74223, 301473]], "lincomb_exact": [0.0, 0.0, 1.0], "lincomb_LLL": [0.0, 0.0, 1.0], "lincomb_cube": [0.16506075859069824, 0.1035923957824707, 1.0], "lincomb_cube_shortest": [0.0, 0.0, 1.0], "exact.norm": 549.06640625, "LLL.norm": 549.06640625, "shortest_cube.norm": 549.06640625, "sv_LLL": [521.0, -164.0, -56.0], "sv_exact": [521.0, -164.0, -56.0], "sv_shortst_cube": [521.0, -164.0, -56.0]}, {"B": [[-77, 977, -890], [296, 60, -886], [627, -258, -304]], "G": [[1752558, 824368, -29785], [824368, 876212, 439456], [-29785, 439456, 552109]], "lincomb_exact": [1.0, -2.0, 2.0], "lincomb_LLL": [1.0, -2.0, 2.0], "lincomb_cube": [1.0, -1.6110153198242188, 1.3362483978271484], "lincomb_cube_shortest": [1.0, -2.0, 2.0], "exact.norm": 730.466796875, "LLL.norm": 730.466796875, "shortest_cube.norm": 730.466796875, "sv_LLL": [585.0, 341.0, 274.0], "sv_exact": [585.0, 341.0, 274.0], "sv_shortst_cube": [585.0, 341.0, 274.0]}, {"B": [[-724, 832, 262], [-553, -207, 969], [-798, -288, -598]], "G": [[1285044, 482026, 181460], [482026, 1287619, -78552], [181460, -78552, 1077352]], "lincomb_exact": [0.0, 0.0, 1.0], "lincomb_LLL": [0.0, 0.0, 1.0], "lincomb_cube": [-0.19089913368225098, 0.13246965408325195, 1.0], "lincomb_cube_shortest": [0.0, 0.0, 1.0], "exact.norm": 1037.955078125, "LLL.norm": 1037.955078125, "shortest_cube.norm": 1037.955078125, "sv_LLL": [-798.0, -288.0, -598.0], "sv_exact": [-798.0, -288.0, -598.0], "sv_shortst_cube": [-798.0, -288.0, -598.0]}, {"B": [[-65, 529, -912], [824, 881, 93], [830, -697, -277]], "G": [[1115810, 327673, -170039], [327673, 1463786, 44102], [-170039, 44102, 1251438]], "lincomb_exact": [1.0, 0.0, 0.0], "lincomb_LLL": [1.0, 0.0, 0.0], "lincomb_cube": [1.0, -0.22818899154663086, 0.14391660690307617], "lincomb_cube_shortest": [1.0, 0.0, 0.0], "exact.norm": 1056.318359375, "LLL.norm": 1056.318359375, "shortest_cube.norm": 1056.318359375, "sv_LLL": [-65.0, 529.0, -912.0], "sv_exact": [-65.0, 529.0, -912.0], "sv_shortst_cube": [-65.0, 529.0, -912.0]}, {"B": [[158, -197, 426], [334, 746, -554], [283, -388, 323]], "G": [[245249, -330194, 258748], [-330194, 974988, -373868], [258748, -373868, 334962]], "lincomb_exact": [-1.0, 0.0, 1.0], "lincomb_LLL": [-1.0, 0.0, 1.0], "lincomb_cube": [-0.9903173446655273, 0.048073410987854004, 1.0], "lincomb_cube_shortest": [-1.0, 0.0, 1.0], "exact.norm": 250.4296875, "LLL.norm": 250.4296875, "shortest_cube.norm": 250.4296875, "sv_LLL": [125.0, -191.0, -103.0], "sv_exact": [125.0, -191.0, -103.0], "sv_shortst_cube": [125.0, -191.0, -103.0]}, {"B": [[-304, 877, -770], [872, 705, -931], [-635, 425, 439]], "G": [[1454445, 1070067, 227735], [1070067, 2124170, -662804], [227735, -662804, 776571]], "lincomb_exact": [-1.0, 1.0, 1.0], "lincomb_LLL": [-1.0, 1.0, 1.0], "lincomb_cube": [-0.6135387420654297, 0.6211042404174805, 1.0], "lincomb_cube_shortest": [-1.0, 1.0, 1.0], "exact.norm": 658.7666015625, "LLL.norm": 658.7666015625, "shortest_cube.norm": 658.7666015625, "sv_LLL": [541.0, 253.0, 278.0], "sv_exact": [541.0, 253.0, 278.0], "sv_shortst_cube": [541.0, 253.0, 278.0]}, {"B": [[-253, 651, -69], [117, 701, 11], [-485, -116, -4]], "G": [[492571, 425991, 47465], [425991, 505211, -138105], [47465, -138105, 248697]], "lincomb_exact": [-1.0, 1.0, 1.0], "lincomb_LLL": [-1.0, 1.0, 1.0], "lincomb_cube": [-1.2289466857910156, 1.3096027374267578, 1.0], "lincomb_cube_shortest": [-1.0, 1.0, 1.0], "exact.norm": 152.830078125, "LLL.norm": 152.830078125, "shortest_cube.norm": 152.830078125, "sv_LLL": [-115.0, -66.0, 76.0], "sv_exact": [-115.0, -66.0, 76.0], "sv_shortst_cube": [-115.0, -66.0, 76.0]}, {"B": [[470, -593, -360], [-103, -680, -381], [-934, 285, 929]], "G": [[702149, 491990, -942425], [491990, 618170, -451547], [-942425, -451547, 1816622]], "lincomb_exact": [-1.0, 1.0, 0.0], "lincomb_LLL": [-1.0, 1.0, 0.0], "lincomb_cube": [-1.2086772918701172, 1.0, -0.37847185134887695], "lincomb_cube_shortest": [-1.0, 1.0, 0.0], "exact.norm": 579.947265625, "LLL.norm": 579.947265625, "shortest_cube.norm": 579.947265625, "sv_LLL": [-573.0, -87.0, -21.0], "sv_exact": [-573.0, -87.0, -21.0], "sv_shortst_cube": [-573.0, -87.0, -21.0]}, {"B": [[269, -786, 823], [472, 661, -204], [562, 239, -650]], "G": [[1367486, -560470, -571626], [-560470, 701321, 555843], [-571626, 555843, 795465]], "lincomb_exact": [0.0, -1.0, 1.0], "lincomb_LLL": [0.0, -1.0, 1.0], "lincomb_cube": [0.13855981826782227, -0.6818342208862305, 1.0], "lincomb_cube_shortest": [0.0, -1.0, 1.0], "exact.norm": 620.564453125, "LLL.norm": 620.564453125, "shortest_cube.norm": 620.564453125, "sv_LLL": [90.0, -422.0, -446.0], "sv_exact": [90.0, -422.0, -446.0], "sv_shortst_cube": [90.0, -422.0, -446.0]}, {"B": [[-398, 148, -872], [-290, 901, -788], [-725, -693, 426]], "G": [[940692, 935904, -185486], [935904, 1516845, -749831], [-185486, -749831, 1187350]], "lincomb_exact": [-1.0, 1.0, 0.0], "lincomb_LLL": [-1.0, 1.0, 0.0], "lincomb_cube": [-0.8980503082275391, 1.0, 0.4912242889404297], "lincomb_cube_shortest": [-1.0, 1.0, 0.0], "exact.norm": 765.330078125, "LLL.norm": 765.330078125, "shortest_cube.norm": 765.330078125, "sv_LLL": [108.0, 753.0, 84.0], "sv_exact": [108.0, 753.0, 84.0], "sv_shortst_cube": [108.0, 753.0, 84.0]}, {"B": [[-838, 938, 884], [-732, 474, 539], [-731, 981, -743]], "G": [[2363544, 1534504, 875944], [1534504, 1051021, 599609], [875944, 599609, 2048771]], "lincomb_exact": [-1.0, 1.0, 0.0], "lincomb_LLL": [-1.0, 1.0, 0.0], "lincomb_cube": [-0.6425943374633789, 1.0, -0.017929136753082275], "lincomb_cube_shortest": [-1.0, 1.0, 0.0], "exact.norm": 587.8408203125, "LLL.norm": 587.8408203125, "shortest_cube.norm": 587.8408203125, "sv_LLL": [106.0, -464.0, -345.0], "sv_exact": [106.0, -464.0, -345.0], "sv_shortst_cube": [106.0, -464.0, -345.0]}, {"B": [[-621, 932, -139], [23, -182, -413], [656, 605, -611]], "G": [[1273586, -126500, 241413], [-126500, 204222, 157321], [241413, 157321, 1169682]], "lincomb_exact": [0.0, 1.0, 0.0], "lincomb_LLL": [0.0, 1.0, 0.0], "lincomb_cube": [0.12990283966064453, 1.0, -0.16130971908569336], "lincomb_cube_shortest": [0.0, 1.0, 0.0], "exact.norm": 451.9091796875, "LLL.norm": 451.9091796875, "shortest_cube.norm": 451.9091796875, "sv_LLL": [23.0, -182.0, -413.0], "sv_exact": [23.0, -182.0, -413.0], "sv_shortst_cube": [23.0, -182.0, -413.0]}, {"B": [[709, 433, -4], [-92, -892, 805], [-871, -900, 930]], "G": [[690186, -454684, -1010959], [-454684, 1452153, 1631582], [-1010959, 1631582, 2433541]], "lincomb_exact": [1.0, -1.0, 1.0], "lincomb_LLL": [1.0, -1.0, 1.0], "lincomb_cube": [0.9128799438476562, -0.8377285003662109, 1.0], "lincomb_cube_shortest": [1.0, -1.0, 1.0], "exact.norm": 447.39892578125, "LLL.norm": 447.39892578125, "shortest_cube.norm": 447.39892578125, "sv_LLL": [-70.0, 425.0, 121.0], "sv_exact": [-70.0, 425.0, 121.0], "sv_shortst_cube": [-70.0, 425.0, 121.0]}, {"B": [[23, -734, -591], [624, -995, 996], [-667, 720, 867]], "G": [[888566, 156046, -1056218], [156046, 2371417, -269076], [-1056218, -269076, 1714978]], "lincomb_exact": [1.0, 0.0, 1.0], "lincomb_LLL": [1.0, 0.0, 1.0], "lincomb_cube": [1.1824150085449219, 0.03566008806228638, 1.0], "lincomb_cube_shortest": [1.0, 0.0, 1.0], "exact.norm": 700.791015625, "LLL.norm": 700.791015625, "shortest_cube.norm": 700.791015625, "sv_LLL": [-644.0, -14.0, 276.0], "sv_exact": [-644.0, -14.0, 276.0], "sv_shortst_cube": [-644.0, -14.0, 276.0]}, {"B": [[-192, 260, 329], [-277, 359, -572], [-166, 41, -568]], "G": [[212705, -41664, -144340], [-41664, 532794, 385597], [-144340, 385597, 351861]], "lincomb_exact": [0.0, -1.0, 1.0], "lincomb_LLL": [0.0, -1.0, 1.0], "lincomb_cube": [0.5451822280883789, -0.6810932159423828, 1.0], "lincomb_cube_shortest": [0.0, -1.0, 1.0], "exact.norm": 336.83984375, "LLL.norm": 336.83984375, "shortest_cube.norm": 336.83984375, "sv_LLL": [111.0, -318.0, 4.0], "sv_exact": [111.0, -318.0, 4.0], "sv_shortst_cube": [111.0, -318.0, 4.0]}, {"B": [[700, -58, 789], [484, -205, -281], [-772, 380, 843]], "G": [[1115885, 128981, 102687], [128981, 355242, -688431], [102687, -688431, 1451033]], "lincomb_exact": [1.0, -6.0, -3.0], "lincomb_LLL": [1.0, -6.0, -3.0], "lincomb_cube": [1.0, -6.208641052246094, -3.016407012939453], "lincomb_cube_shortest": [1.0, -6.0, -3.0], "exact.norm": 128.39013671875, "LLL.norm": 128.39013671875, "shortest_cube.norm": 128.39013671875, "sv_LLL": [112.0, 32.0, -54.0], "sv_exact": [112.0, 32.0, -54.0], "sv_shortst_cube": [112.0, 32.0, -54.0]}, {"B": [[-54, 534, 718], [-842, -654, 147], [-114, -29, -8]], "G": [[803596, -198222, -15074], [-198222, 1158289, 113778], [-15074, 113778, 13901]], "lincomb_exact": [0.0, 0.0, 1.0], "lincomb_LLL": [0.0, 0.0, 1.0], "lincomb_cube": [-0.0057130977511405945, -0.09920704364776611, 1.0], "lincomb_cube_shortest": [0.0, 0.0, 1.0], "exact.norm": 117.9024658203125, "LLL.norm": 117.9024658203125, "shortest_cube.norm": 117.9024658203125, "sv_LLL": [-114.0, -29.0, -8.0], "sv_exact": [-114.0, -29.0, -8.0], "sv_shortst_cube": [-114.0, -29.0, -8.0]}, {"B": [[-128, -442, -649], [-970, -170, 584], [186, -100, 80]], "G": [[632949, -179716, -31528], [-179716, 1310856, -116700], [-31528, -116700, 50996]], "lincomb_exact": [0.0, 0.0, 1.0], "lincomb_LLL": [0.0, 0.0, 1.0], "lincomb_cube": [0.07813012599945068, 0.09973728656768799, 1.0], "lincomb_cube_shortest": [0.0, 0.0, 1.0], "exact.norm": 225.822998046875, "LLL.norm": 225.822998046875, "shortest_cube.norm": 225.822998046875, "sv_LLL": [186.0, -100.0, 80.0], "sv_exact": [186.0, -100.0, 80.0], "sv_shortst_cube": [186.0, -100.0, 80.0]}, {"B": [[-127, 16, 697], [872, 246, 899], [-23, 429, 852]], "G": [[502194, 519795, 603629], [519795, 1629101, 851426], [603629, 851426, 910474]], "lincomb_exact": [-1.0, 0.0, 1.0], "lincomb_LLL": [-1.0, 0.0, 1.0], "lincomb_cube": [-0.9869832992553711, -0.20772004127502441, 1.0], "lincomb_cube_shortest": [-1.0, 0.0, 1.0], "exact.norm": 453.2216796875, "LLL.norm": 453.2216796875, "shortest_cube.norm": 453.2216796875, "sv_LLL": [104.0, 413.0, 155.0], "sv_exact": [104.0, 413.0, 155.0], "sv_shortst_cube": [104.0, 413.0, 155.0]}, {"B": [[-322, 919, -846], [982, -488, -239], [217, 566, 973]], "G": [[1663961, -562482, -372878], [-562482, 1259589, -295661], [-372878, -295661, 1314174]], "lincomb_exact": [0.0, 1.0, 0.0], "lincomb_LLL": [0.0, 1.0, 0.0], "lincomb_cube": [0.4148292541503906, 1.0, 0.3426804542541504], "lincomb_cube_shortest": [0.0, 1.0, 0.0], "exact.norm": 1122.314453125, "LLL.norm": 1122.314453125, "shortest_cube.norm": 1122.314453125, "sv_LLL": [982.0, -488.0, -239.0], "sv_exact": [982.0, -488.0, -239.0], "sv_shortst_cube": [982.0, -488.0, -239.0]}, {"B": [[-46, -297, 165], [-174, -330, -262], [951, -911, -581]], "G": [[117550, 62784, 130956], [62784, 207820, 287378], [130956, 287378, 2071883]], "lincomb_exact": [1.0, 0.0, 0.0], "lincomb_LLL": [1.0, 0.0, 0.0], "lincomb_cube": [1.0, -0.2656583786010742, -0.026358425617218018], "lincomb_cube_shortest": [1.0, 0.0, 0.0], "exact.norm": 342.85595703125, "LLL.norm": 342.85595703125, "shortest_cube.norm": 342.85595703125, "sv_LLL": [-46.0, -297.0, 165.0], "sv_exact": [-46.0, -297.0, 165.0], "sv_shortst_cube": [-46.0, -297.0, 165.0]}, {"B": [[-187, 561, -65], [895, -976, -92], [688, -179, 149]], "G": [[353915, -708921, -238760], [-708921, 1762065, 776756], [-238760, 776756, 527586]], "lincomb_exact": [-1.0, -1.0, 1.0], "lincomb_LLL": [-1.0, -1.0, 1.0], "lincomb_cube": [-1.073486328125, -0.872711181640625, 1.0], "lincomb_cube_shortest": [-1.0, -1.0, 1.0], "exact.norm": 386.9521484375, "LLL.norm": 386.9521484375, "shortest_cube.norm": 386.9521484375, "sv_LLL": [-20.0, 236.0, 306.0], "sv_exact": [-20.0, 236.0, 306.0], "sv_shortst_cube": [-20.0, 236.0, 306.0]}, {"B": [[480, 953, 761], [912, -916, 978], [-871, 59, 359]], "G": [[1717730, 309070, -88654], [309070, 2627284, -497294], [-88654, -497294, 891003]], "lincomb_exact": [0.0, 0.0, 1.0], "lincomb_LLL": [0.0, 0.0, 1.0], "lincomb_cube": [0.01793360710144043, 0.18717098236083984, 1.0], "lincomb_cube_shortest": [0.0, 0.0, 1.0], "exact.norm": 943.9296875, "LLL.norm": 943.9296875, "shortest_cube.norm": 943.9296875, "sv_LLL": [-871.0, 59.0, 359.0], "sv_exact": [-871.0, 59.0, 359.0], "sv_shortst_cube": [-871.0, 59.0, 359.0]}, {"B": [[267, -267, -227], [397, 134, -849], [89, 839, 265]], "G": [[194107, 262944, -260405], [262944, 896366, -77226], [-260405, -77226, 782067]], "lincomb_exact": [1.0, 0.0, 0.0], "lincomb_LLL": [1.0, 0.0, 0.0], "lincomb_cube": [1.0, -0.26692867279052734, 0.3066120147705078], "lincomb_cube_shortest": [1.0, 0.0, 0.0], "exact.norm": 440.57568359375, "LLL.norm": 440.57568359375, "shortest_cube.norm": 440.57568359375, "sv_LLL": [267.0, -267.0, -227.0], "sv_exact": [267.0, -267.0, -227.0], "sv_shortst_cube": [267.0, -267.0, -227.0]}, {"B": [[351, -367, 358], [467, 575, 238], [-592, 580, 198]], "G": [[386054, 38096, -349768], [38096, 605358, 104160], [-349768, 104160, 726068]], "lincomb_exact": [1.0, 0.0, 0.0], "lincomb_LLL": [1.0, 0.0, 0.0], "lincomb_cube": [1.0, -0.14950990676879883, 0.5031776428222656], "lincomb_cube_shortest": [1.0, 0.0, 0.0], "exact.norm": 621.3330078125, "LLL.norm": 621.3330078125, "shortest_cube.norm": 621.3330078125, "sv_LLL": [351.0, -367.0, 358.0], "sv_exact": [351.0, -367.0, 358.0], "sv_shortst_cube": [351.0, -367.0, 358.0]}, {"B": [[-691, 718, -300], [-332, 883, -80], [427, 188, -123]], "G": [[1083005, 887406, -123173], [887406, 896313, 34080], [-123173, 34080, 232802]], "lincomb_exact": [1.0, -1.0, 1.0], "lincomb_LLL": [1.0, -1.0, 1.0], "lincomb_cube": [0.7676172256469727, -0.7980117797851562, 1.0], "lincomb_cube_shortest": [1.0, -1.0, 1.0], "exact.norm": 350.43115234375, "LLL.norm": 350.43115234375, "shortest_cube.norm": 350.43115234375, "sv_LLL": [68.0, 23.0, -343.0], "sv_exact": [68.0, 23.0, -343.0], "sv_shortst_cube": [68.0, 23.0, -343.0]}, {"B": [[284, -710, -311], [123, 179, 754], [871, -43, 106]], "G": [[681477, -326652, 244928], [-326652, 615686, 179360], [244928, 179360, 771726]], "lincomb_exact": [-1.0, -1.0, 1.0], "lincomb_LLL": [-1.0, -1.0, 1.0], "lincomb_cube": [-0.6692371368408203, -0.6463804244995117, 1.0], "lincomb_cube_shortest": [-1.0, -1.0, 1.0], "exact.norm": 753.0, "LLL.norm": 753.0, "shortest_cube.norm": 753.0, "sv_LLL": [464.0, 488.0, -337.0], "sv_exact": [464.0, 488.0, -337.0], "sv_shortst_cube": [464.0, 488.0, -337.0]}, {"B": [[-447, 127, 457], [-258, 62, 735], [334, -268, 485]], "G": [[424787, 459095, 38311], [459095, 610633, 253687], [38311, 253687, 418605]], "lincomb_exact": [2.0, -2.0, 1.0], "lincomb_LLL": [2.0, -2.0, 1.0], "lincomb_cube": [1.914255142211914, -1.8546524047851562, 1.0], "lincomb_cube_shortest": [2.0, -2.0, 1.0], "exact.norm": 161.310302734375, "LLL.norm": 161.310302734375, "shortest_cube.norm": 161.310302734375, "sv_LLL": [-44.0, -138.0, -71.0], "sv_exact": [-44.0, -138.0, -71.0], "sv_shortst_cube": [-44.0, -138.0, -71.0]}, {"B": [[-262, 98, 403], [-577, -714, -462], [-991, -347, -810]], "G": [[240657, -104984, -100794], [-104984, 1056169, 1193785], [-100794, 1193785, 1758590]], "lincomb_exact": [1.0, 0.0, 0.0], "lincomb_LLL": [1.0, 0.0, 0.0], "lincomb_cube": [1.0, 0.14875221252441406, -0.04366225004196167], "lincomb_cube_shortest": [1.0, 0.0, 0.0], "exact.norm": 490.56787109375, "LLL.norm": 490.56787109375, "shortest_cube.norm": 490.56787109375, "sv_LLL": [-262.0, 98.0, 403.0], "sv_exact": [-262.0, 98.0, 403.0], "sv_shortst_cube": [-262.0, 98.0, 403.0]}, {"B": [[390, 554, 932], [81, 840, 758], [-373, -761, -621]], "G": [[1327640, 1203406, -1145836], [1203406, 1286725, -1140171], [-1145836, -1140171, 1103891]], "lincomb_exact": [0.0, 1.0, 1.0], "lincomb_LLL": [0.0, 1.0, 1.0], "lincomb_cube": [0.39322853088378906, 0.5183372497558594, 1.0], "lincomb_cube_shortest": [0.0, 1.0, 1.0], "exact.norm": 332.0751953125, "LLL.norm": 332.0751953125, "shortest_cube.norm": 332.0751953125, "sv_LLL": [-292.0, 79.0, 137.0], "sv_exact": [-292.0, 79.0, 137.0], "sv_shortst_cube": [-292.0, 79.0, 137.0]}, {"B": [[600, 926, 904], [-267, 584, 169], [785, 231, -469]], "G": [[2034692, 533360, 260930], [533360, 440906, -153952], [260930, -153952, 889547]], "lincomb_exact": [0.0, 1.0, 0.0], "lincomb_LLL": [0.0, 1.0, 0.0], "lincomb_cube": [-0.295440673828125, 1.0, 0.25972938537597656], "lincomb_cube_shortest": [0.0, 1.0, 0.0], "exact.norm": 664.0078125, "LLL.norm": 664.0078125, "shortest_cube.norm": 664.0078125, "sv_LLL": [-267.0, 584.0, 169.0], "sv_exact": [-267.0, 584.0, 169.0], "sv_shortst_cube": [-267.0, 584.0, 169.0]}, {"B": [[-696, -393, -959], [193, -801, 851], [931, -945, 181]], "G": [[1558546, -635644, -450170], [-635644, 1403051, 1090659], [-450170, 1090659, 1792547]], "lincomb_exact": [0.0, -1.0, 1.0], "lincomb_LLL": [0.0, -1.0, 1.0], "lincomb_cube": [-0.03458809852600098, -0.7930183410644531, 1.0], "lincomb_cube_shortest": [0.0, -1.0, 1.0], "exact.norm": 1007.1142578125, "LLL.norm": 1007.1142578125, "shortest_cube.norm": 1007.1142578125, "sv_LLL": [738.0, -144.0, -670.0], "sv_exact": [738.0, -144.0, -670.0], "sv_shortst_cube": [738.0, -144.0, -670.0]}, {"B": [[-416, 870, 725], [767, 477, -796], [433, 704, 936]], "G": [[1455581, -481182, 1110952], [-481182, 1449434, -77137], [1110952, -77137, 1559201]], "lincomb_exact": [-1.0, 0.0, 1.0], "lincomb_LLL": [-1.0, 0.0, 1.0], "lincomb_cube": [-0.8375616073608398, -0.22483420372009277, 1.0], "lincomb_cube_shortest": [-1.0, 0.0, 1.0], "exact.norm": 890.4365234375, "LLL.norm": 890.4365234375, "shortest_cube.norm": 890.4365234375, "sv_LLL": [849.0, -166.0, 211.0], "sv_exact": [849.0, -166.0, 211.0], "sv_shortst_cube": [849.0, -166.0, 211.0]}, {"B": [[-327, -38, -359], [996, 242, 280], [11, -820, 751]], "G": [[237254, -435408, -242046], [-435408, 1128980, 22796], [-242046, 22796, 1236522]], "lincomb_exact": [1.0, 0.0, 0.0], "lincomb_LLL": [1.0, 0.0, 0.0], "lincomb_cube": [1.0, 0.3818545341491699, 0.18870782852172852], "lincomb_cube_shortest": [1.0, 0.0, 0.0], "exact.norm": 487.08740234375, "LLL.norm": 487.08740234375, "shortest_cube.norm": 487.08740234375, "sv_LLL": [-327.0, -38.0, -359.0], "sv_exact": [-327.0, -38.0, -359.0], "sv_shortst_cube": [-327.0, -38.0, -359.0]}, {"B": [[493, 213, 224], [-274, -182, 784], [-635, 79, -878]], "G": [[338594, 1768, -492900], [1768, 722856, -528740], [-492900, -528740, 1180350]], "lincomb_exact": [1.0, 1.0, 1.0], "lincomb_LLL": [1.0, 1.0, 1.0], "lincomb_cube": [1.451925277709961, 0.7279081344604492, 1.0], "lincomb_cube_shortest": [1.0, 1.0, 1.0], "exact.norm": 449.50634765625, "LLL.norm": 449.50634765625, "shortest_cube.norm": 449.50634765625, "sv_LLL": [-416.0, 110.0, 130.0], "sv_exact": [-416.0, 110.0, 130.0], "sv_shortst_cube": [-416.0, 110.0, 130.0]}, {"B": [[294, 576, -817], [-555, -885, 908], [418, -247, -419]], "G": [[1085701, -1414766, 322943], [-1414766, 1915714, -393847], [322943, -393847, 411294]], "lincomb_exact": [1.0, 1.0, 0.0], "lincomb_LLL": [1.0, 1.0, 0.0], "lincomb_cube": [1.3285446166992188, 1.0, -0.08557689189910889], "lincomb_cube_shortest": [1.0, 1.0, 0.0], "exact.norm": 414.587890625, "LLL.norm": 414.587890625, "shortest_cube.norm": 414.587890625, "sv_LLL": [-261.0, -309.0, 91.0], "sv_exact": [-261.0, -309.0, 91.0], "sv_shortst_cube": [-261.0, -309.0, 91.0]}, {"B": [[429, 427, 195], [470, -943, 684], [-976, -295, -373]], "G": [[404395, -67651, -617404], [-67651, 1578005, -435667], [-617404, -435667, 1178730]], "lincomb_exact": [2.0, 0.0, 1.0], "lincomb_LLL": [2.0, 0.0, 1.0], "lincomb_cube": [1.5842838287353516, 0.3440074920654297, 1.0], "lincomb_cube_shortest": [2.0, 0.0, 1.0], "exact.norm": 571.5712890625, "LLL.norm": 571.5712890625, "shortest_cube.norm": 571.5712890625, "sv_LLL": [-118.0, 559.0, 17.0], "sv_exact": [-118.0, 559.0, 17.0], "sv_shortst_cube": [-118.0, 559.0, 17.0]}, {"B": [[-21, 278, -903], [-439, 353, -97], [71, 247, 234]], "G": [[893134, 194944, -144127], [194944, 326739, 33324], [-144127, 33324, 120806]], "lincomb_exact": [0.0, 0.0, 1.0], "lincomb_LLL": [0.0, 0.0, 1.0], "lincomb_cube": [0.21112799644470215, -0.22795605659484863, 1.0], "lincomb_cube_shortest": [0.0, 0.0, 1.0], "exact.norm": 347.57177734375, "LLL.norm": 347.57177734375, "shortest_cube.norm": 347.57177734375, "sv_LLL": [71.0, 247.0, 234.0], "sv_exact": [71.0, 247.0, 234.0], "sv_shortst_cube": [71.0, 247.0, 234.0]}, {"B": [[433, -456, 347], [481, 764, -118], [-655, 492, 854]], "G": [[515834, -181057, -211629], [-181057, 828981, -39939], [-211629, -39939, 1400405]], "lincomb_exact": [1.0, 0.0, 0.0], "lincomb_LLL": [1.0, 0.0, 0.0], "lincomb_cube": [1.0, 0.22600030899047852, 0.15756535530090332], "lincomb_cube_shortest": [1.0, 0.0, 0.0], "exact.norm": 718.2158203125, "LLL.norm": 718.2158203125, "shortest_cube.norm": 718.2158203125, "sv_LLL": [433.0, -456.0, 347.0], "sv_exact": [433.0, -456.0, 347.0], "sv_shortst_cube": [433.0, -456.0, 347.0]}, {"B": [[-838, 454, -373], [-953, -502, -742], [145, -966, -603]], "G": [[1047489, 847472, -335155], [847472, 1710777, 794173], [-335155, 794173, 1317790]], "lincomb_exact": [1.0, -1.0, 1.0], "lincomb_LLL": [1.0, -1.0, 1.0], "lincomb_cube": [1.1607398986816406, -1.0392169952392578, 1.0], "lincomb_cube_shortest": [1.0, -1.0, 1.0], "exact.norm": 349.93701171875, "LLL.norm": 349.93701171875, "shortest_cube.norm": 349.93701171875, "sv_LLL": [260.0, -10.0, -234.0], "sv_exact": [260.0, -10.0, -234.0], "sv_shortst_cube": [260.0, -10.0, -234.0]}, {"B": [[-836, 364, -726], [-455, 411, 259], [575, -582, 3]], "G": [[1358468, 341950, -694726], [341950, 443027, -500050], [-694726, -500050, 669358]], "lincomb_exact": [0.0, 1.0, 1.0], "lincomb_LLL": [0.0, 1.0, 1.0], "lincomb_cube": [0.28209543228149414, 0.9109773635864258, 1.0], "lincomb_cube_shortest": [0.0, 1.0, 1.0], "exact.norm": 335.08935546875, "LLL.norm": 335.08935546875, "shortest_cube.norm": 335.08935546875, "sv_LLL": [120.0, -171.0, 262.0], "sv_exact": [120.0, -171.0, 262.0], "sv_shortst_cube": [120.0, -171.0, 262.0]}, {"B": [[-591, -484, -32], [992, -727, -477], [998, 474, 551]], "G": [[584561, -219140, -836866], [-219140, 1740122, 382591], [-836866, 382591, 1524281]], "lincomb_exact": [1.0, 0.0, 1.0], "lincomb_LLL": [1.0, 0.0, 1.0], "lincomb_cube": [1.4160423278808594, -0.041536927223205566, 1.0], "lincomb_cube_shortest": [1.0, 0.0, 1.0], "exact.norm": 659.62890625, "LLL.norm": 659.62890625, "shortest_cube.norm": 659.62890625, "sv_LLL": [407.0, -10.0, 519.0], "sv_exact": [407.0, -10.0, 519.0], "sv_shortst_cube": [407.0, -10.0, 519.0]}, {"B": [[937, -929, -339], [-635, 222, 858], [469, -713, -902]], "G": [[1855931, -1092095, 1407608], [-1092095, 1188673, -1230017], [1407608, -1230017, 1541934]], "lincomb_exact": [0.0, 1.0, 1.0], "lincomb_LLL": [0.0, 1.0, 1.0], "lincomb_cube": [-0.32552051544189453, 0.7357091903686523, 1.0], "lincomb_cube_shortest": [0.0, 1.0, 1.0], "exact.norm": 520.166015625, "LLL.norm": 520.166015625, "shortest_cube.norm": 520.166015625, "sv_LLL": [-166.0, -491.0, -44.0], "sv_exact": [-166.0, -491.0, -44.0], "sv_shortst_cube": [-166.0, -491.0, -44.0]}, {"B": [[817, 131, -632], [869, 657, 377], [-159, -155, -173]], "G": [[1084074, 557776, -40872], [557776, 1328939, -305227], [-40872, -305227, 79235]], "lincomb_exact": [1.0, -3.0, -11.0], "lincomb_LLL": [1.0, -3.0, -11.0], "lincomb_cube": [1.0, -2.6139488220214844, -9.553543090820312], "lincomb_cube_shortest": [1.0, -3.0, -10.0], "exact.norm": 198.76123046875, "LLL.norm": 198.76123046875, "shortest_cube.norm": 353.82080078125, "sv_LLL": [-41.0, -135.0, 140.0], "sv_exact": [-41.0, -135.0, 140.0], "sv_shortst_cube": [-200.0, -290.0, -33.0]}, {"B": [[-462, 639, 930], [96, 936, 862], [425, -99, -850]], "G": [[1486665, 1355412, -1050111], [1355412, 1628356, -784564], [-1050111, -784564, 912926]], "lincomb_exact": [1.0, 0.0, 1.0], "lincomb_LLL": [1.0, 0.0, 1.0], "lincomb_cube": [1.1077117919921875, -0.44022417068481445, 1.0], "lincomb_cube_shortest": [1.0, 0.0, 1.0], "exact.norm": 547.146484375, "LLL.norm": 547.146484375, "shortest_cube.norm": 547.146484375, "sv_LLL": [-37.0, 540.0, 80.0], "sv_exact": [-37.0, 540.0, 80.0], "sv_shortst_cube": [-37.0, 540.0, 80.0]}, {"B": [[-382, -396, -486], [429, 887, -885], [-654, 727, -316]], "G": [[538936, -85020, 115512], [-85020, 1754035, 643943], [115512, 643943, 1056101]], "lincomb_exact": [1.0, 0.0, 0.0], "lincomb_LLL": [1.0, 0.0, 0.0], "lincomb_cube": [1.0, 0.11418533325195312, -0.17899870872497559], "lincomb_cube_shortest": [1.0, 0.0, 0.0], "exact.norm": 734.123046875, "LLL.norm": 734.123046875, "shortest_cube.norm": 734.123046875, "sv_LLL": [-382.0, -396.0, -486.0], "sv_exact": [-382.0, -396.0, -486.0], "sv_shortst_cube": [-382.0, -396.0, -486.0]}, {"B": [[920, 440, 802], [694, 395, 789], [-372, -243, 775]], "G": [[1683204, 1445058, 172390], [1445058, 1260182, 257322], [172390, 257322, 798058]], "lincomb_exact": [-1.0, 1.0, 0.0], "lincomb_LLL": [-1.0, 1.0, 0.0], "lincomb_cube": [-0.8441686630249023, 1.0, -0.14008474349975586], "lincomb_cube_shortest": [-1.0, 1.0, 0.0], "exact.norm": 230.802978515625, "LLL.norm": 230.802978515625, "shortest_cube.norm": 230.802978515625, "sv_LLL": [-226.0, -45.0, -13.0], "sv_exact": [-226.0, -45.0, -13.0], "sv_shortst_cube": [-226.0, -45.0, -13.0]}, {"B": [[623, -853, -583], [608, 949, -663], [966, -210, 800]], "G": [[1455627, -44184, 314548], [-44184, 1709834, -142362], [314548, -142362, 1617256]], "lincomb_exact": [1.0, 0.0, 0.0], "lincomb_LLL": [1.0, 0.0, 0.0], "lincomb_cube": [1.0, 0.009718552231788635, -0.19363927841186523], "lincomb_cube_shortest": [1.0, 0.0, 0.0], "exact.norm": 1206.494140625, "LLL.norm": 1206.494140625, "shortest_cube.norm": 1206.494140625, "sv_LLL": [623.0, -853.0, -583.0], "sv_exact": [623.0, -853.0, -583.0], "sv_shortst_cube": [623.0, -853.0, -583.0]}, {"B": [[360, -275, -966], [848, -665, 166], [-27, 530, -301]], "G": [[1138381, 327799, 135296], [327799, 1188885, -425312], [135296, -425312, 372230]], "lincomb_exact": [0.0, 0.0, 1.0], "lincomb_LLL": [0.0, 0.0, 1.0], "lincomb_cube": [-0.24099493026733398, 0.42418718338012695, 1.0], "lincomb_cube_shortest": [0.0, 0.0, 1.0], "exact.norm": 610.1064453125, "LLL.norm": 610.1064453125, "shortest_cube.norm": 610.1064453125, "sv_LLL": [-27.0, 530.0, -301.0], "sv_exact": [-27.0, 530.0, -301.0], "sv_shortst_cube": [-27.0, 530.0, -301.0]}, {"B": [[-566, 114, -912], [115, 252, 763], [-143, -661, -598]], "G": [[1165096, -732218, 550960], [-732218, 658898, -639291], [550960, -639291, 814974]], "lincomb_exact": [0.0, 1.0, 1.0], "lincomb_LLL": [0.0, 1.0, 1.0], "lincomb_cube": [0.4538121223449707, 1.4745540618896484, 1.0], "lincomb_cube_shortest": [0.0, 1.0, 1.0], "exact.norm": 441.91650390625, "LLL.norm": 441.91650390625, "shortest_cube.norm": 441.91650390625, "sv_LLL": [-28.0, -409.0, 165.0], "sv_exact": [-28.0, -409.0, 165.0], "sv_shortst_cube": [-28.0, -409.0, 165.0]}, {"B": [[195, 540, -750], [-307, -715, -890], [895, -932, -188]], "G": [[892125, 221535, -187755], [221535, 1397574, 558935], [-187755, 558935, 1704993]], "lincomb_exact": [1.0, 0.0, 0.0], "lincomb_LLL": [1.0, 0.0, 0.0], "lincomb_cube": [1.0, -0.23311805725097656, 0.18654203414916992], "lincomb_cube_shortest": [1.0, 0.0, 0.0], "exact.norm": 944.5234375, "LLL.norm": 944.5234375, "shortest_cube.norm": 944.5234375, "sv_LLL": [195.0, 540.0, -750.0], "sv_exact": [195.0, 540.0, -750.0], "sv_shortst_cube": [195.0, 540.0, -750.0]}, {"B": [[524, 395, 897], [238, -344, -240], [990, -986, -608]], "G": [[1235210, -226448, -416086], [-226448, 232580, 720724], [-416086, 720724, 2321960]], "lincomb_exact": [0.0, -3.0, 1.0], "lincomb_LLL": [0.0, -3.0, 1.0], "lincomb_cube": [-0.28148889541625977, -3.3728904724121094, 1.0], "lincomb_cube_shortest": [0.0, -3.0, 1.0], "exact.norm": 301.39013671875, "LLL.norm": 301.39013671875, "shortest_cube.norm": 301.39013671875, "sv_LLL": [276.0, 46.0, 112.0], "sv_exact": [276.0, 46.0, 112.0], "sv_shortst_cube": [276.0, 46.0, 112.0]}, {"B": [[579, 116, -635], [-97, -480, 850], [-10, -640, -204]], "G": [[751922, -651593, 49510], [-651593, 962309, 134770], [49510, 134770, 451316]], "lincomb_exact": [1.0, 1.0, 0.0], "lincomb_LLL": [1.0, 1.0, 0.0], "lincomb_cube": [0.8926801681518555, 1.0, -0.3965439796447754], "lincomb_cube_shortest": [1.0, 1.0, 0.0], "exact.norm": 641.1279296875, "LLL.norm": 641.1279296875, "shortest_cube.norm": 641.1279296875, "sv_LLL": [482.0, -364.0, 215.0], "sv_exact": [482.0, -364.0, 215.0], "sv_shortst_cube": [482.0, -364.0, 215.0]}, {"B": [[-398, 302, 188], [-649, 862, 520], [358, -609, -610]], "G": [[284952, 616386, -441082], [616386, 1434645, -1074500], [-441082, -1074500, 871145]], "lincomb_exact": [-1.0, 1.0, 1.0], "lincomb_LLL": [-1.0, 1.0, 1.0], "lincomb_cube": [-1.0220756530761719, 1.1880950927734375, 1.0], "lincomb_cube_shortest": [-1.0, 1.0, 1.0], "exact.norm": 301.88427734375, "LLL.norm": 301.88427734375, "shortest_cube.norm": 301.88427734375, "sv_LLL": [107.0, -49.0, -278.0], "sv_exact": [107.0, -49.0, -278.0], "sv_shortst_cube": [107.0, -49.0, -278.0]}, {"B": [[571, 638, 800], [786, -50, 531], [-751, -324, 389]], "G": [[1373085, 841706, -324333], [841706, 902257, -367527], [-324333, -367527, 820298]], "lincomb_exact": [-1.0, 1.0, 0.0], "lincomb_LLL": [-1.0, 1.0, 0.0], "lincomb_cube": [-0.5594186782836914, 1.0, 0.22685551643371582], "lincomb_cube_shortest": [-1.0, 1.0, 0.0], "exact.norm": 769.369140625, "LLL.norm": 769.369140625, "shortest_cube.norm": 769.369140625, "sv_LLL": [215.0, -688.0, -269.0], "sv_exact": [215.0, -688.0, -269.0], "sv_shortst_cube": [215.0, -688.0, -269.0]}, {"B": [[-804, -383, 420], [-872, 134, 914], [-937, 302, -621]], "G": [[969505, 1033646, 376862], [1033646, 1613736, 289938], [376862, 289938, 1354814]], "lincomb_exact": [-1.0, 1.0, 0.0], "lincomb_LLL": [-1.0, 1.0, 0.0], "lincomb_cube": [-1.102142333984375, 1.0, 0.09257185459136963], "lincomb_cube_shortest": [-1.0, 1.0, 0.0], "exact.norm": 718.2958984375, "LLL.norm": 718.2958984375, "shortest_cube.norm": 718.2958984375, "sv_LLL": [-68.0, 517.0, 494.0], "sv_exact": [-68.0, 517.0, 494.0], "sv_shortst_cube": [-68.0, 517.0, 494.0]}, {"B": [[160, 304, 191], [151, -986, -883], [16, 227, 847]], "G": [[154497, -444237, 233345], [-444237, 1774686, -969307], [233345, -969307, 769194]], "lincomb_exact": [1.0, 0.0, 0.0], "lincomb_LLL": [1.0, 0.0, 0.0], "lincomb_cube": [1.0, 0.271481990814209, 0.038747549057006836], "lincomb_cube_shortest": [1.0, 0.0, 0.0], "exact.norm": 393.06103515625, "LLL.norm": 393.06103515625, "shortest_cube.norm": 393.06103515625, "sv_LLL": [160.0, 304.0, 191.0], "sv_exact": [160.0, 304.0, 191.0], "sv_shortst_cube": [160.0, 304.0, 191.0]}, {"B": [[299, -689, 544], [282, -347, -866], [693, 244, 377]], "G": [[860058, -147703, 244179], [-147703, 949889, -215724], [244179, -215724, 681914]], "lincomb_exact": [0.0, 0.0, 1.0], "lincomb_LLL": [0.0, 0.0, 1.0], "lincomb_cube": [-0.25162744522094727, 0.18797755241394043, 1.0], "lincomb_cube_shortest": [0.0, 0.0, 1.0], "exact.norm": 825.78125, "LLL.norm": 825.78125, "shortest_cube.norm": 825.78125, "sv_LLL": [693.0, 244.0, 377.0], "sv_exact": [693.0, 244.0, 377.0], "sv_shortst_cube": [693.0, 244.0, 377.0]}, {"B": [[407, -530, -154], [-266, 897, 770], [-275, 177, -582]], "G": [[470265, -702252, -116107], [-702252, 1468265, -216221], [-116107, -216221, 445678]], "lincomb_exact": [2.0, 1.0, 1.0], "lincomb_LLL": [2.0, 1.0, 1.0], "lincomb_cube": [1.6335105895996094, 0.9285497665405273, 1.0], "lincomb_cube_shortest": [2.0, 1.0, 1.0], "exact.norm": 298.5380859375, "LLL.norm": 298.5380859375, "shortest_cube.norm": 298.5380859375, "sv_LLL": [273.0, 14.0, -120.0], "sv_exact": [273.0, 14.0, -120.0], "sv_shortst_cube": [273.0, 14.0, -120.0]}, {"B": [[286, -415, -960], [-426, 789, 607], [237, -469, -758]], "G": [[1175621, -1031991, 990097], [-1031991, 1172446, -931109], [990097, -931109, 850694]], "lincomb_exact": [-1.0, 0.0, 1.0], "lincomb_LLL": [-1.0, 0.0, 1.0], "lincomb_cube": [-0.6380767822265625, 0.23252224922180176, 1.0], "lincomb_cube_shortest": [-1.0, 0.0, 1.0], "exact.norm": 214.758056640625, "LLL.norm": 214.758056640625, "shortest_cube.norm": 214.75805664062