[{"B": [[779, -139, -492, -484, -249, 405], [-267, -699, -665, 938, 144, 845], [-778, 578, -428, -653, 89, -593], [-252, 683, 83, -821, -487, 6], [506, -109, 988, -699, 322, -399], [-327, -597, -611, 239, 66, 112]], "G": [[1328508, 68725, -422102, 188976, 19772, 42112], [68725, 2616720, -1012459, -1300484, -1662380, 1239253], [-422102, -1012459, 1908531, 1044518, -157822, -45761], [188976, -1300484, 1044518, 1448128, 294716, -603749], [19772, -1662380, -157822, 294716, 1995547, -894554], [42112, 1239253, -45761, -603749, -894554, 910680]], "lincomb_exact": [0.0, 1.0, 0.0, 1.0, 1.0, 0.0], "lincomb_LLL": [0.0, 1.0, 0.0, 1.0, 1.0, 0.0], "lincomb_cube": [0.15355467796325684, 1.0, 0.5847835540771484, 0.0006020572036504745, 0.49643993377685547, -0.8504667282104492], "lincomb_cube_shortest": [0.0, 1.0, 0.0, 1.0, 1.0, 0.0], "exact.norm": 850.9404296875, "LLL.norm": 850.9404296875, "shortest_cube.norm": 850.9404296875, "sv_LLL": [-13.0, -125.0, 406.0, -582.0, -21.0, 452.0], "sv_exact": [-13.0, -125.0, 406.0, -582.0, -21.0, 452.0], "sv_shortst_cube": [-13.0, -125.0, 406.0, -582.0, -21.0, 452.0]}, {"B": [[-785, -363, 84, 440, -101, -466], [-924, 771, -432, -726, 660, -937], [569, -607, 683, -320, -957, 562], [-531, 701, 540, 590, 126, -841], [823, -206, -756, -663, 927, -576], [681, 537, 973, 707, 797, 0]], "G": [[1176007, 459721, -474987, 846512, -751712, -417201], [459721, 3475486, -2214703, 1240672, 1040184, -622815], [-474987, -2214703, 2492792, -1140850, -921710, -262880], [846512, 1240672, -1140850, 2136219, -779611, 1057798], [-751712, 1040184, -921710, -779611, 2921975, -15669], [-417201, -622815, -262880, 1057798, -15669, 2833917]], "lincomb_exact": [1.0, 1.0, 1.0, -1.0, 0.0, 1.0], "lincomb_LLL": [1.0, 1.0, 1.0, -1.0, 0.0, 1.0], "lincomb_cube": [1.0, 0.40413761138916016, 0.24933767318725586, -0.7731475830078125, -0.011301100254058838, 0.5476894378662109], "lincomb_cube_shortest": [1.0, 1.0, 1.0, -1.0, 0.0, 1.0], "exact.norm": 1020.013671875, "LLL.norm": 1020.013671875, "shortest_cube.norm": 1020.013671875, "sv_LLL": [72.0, -363.0, 768.0, -489.0, 273.0, 0.0], "sv_exact": [72.0, -363.0, 768.0, -489.0, 273.0, 0.0], "sv_shortst_cube": [72.0, -363.0, 768.0, -489.0, 273.0, 0.0]}, {"B": [[-343, -777, -396, -562, 781, 553], [-43, 15, -269, 772, -540, -793], [596, 300, 819, 920, 855, 154], [-532, -697, -587, -244, -80, -575], [184, 870, 699, -675, 671, 704], [418, -19, -68, -271, 207, -259]], "G": [[2109808, -1184515, -525975, 713170, 276807, 69059], [-1184515, 1590868, -115021, 481131, -1624605, -115572], [-525975, -115021, 2717118, -1388355, 1004266, 75515], [713170, 481131, -1388355, 1509963, -1408371, 29272], [276807, -1624605, 1004266, -1408371, 2680839, 152336], [69059, -115572, 75515, 29272, 152336, 363080]], "lincomb_exact": [0.0, 0.0, 0.0, 0.0, 0.0, 1.0], "lincomb_LLL": [0.0, 0.0, 0.0, 0.0, 0.0, 1.0], "lincomb_cube": [0.5263118743896484, 0.7220592498779297, -0.26848936080932617, -0.6797151565551758, 0.06989657878875732, 1.0], "lincomb_cube_shortest": [0.0, 0.0, 0.0, 0.0, 0.0, 1.0], "exact.norm": 602.5615234375, "LLL.norm": 602.5615234375, "shortest_cube.norm": 602.5615234375, "sv_LLL": [418.0, -19.0, -68.0, -271.0, 207.0, -259.0], "sv_exact": [418.0, -19.0, -68.0, -271.0, 207.0, -259.0], "sv_shortst_cube": [418.0, -19.0, -68.0, -271.0, 207.0, -259.0]}, {"B": [[195, -239, 834, -107, 956, 356], [-405, 405, -954, 652, -148, -469], [570, 833, 274, 441, -945, 499], [-863, -864, -97, -225, 827, 121], [847, 938, 835, 513, -999, -24], [-929, 223, 661, 812, -937, 712]], "G": [[1842823, -1349622, -632384, 815076, -381106, -412362], [-1349622, 1905135, 38480, -233712, -266151, 170138], [-632384, 38480, 2430372, -2058561, 2651246, 1436188], [815076, -233712, -2058561, 2249869, -2566890, -326509], [-381106, -266151, 2651246, -2566890, 3556224, 1309777], [-412362, 170138, 1436188, -326509, 1309777, 3393948]], "lincomb_exact": [1.0, 0.0, -2.0, -3.0, -1.0, 1.0], "lincomb_LLL": [1.0, 0.0, -2.0, -3.0, -1.0, 1.0], "lincomb_cube": [0.7153301239013672, -0.17198467254638672, -1.4050331115722656, -3.2284698486328125, -1.5873489379882812, 1.0], "lincomb_cube_shortest": [1.0, 0.0, -2.0, -3.0, -1.0, 1.0], "exact.norm": 659.9482421875, "LLL.norm": 659.9482421875, "shortest_cube.norm": 659.9482421875, "sv_LLL": [-132.0, -28.0, 403.0, -15.0, 427.0, -269.0], "sv_exact": [-132.0, -28.0, 403.0, -15.0, 427.0, -269.0], "sv_shortst_cube": [-132.0, -28.0, 403.0, -15.0, 427.0, -269.0]}, {"B": [[559, 12, -677, 632, 458, 505], [352, -171, 411, -742, 362, 363], [-729, 89, 875, 610, -124, -139], [397, -706, -84, -506, 679, -202], [468, 367, 26, -479, 891, 651], [-228, 116, -342, 173, -225, 902]], "G": [[1635167, -203364, -740285, 159499, 682519, 567270], [-203364, 1135443, -460167, 773870, 1026938, -123044], [-740285, -460167, 1711784, -790525, -778922, -114662], [159499, 773870, -790525, 1420982, 640371, -566201], [682519, 1026938, -778922, 640371, 1801512, 230836], [567270, -123044, -114662, -566201, 230836, 1076562]], "lincomb_exact": [-1.0, -2.0, 0.0, 1.0, 1.0, 1.0], "lincomb_LLL": [-1.0, -2.0, 0.0, 1.0, 1.0, 1.0], "lincomb_cube": [-0.5327701568603516, -1.025909423828125, 0.1956791877746582, 1.0, 0.43679237365722656, 0.6165952682495117], "lincomb_cube_shortest": [-1.0, -2.0, 0.0, 1.0, 1.0, 1.0], "exact.norm": 861.927734375, "LLL.norm": 861.927734375, "shortest_cube.norm": 861.927734375, "sv_LLL": [-626.0, 107.0, -545.0, 40.0, 163.0, 120.0], "sv_exact": [-626.0, 107.0, -545.0, 40.0, 163.0, 120.0], "sv_shortst_cube": [-626.0, 107.0, -545.0, 40.0, 163.0, 120.0]}, {"B": [[-529, -360, -786, 180, 174, -292], [-256, 466, -313, -316, -979, -647], [625, -945, -108, 994, 475, -322], [225, -725, -7, -711, -269, -42], [830, -818, 304, 948, -654, 855], [126, -388, -178, -562, -868, 341]], "G": [[1175177, 175380, 450057, -15045, -576350, -138830], [175380, 1857567, -1137361, 121942, -901307, 649387], [450057, -1137361, 2612659, 5521, 1615280, -616096], [-15045, 121942, 5521, 1155945, 243660, 929648], [-576350, -901307, 1615280, 243660, 3507885, 694303], [-138830, 649387, -616096, 929648, 694303, 1383653]], "lincomb_exact": [1.0, 1.0, -2.0, 3.0, 2.0, -4.0], "lincomb_LLL": [1.0, 1.0, -2.0, 3.0, 2.0, -4.0], "lincomb_cube": [0.9143838882446289, 1.0, -1.6297035217285156, 2.4569435119628906, 1.7009696960449219, -3.6075363159179688], "lincomb_cube_shortest": [1.0, 1.0, -2.0, 3.0, 2.0, -4.0], "exact.norm": 678.7041015625, "LLL.norm": 678.7041015625, "shortest_cube.norm": 678.7041015625, "sv_LLL": [-204.0, -263.0, 416.0, -113.0, -398.0, -75.0], "sv_exact": [-204.0, -263.0, 416.0, -113.0, -398.0, -75.0], "sv_shortst_cube": [-204.0, -263.0, 416.0, -113.0, -398.0, -75.0]}, {"B": [[703, -793, 509, -504, -553, -460], [-427, -400, -956, 278, -384, -194], [567, -731, 433, -871, -430, 567], [339, -774, 434, -599, 489, -130], [-566, -855, -594, 117, 281, 211], [-610, -223, -178, -397, -256, -260]], "G": [[2153564, -308105, 1614635, 1164284, -333650, 118663], [-308105, 1518641, -550673, -579135, 1035234, 558216], [1614635, -550673, 2308369, 1183678, -56219, 48516], [1164284, -579135, 1183678, 1517175, 251996, 34979], [-333650, 1035234, -56219, 251996, 1541388, 468412], [118663, 558216, 48516, 34979, 468412, 744258]], "lincomb_exact": [1.0, -1.0, 0.0, -1.0, 1.0, 0.0], "lincomb_LLL": [1.0, -1.0, 0.0, -1.0, 1.0, 0.0], "lincomb_cube": [1.0, -1.1576786041259766, -0.38581228256225586, -1.0990142822265625, 1.1386032104492188, 0.06905865669250488], "lincomb_cube_shortest": [1.0, -1.0, 0.0, -1.0, 1.0, 0.0], "exact.norm": 786.37109375, "LLL.norm": 786.37109375, "shortest_cube.norm": 786.37109375, "sv_LLL": [225.0, -474.0, 437.0, -66.0, -377.0, 75.0], "sv_exact": [225.0, -474.0, 437.0, -66.0, -377.0, 75.0], "sv_shortst_cube": [225.0, -474.0, 437.0, -66.0, -377.0, 75.0]}, {"B": [[465, -929, 38, 655, 955, -16], [123, 407, -453, -384, 53, -291], [107, -563, -565, -300, 768, -645], [602, 676, 485, -639, 32, 102], [-564, -398, 782, 842, -119, 906], [-571, 86, -715, -493, -522, 326]], "G": [[2422016, -534371, 1098572, -719261, 560567, -1199220], [-534371, 620933, 383564, 346863, -1178885, 355444], [1098572, 383564, 1743492, -439713, -1206466, -168806], [-719261, 346863, -439713, 1474354, -678740, -300806], [560567, -1178885, -1206466, -678740, 2631985, -328946], [-1199220, 355444, -168806, -300806, -328946, 1466471]], "lincomb_exact": [0.0, 2.0, 0.0, 0.0, 1.0, 0.0], "lincomb_LLL": [0.0, 2.0, 0.0, 0.0, 1.0, 0.0], "lincomb_cube": [-0.23606586456298828, 1.4248600006103516, 0.5364770889282227, 0.12367308139801025, 1.0, -0.22696971893310547], "lincomb_cube_shortest": [0.0, 2.0, 0.0, 0.0, 1.0, 0.0], "exact.norm": 632.595703125, "LLL.norm": 632.595703125, "shortest_cube.norm": 632.595703125, "sv_LLL": [-318.0, 416.0, -124.0, 74.0, -13.0, 324.0], "sv_exact": [-318.0, 416.0, -124.0, 74.0, -13.0, 324.0], "sv_shortst_cube": [-318.0, 416.0, -124.0, 74.0, -13.0, 324.0]}, {"B": [[-354, 949, -773, -865, -239, 334], [286, -352, 572, -819, 312, 683], [200, 78, 830, 568, -552, 945], [-32, -32, 228, -975, -537, -854], [-242, 731, -292, -9, 576, 948], [930, 949, -180, 509, -713, -943]], "G": [[2540348, -15459, -682130, 491198, 1191856, 125681], [-15459, 1767478, 512523, 180227, 341019, -1454424], [-682130, 512523, 2255337, -884062, 339054, -97825], [491198, 180227, -884062, 2022342, -1192353, 590760], [1191856, 341019, 339054, -1192353, 1908750, -788014], [125681, -1454424, -97825, 590760, -788014, 3454600]], "lincomb_exact": [-1.0, 0.0, 0.0, 1.0, 1.0, 0.0], "lincomb_LLL": [-1.0, 0.0, 0.0, 1.0, 1.0, 0.0], "lincomb_cube": [-0.6501693725585938, -0.4107050895690918, 0.12755084037780762, 1.0, 1.049478530883789, -0.07726061344146729], "lincomb_cube_shortest": [-1.0, 0.0, 0.0, 1.0, 1.0, 0.0], "exact.norm": 848.896484375, "LLL.norm": 848.896484375, "shortest_cube.norm": 848.896484375, "sv_LLL": [80.0, -250.0, 709.0, -119.0, 278.0, -240.0], "sv_exact": [80.0, -250.0, 709.0, -119.0, 278.0, -240.0], "sv_shortst_cube": [80.0, -250.0, 709.0, -119.0, 278.0, -240.0]}, {"B": [[-31, -198, 133, 905, -548, -790], [361, -779, 140, 836, 479, 283], [-898, 311, -217, 693, -77, -519], [93, -260, 929, -969, 683, -659], [-639, -286, -628, -632, -711, 671], [-417, 986, 890, -331, 494, -164]], "G": [[1801283, 432189, 1016770, -558465, -719509, -504638], [432189, 1765188, -201239, -303251, -774833, -880533], [1016770, -201239, 1705753, -748054, -110326, 305677], [-558465, -303251, -748054, 2779021, -883873, 1297886], [-719509, -774833, -110326, -883873, 2239687, -826539], [-504638, -880533, 305677, 1297886, -826539, 2318678]], "lincomb_exact": [1.0, 1.0, -1.0, 0.0, 1.0, 1.0], "lincomb_LLL": [1.0, 1.0, -1.0, 0.0, 1.0, 1.0], "lincomb_cube": [1.0, 0.2452085018157959, -0.6769208908081055, -0.07154345512390137, 0.5836877822875977, 0.6481142044067383], "lincomb_cube_shortest": [1.0, 1.0, -1.0, 0.0, 1.0, 1.0], "exact.norm": 1122.986328125, "LLL.norm": 1122.986328125, "shortest_cube.norm": 1122.986328125, "sv_LLL": [172.0, -588.0, 752.0, 85.0, -209.0, 519.0], "sv_exact": [172.0, -588.0, 752.0, 85.0, -209.0, 519.0], "sv_shortst_cube": [172.0, -588.0, 752.0, 85.0, -209.0, 519.0]}, {"B": [[-974, -141, 960, -94, -618, 103], [882, -626, -719, 115, -882, 482], [-443, 256, -634, -347, -433, 864], [640, -667, -260, 655, 850, -908], [297, -942, -66, -771, 625, 403], [-261, -148, -391, 729, -594, 96]], "G": [[2291526, -877130, 175950, -1459307, -492083, 208176], [-877130, 2710234, 663313, 56931, 453431, 797590], [175950, 663313, 1718135, -1669279, 14225, 412812], [-1459307, 56931, -1669279, 2898078, 495875, -81237], [-492083, 453431, 14225, 495875, 2127404, -806916], [208176, 797590, 412812, -81237, -806916, 1136399]], "lincomb_exact": [1.0, 1.0, 1.0, 1.0, -1.0, -2.0], "lincomb_LLL": [1.0, 1.0, 1.0, 1.0, -1.0, -2.0], "lincomb_cube": [1.0, 0.5355167388916016, 1.479593276977539, 1.4427776336669922, -0.8291101455688477, -1.5821094512939453], "lincomb_cube_shortest": [1.0, 1.0, 1.0, 1.0, -1.0, -2.0], "exact.norm": 742.970703125, "LLL.norm": 742.970703125, "shortest_cube.norm": 742.970703125, "sv_LLL": [330.0, 60.0, 195.0, -358.0, -520.0, -54.0], "sv_exact": [330.0, 60.0, 195.0, -358.0, -520.0, -54.0], "sv_shortst_cube": [330.0, 60.0, 195.0, -358.0, -520.0, -54.0]}, {"B": [[-764, -148, 605, 8, -247, 563], [-442, 778, -706, 11, 520, 872], [-965, 33, -235, -401, 483, -981], [870, -429, -181, 962, 191, 744], [260, -550, 691, -383, 102, -210], [-490, 102, -857, -922, -904, 516]], "G": [[1349667, 157998, -84611, -331302, 154327, 347199], [157998, 2329989, 9431, 168154, -1164959, 870708], [-84611, 9431, 2343990, -1834545, -22576, 104505], [-331302, 168154, -1834545, 2489163, -168125, -990665], [154327, -1164959, -22576, -168125, 1048774, -623129], [347199, 870708, 104505, -990665, -623129, 2918509]], "lincomb_exact": [0.0, 0.0, 0.0, 0.0, 1.0, 0.0], "lincomb_LLL": [0.0, 0.0, 0.0, 0.0, -1.0, 0.0], "lincomb_cube": [-0.1528768539428711, 0.4375953674316406, 0.1378459930419922, 0.18212175369262695, 1.0, 0.15802788734436035], "lincomb_cube_shortest": [0.0, 0.0, 0.0, 0.0, 1.0, 0.0], "exact.norm": 1024.095703125, "LLL.norm": 1024.095703125, "shortest_cube.norm": 1024.095703125, "sv_LLL": [-260.0, 550.0, -691.0, 383.0, -102.0, 210.0], "sv_exact": [260.0, -550.0, 691.0, -383.0, 102.0, -210.0], "sv_shortst_cube": [260.0, -550.0, 691.0, -383.0, 102.0, -210.0]}, {"B": [[693, 933, -570, 539, -745, 8], [953, -510, -288, 888, 971, 753], [-241, 298, 79, -257, -885, 897], [431, -452, 693, -281, -713, 177], [728, -460, -110, -201, -83, -563], [732, 993, -816, -370, -873, 449]], "G": [[2521248, 110020, 593969, -136901, 87016, 2353412], [110020, 3549647, -816515, -366891, 277044, -411972], [593969, -816515, 1807009, 678171, -701117, 1325486], [-136901, -366891, 678171, 1488973, 461467, 107060], [87016, 277044, -701117, 461467, 1117943, 59918], [2353412, -411972, 1325486, 107060, 59918, 3288359]], "lincomb_exact": [0.0, 0.0, 1.0, -1.0, 1.0, 0.0], "lincomb_LLL": [0.0, 0.0, 1.0, -1.0, 1.0, 0.0], "lincomb_cube": [0.19247055053710938, 0.02067774534225464, 1.0, -0.6780948638916016, 0.9155082702636719, -0.5328454971313477], "lincomb_cube_shortest": [0.0, 0.0, 1.0, -1.0, 1.0, 0.0], "exact.norm": 855.8125, "LLL.norm": 855.8125, "shortest_cube.norm": 855.8125, "sv_LLL": [56.0, 290.0, -724.0, -177.0, -255.0, 157.0], "sv_exact": [56.0, 290.0, -724.0, -177.0, -255.0, 157.0], "sv_shortst_cube": [56.0, 290.0, -724.0, -177.0, -255.0, 157.0]}, {"B": [[-968, -456, 299, -710, -125, -85], [338, 653, -450, -440, 1, 393], [266, -252, 301, -89, 718, -503], [371, -211, -772, 845, 165, -82], [607, 368, -450, -576, -978, 396], [-931, -861, -793, -720, 507, 241]], "G": [[1761311, -480632, -36382, -1107345, -392384, 1484057], [-480632, 1091203, -367899, -68846, 1056060, -108041], [-36382, -367899, 1001315, 3997, -916852, 37516], [-1107345, -68846, 3997, 1526120, -185613, -96041], [-392384, 1056060, -916852, -185613, 2151449, -510805], [1484057, -108041, 37516, -96041, -510805, 3070461]], "lincomb_exact": [-2.0, -1.0, 0.0, -1.0, 0.0, 1.0], "lincomb_LLL": [-2.0, -1.0, 0.0, -1.0, 0.0, 1.0], "lincomb_cube": [-2.0691375732421875, -1.1721763610839844, -0.41852617263793945, -1.4744129180908203, 0.1298656463623047, 1.0], "lincomb_cube_shortest": [-2.0, -1.0, 0.0, -1.0, 0.0, 1.0], "exact.norm": 845.7919921875, "LLL.norm": 845.7919921875, "shortest_cube.norm": 845.7919921875, "sv_LLL": [296.0, -391.0, -169.0, 295.0, 591.0, 100.0], "sv_exact": [296.0, -391.0, -169.0, 295.0, 591.0, 100.0], "sv_shortst_cube": [296.0, -391.0, -169.0, 295.0, 591.0, 100.0]}, {"B": [[-143, -675, 503, -792, -274, -47], [-754, 261, 679, -809, -717, -710], [-548, -999, 917, -837, 413, -52], [-855, -560, -997, -267, 306, -888], [59, -271, 836, 398, -238, 636], [392, -500, -33, 152, 590, 698]], "G": [[1433632, 1143740, 1766126, 168130, 315100, -50005], [1143740, 2770348, 1193028, 448628, -150469, -1490053], [1766126, 1193028, 3013036, 509764, 540517, 334573], [168130, 448628, 509764, 2992103, -1476039, -502127], [315100, -150469, 540517, -1476039, 1395362, 495044], [-50005, -1490053, 334573, -502127, 495044, 1263161]], "lincomb_exact": [-1.0, 1.0, 0.0, 0.0, 0.0, 1.0], "lincomb_LLL": [-1.0, 1.0, 0.0, 0.0, 0.0, 1.0], "lincomb_cube": [-0.2155618667602539, 1.0, -0.4683413505554199, 0.2070004940032959, 0.0792393684387207, 1.3463706970214844], "lincomb_cube_shortest": [-1.0, 1.0, 0.0, 0.0, 0.0, 1.0], "exact.norm": 547.3251953125, "LLL.norm": 547.3251953125, "shortest_cube.norm": 547.3251953125, "sv_LLL": [-219.0, 436.0, 143.0, 135.0, 147.0, 35.0], "sv_exact": [-219.0, 436.0, 143.0, 135.0, 147.0, 35.0], "sv_shortst_cube": [-219.0, 436.0, 143.0, 135.0, 147.0, 35.0]}, {"B": [[438, -151, -329, 889, 149, -200], [786, 548, 562, -253, -31, -282], [653, 836, 534, 431, -860, 981], [-270, -932, 705, 706, 454, 574], [-445, -196, 125, -741, 159, -682], [643, -552, -537, 522, 548, 93]], "G": [[1175408, -96514, 42911, 371007, -705097, 1068769], [-96514, 1378438, 912469, -681306, -12060, -274172], [42911, 912469, 3298183, -102052, -1512844, -483416], [371007, -681306, -102052, 2472577, -451481, 632975], [-705097, -12060, -1512844, -451481, 1291552, -608164], [1068769, -274172, -483416, 632975, -608164, 1587959]], "lincomb_exact": [1.0, -1.0, 2.0, 0.0, 3.0, 1.0], "lincomb_LLL": [1.0, -1.0, 2.0, 0.0, 3.0, 1.0], "lincomb_cube": [1.0, -0.5892953872680664, 1.1431922912597656, 0.019471824169158936, 2.051685333251953, 0.3512282371520996], "lincomb_cube_shortest": [1.0, -1.0, 2.0, 0.0, 3.0, 1.0], "exact.norm": 681.3115234375, "LLL.norm": 681.3115234375, "shortest_cube.norm": 681.3115234375, "sv_LLL": [266.0, -167.0, 15.0, 303.0, -515.0, 91.0], "sv_exact": [266.0, -167.0, 15.0, 303.0, -515.0, 91.0], "sv_shortst_cube": [266.0, -167.0, 15.0, 303.0, -515.0, 91.0]}, {"B": [[-954, 79, 405, -284, 33, 132], [-871, -471, 762, 158, 696, -534], [-431, 560, -695, -124, 737, -987], [-88, 390, -671, 241, 307, 731], [-372, -82, -225, 415, -36, 682], [-934, 960, 369, -706, -739, 334]], "G": [[1179551, 1009943, 103192, -118814, 228261, 1336526], [1009943, 2355662, 602469, -756948, -132490, -161716], [103192, 602469, 2515100, 197551, -480339, -103058], [-118814, -756948, 197551, 1296776, 739236, 56128], [228261, -132490, -480339, 739236, 834378, 147105], [1336526, -161716, -103058, 56128, 147105, 3086230]], "lincomb_exact": [-2.0, 1.0, 0.0, 0.0, 1.0, 1.0], "lincomb_LLL": [-2.0, 1.0, 0.0, 0.0, 1.0, 1.0], "lincomb_cube": [-1.6538925170898438, 1.0, -0.17393112182617188, 0.42533445358276367, 0.0011641308665275574, 0.7550373077392578], "lincomb_cube_shortest": [-2.0, 1.0, 0.0, 0.0, 1.0, 1.0], "exact.norm": 633.5234375, "LLL.norm": 633.5234375, "shortest_cube.norm": 633.5234375, "sv_LLL": [-269.0, 249.0, 96.0, 435.0, -145.0, 218.0], "sv_exact": [-269.0, 249.0, 96.0, 435.0, -145.0, 218.0], "sv_shortst_cube": [-269.0, 249.0, 96.0, 435.0, -145.0, 218.0]}, {"B": [[-933, 290, -168, -316, 955, -257], [-173, -591, 260, -396, -658, -642], [-930, 404, -283, 850, 823, 34], [290, 266, -94, -120, -499, -211], [-706, -592, 811, 583, -203, -957], [-517, 902, -466, -243, 551, 543]], "G": [[2060743, -391921, 1541021, -562036, 218626, 1285671], [-391921, 1448754, -1051416, 279508, 1199970, -1179737], [1541021, -1051416, 2509190, -655485, 483842, 1242481], [-562036, 279508, -655485, 471614, -205182, -226556], [218626, 1199970, 483842, -205182, 2803568, -1320081], [1285671, -1179737, 1242481, -226556, -1320081, 1955548]], "lincomb_exact": [0.0, 0.0, 0.0, 1.0, 0.0, 0.0], "lincomb_LLL": [0.0, 0.0, 0.0, 1.0, 0.0, 0.0], "lincomb_cube": [0.4521450996398926, -0.38220739364624023, 0.06724846363067627, 1.0, -0.035465776920318604, -0.4786539077758789], "lincomb_cube_shortest": [0.0, 0.0, 0.0, 1.0, 0.0, 0.0], "exact.norm": 686.7412109375, "LLL.norm": 686.7412109375, "shortest_cube.norm": 686.7412109375, "sv_LLL": [290.0, 266.0, -94.0, -120.0, -499.0, -211.0], "sv_exact": [290.0, 266.0, -94.0, -120.0, -499.0, -211.0], "sv_shortst_cube": [290.0, 266.0, -94.0, -120.0, -499.0, -211.0]}, {"B": [[-244, -344, 651, -399, 141, -833], [344, -341, -105, -527, 511, 827], [-762, 703, 682, 510, 272, -848], [-44, 113, -122, 329, 763, 601], [72, 629, 412, -639, 258, -777], [831, -444, -800, -250, -956, 415]], "G": [[1474644, -441554, 929324, -631879, 972848, -951569], [-441554, 1468421, -1404535, 672678, -406969, 507707], [929324, -1404535, 2593165, -104559, 1071489, -2230406], [-631879, 672678, -104559, 1081200, -462709, -551399], [972848, -406969, 1071489, -462709, 1649183, -958397], [-951569, 507707, -2230406, -551399, -958397, 2676358]], "lincomb_exact": [1.0, 1.0, 2.0, 1.0, 0.0, 2.0], "lincomb_LLL": [1.0, 1.0, 2.0, 1.0, 0.0, 2.0], "lincomb_cube": [1.0, 1.4441814422607422, 2.6677284240722656, 1.0841102600097656, -0.24422287940979004, 2.4406967163085938], "lincomb_cube_shortest": [1.0, 1.0, 2.0, 1.0, 0.0, 2.0], "exact.norm": 396.8310546875, "LLL.norm": 396.8310546875, "shortest_cube.norm": 396.8310546875, "sv_LLL": [194.0, -54.0, 188.0, -77.0, 47.0, -271.0], "sv_exact": [194.0, -54.0, 188.0, -77.0, 47.0, -271.0], "sv_shortst_cube": [194.0, -54.0, 188.0, -77.0, 47.0, -271.0]}, {"B": [[354, 655, -130, -514, 277, -374], [-433, 622, 818, -787, -343, -633], [190, -742, 265, 674, 716, -630], [-788, -488, 649, -547, -974, -577], [876, 679, 125, 194, 580, -493], [16, -951, 40, -401, -477, -257]], "G": [[1052042, 694037, -365684, -455804, 983925, -452338], [694037, 2381204, -704260, 1698362, 105731, 76149], [-365684, -704260, 2020721, -318191, 552373, 269386], [-455804, 1698362, -318191, 2861103, -1327092, 1309674], [983925, 105731, 552373, -1327092, 1861127, -854466], [-452338, 76149, 269386, 1309674, -854466, 1360636]], "lincomb_exact": [-1.0, 1.0, 0.0, -1.0, 0.0, 1.0], "lincomb_LLL": [-1.0, 1.0, 0.0, -1.0, 0.0, 1.0], "lincomb_cube": [-0.6773977279663086, 1.0, 0.02104613184928894, -1.0725574493408203, -0.1780989170074463, 0.6352100372314453], "lincomb_cube_shortest": [-1.0, 1.0, 0.0, -1.0, 0.0, 1.0], "exact.norm": 629.4482421875, "LLL.norm": 629.4482421875, "shortest_cube.norm": 629.4482421875, "sv_LLL": [17.0, -496.0, 339.0, -127.0, -123.0, 61.0], "sv_exact": [17.0, -496.0, 339.0, -127.0, -123.0, 61.0], "sv_shortst_cube": [17.0, -496.0, 339.0, -127.0, -123.0, 61.0]}, {"B": [[-575, 230, 343, -769, 135, 55], [-539, -30, 496, -366, 71, 866], [150, -564, -866, -110, 45, -454], [891, 682, 121, 411, -392, -534], [216, 75, 574, -5, -642, -731], [574, -674, -434, -85, 645, 421]], "G": [[1113785, 811822, -447313, -712311, -33098, -458337], [811822, 1426390, -843175, -1081395, -510768, -62939], [-447313, -843175, 1310793, -176198, -203450, 689321], [-712311, -1081395, -176198, 1881387, 953023, -513337], [-33098, -510768, -203450, 953023, 1328307, -897098], [-458337, -62939, 689321, -513337, -897098, 1572599]], "lincomb_exact": [0.0, 1.0, 1.0, 1.0, 0.0, 0.0], "lincomb_LLL": [0.0, 1.0, 1.0, 1.0, 0.0, 0.0], "lincomb_cube": [-0.13343024253845215, 1.0, 0.7494516372680664, 0.5551700592041016, -0.0016850437968969345, -0.14711451530456543], "lincomb_cube_shortest": [0.0, 1.0, 1.0, 1.0, 0.0, 0.0], "exact.norm": 645.78125, "LLL.norm": 645.78125, "shortest_cube.norm": 645.78125, "sv_LLL": [502.0, 88.0, -249.0, -65.0, -276.0, -122.0], "sv_exact": [502.0, 88.0, -249.0, -65.0, -276.0, -122.0], "sv_shortst_cube": [502.0, 88.0, -249.0, -65.0, -276.0, -122.0]}, {"B": [[-74, 297, 793, -395, 550, 796], [-425, -778, -440, 831, 156, -154], [-476, -825, 906, -921, 239, -546], [750, 374, -54, 414, -124, 355], [-378, -366, 371, -687, -401, -680], [839, 395, 435, -988, -507, -999]], "G": [[1814675, -913565, 569286, 63606, -276992, -283610], [-913565, 1718122, -198473, -315942, -246575, -1601559], [569286, -198473, 2931515, -1319234, 1726172, 1003100], [63606, -315942, -1319234, 1018089, -916512, 52681], [-276992, -246575, 1726172, -916512, 1509651, 1261056], [-283610, -1601559, 1003100, 52681, 1261056, 3280365]], "lincomb_exact": [1.0, 1.0, -1.0, -1.0, 0.0, 1.0], "lincomb_LLL": [1.0, 1.0, -1.0, -1.0, 0.0, 1.0], "lincomb_cube": [1.0, 1.0599193572998047, -0.8146190643310547, -0.3369178771972656, 0.5397491455078125, 0.6509561538696289], "lincomb_cube_shortest": [1.0, 1.0, -1.0, -1.0, 0.0, 1.0], "exact.norm": 422.2724609375, "LLL.norm": 422.2724609375, "shortest_cube.norm": 422.2724609375, "sv_LLL": [66.0, 365.0, -64.0, -45.0, 84.0, -166.0], "sv_exact": [66.0, 365.0, -64.0, -45.0, 84.0, -166.0], "sv_shortst_cube": [66.0, 365.0, -64.0, -45.0, 84.0, -166.0]}, {"B": [[-988, -623, -699, 639, -124, 544], [518, 434, -974, -167, 789, -142], [-605, 839, -563, -155, -483, -377], [793, -72, 104, 427, -443, 402], [-844, 127, -537, -380, 338, -260], [-897, 741, -545, 904, 38, -139]], "G": [[2572507, -383137, 224339, -264851, 703942, 1302876], [-383137, 2075930, 297430, -199690, 508026, 286530], [224339, 297430, 1786358, -602495, 913170, 1365148], [-264851, -199690, -602495, 1185031, -1150798, -508057], [703942, 508026, 913170, -1150798, 1343078, 849304], [1302876, 286530, 1365148, -508057, 849304, 2488696]], "lincomb_exact": [0.0, 0.0, 0.0, 1.0, 1.0, 0.0], "lincomb_LLL": [0.0, 0.0, 0.0, 1.0, 1.0, 0.0], "lincomb_cube": [-0.3343477249145508, -0.2461714744567871, -0.3544425964355469, 1.0, 1.2567386627197266, 0.17307043075561523], "lincomb_cube_shortest": [0.0, 0.0, 0.0, 1.0, 1.0, 0.0], "exact.norm": 475.93359375, "LLL.norm": 475.93359375, "shortest_cube.norm": 475.93359375, "sv_LLL": [-51.0, 55.0, -433.0, 47.0, -105.0, 142.0], "sv_exact": [-51.0, 55.0, -433.0, 47.0, -105.0, 142.0], "sv_shortst_cube": [-51.0, 55.0, -433.0, 47.0, -105.0, 142.0]}, {"B": [[903, -136, 534, 941, -798, 646], [363, 913, -885, 370, -902, -39], [-51, -897, 781, 63, 199, 545], [750, -955, 262, -72, 142, -796], [293, 825, 947, 233, -407, 941], [-3, 76, -510, 791, -620, -975]], "G": [[3058662, 773803, 745544, 251754, 1810002, 323856], [773803, 2700588, -1706102, -955215, 438114, 1409584], [745544, -1706102, 1757766, 612909, 431170, -1071251], [251754, -955215, 612909, 2202133, -1143617, 422658], [1810002, 438114, 431170, -1143617, 2768702, -901981], [323856, 1409584, -1071251, 422658, -901981, 2226591]], "lincomb_exact": [-1.0, 1.0, 1.0, 1.0, 1.0, 0.0], "lincomb_LLL": [-1.0, 1.0, 1.0, 1.0, 1.0, 0.0], "lincomb_cube": [-0.8222274780273438, 1.0, 1.1740550994873047, 0.3816843032836914, 0.40003013610839844, 0.14098048210144043], "lincomb_cube_shortest": [-1.0, 1.0, 1.0, 1.0, 1.0, 0.0], "exact.norm": 824.7197265625, "LLL.norm": 824.7197265625, "shortest_cube.norm": 824.7197265625, "sv_LLL": [452.0, 22.0, 571.0, -347.0, -170.0, 5.0], "sv_exact": [452.0, 22.0, 571.0, -347.0, -170.0, 5.0], "sv_shortst_cube": [452.0, 22.0, 571.0, -347.0, -170.0, 5.0]}, {"B": [[-505, 232, -176, -678, 150, 567], [191, -108, -216, -450, -570, 541], [-338, -994, -693, -739, 97, 724], [479, 738, -801, 547, 403, 600], [-849, -698, 436, 362, -311, -122], [912, -517, 331, -844, -764, 569]], "G": [[1143498, 442852, 988150, 100081, -171187, 141495], [442852, 914882, 861426, 33541, -232583, 1281641], [988150, 861426, 2662235, -271123, 292613, 937823], [100081, 33541, -271123, 2237304, -1271550, -637989], [-171187, -232583, 292613, -1271550, 1640750, -406448], [141495, 1281641, 937823, -637989, -406448, 2828387]], "lincomb_exact": [0.0, -1.0, 0.0, 1.0, 1.0, 1.0], "lincomb_LLL": [0.0, -1.0, 0.0, 1.0, 1.0, 1.0], "lincomb_cube": [0.5217056274414062, -1.2839832305908203, -0.10900616645812988, 1.0, 0.9014263153076172, 0.9469661712646484], "lincomb_cube_shortest": [0.0, -1.0, 0.0, 1.0, 1.0, 1.0], "exact.norm": 907.8271484375, "LLL.norm": 907.8271484375, "shortest_cube.norm": 907.8271484375, "sv_LLL": [351.0, -369.0, 182.0, 515.0, -102.0, 506.0], "sv_exact": [351.0, -369.0, 182.0, 515.0, -102.0, 506.0], "sv_shortst_cube": [351.0, -369.0, 182.0, 515.0, -102.0, 506.0]}, {"B": [[303, -810, 381, 560, 570, 703], [-619, -839, -554, 732, 122, 697], [-491, -20, 23, 665, -933, -833], [-444, -675, 688, -12, -184, 821], [609, 603, 499, -906, 414, -359], [12, -941, 943, -491, -10, -745]], "G": [[2025779, 1250410, -868819, 1139909, -637541, 320734], [1250410, 2430515, 100320, 1001014, -2022241, -620248], [-868819, 100320, 2248613, -272873, -989307, 338017], [1139909, 1001014, -272873, 1834146, -694152, 674718], [-637541, -2022241, -989307, -694152, 2104604, 618603], [320734, -620248, 338017, 674718, 618603, 2571080]], "lincomb_exact": [0.0, 1.0, 0.0, 0.0, 1.0, 0.0], "lincomb_LLL": [0.0, 1.0, 0.0, 0.0, 1.0, 0.0], "lincomb_cube": [0.04139268398284912, 1.0, 0.6063251495361328, 0.10080826282501221, 1.3488750457763672, -0.19463086128234863], "lincomb_cube_shortest": [0.0, 1.0, 0.0, 0.0, 1.0, 0.0], "exact.norm": 700.455078125, "LLL.norm": 700.455078125, "shortest_cube.norm": 700.455078125, "sv_LLL": [-10.0, -236.0, -55.0, -174.0, 536.0, 338.0], "sv_exact": [-10.0, -236.0, -55.0, -174.0, 536.0, 338.0], "sv_shortst_cube": [-10.0, -236.0, -55.0, -174.0, 536.0, 338.0]}, {"B": [[-638, 211, -480, 1000, 155, -406], [-258, -485, -999, 9, 622, -994], [-268, 59, -855, -7, -2, -563], [-876, 356, -753, -553, -281, -209], [517, 45, 428, 180, -146, -222], [-658, 192, -275, -90, -147, -297]], "G": [[1870826, 1050763, 815101, 483743, -278289, 600113], [1050763, 2674791, 1452989, 833582, -451307, 554343], [815101, 1452989, 1123352, 1021687, -377823, 590932], [483743, 833582, 1021687, 1889572, -771272, 1004985], [-278289, -451307, -377823, -771272, 555498, -378050], [600113, 554343, 590932, 1004985, -378050, 663371]], "lincomb_exact": [1.0, 1.0, -3.0, 3.0, 1.0, -3.0], "lincomb_LLL": [1.0, 1.0, -3.0, 3.0, 1.0, -3.0], "lincomb_cube": [1.0, 0.8959865570068359, -2.403881072998047, 2.8309555053710938, 1.5320091247558594, -2.9277114868164062], "lincomb_cube_shortest": [1.0, 1.0, -3.0, 3.0, 1.0, -3.0], "exact.norm": 512.8974609375, "LLL.norm": 512.8974609375, "shortest_cube.norm": 512.8974609375, "sv_LLL": [-229.0, 86.0, 80.0, -179.0, 235.0, 331.0], "sv_exact": [-229.0, 86.0, 80.0, -179.0, 235.0, 331.0], "sv_shortst_cube": [-229.0, 86.0, 80.0, -179.0, 235.0, 331.0]}, {"B": [[566, -167, -545, -354, -16, -637], [503, 488, 4, -895, -256, -178], [391, 447, 817, 104, -344, -967], [-868, 112, -329, 403, -550, -800], [-604, -589, 360, -89, -193, -733], [755, 143, 87, 764, 206, 99]], "G": [[1176611, 635334, 286059, 45051, 61814, 19219], [635334, 1389414, 585187, -460749, -330267, -304241], [286059, 585187, 2084420, 446595, 560620, 343064], [45051, -460749, 446595, 1979118, 996547, -552555], [61814, -330267, 560620, 996547, 1423796, -689248], [19219, -304241, 343064, -552555, -689248, 1233976]], "lincomb_exact": [-1.0, 3.0, -2.0, 1.0, 2.0, 3.0], "lincomb_LLL": [-1.0, 3.0, -2.0, 1.0, 2.0, 3.0], "lincomb_cube": [-1.4212074279785156, 3.171802520751953, -2.1124420166015625, 1.0, 2.4940147399902344, 3.2322845458984375], "lincomb_cube_shortest": [-1.0, 3.0, -2.0, 1.0, 2.0, 3.0], "exact.norm": 681.291015625, "LLL.norm": 681.291015625, "shortest_cube.norm": 681.291015625, "sv_LLL": [350.0, 100.0, -425.0, -22.0, -382.0, 68.0], "sv_exact": [350.0, 100.0, -425.0, -22.0, -382.0, 68.0], "sv_shortst_cube": [350.0, 100.0, -425.0, -22.0, -382.0, 68.0]}, {"B": [[681, -755, -68, 69, 776, 960], [-993, -929, 984, 519, -425, -867], [94, -548, 3, 837, -923, 608], [-427, -219, -736, -159, -687, 307], [-795, 794, -135, 539, -860, 189], [577, -137, 31, 915, 243, -225]], "G": [[2566947, -1168059, 402735, -324757, -1580414, 529967], [-1168059, 4019021, 718244, -153477, 400347, 151501], [402735, 718244, 2231311, 765340, 849588, 534173], [-324757, -153477, 765340, 1363485, 828081, -620693], [-1580414, 400347, 849588, 828081, 2346528, -329998], [529967, 151501, 534173, -620693, -329998, 1299558]], "lincomb_exact": [0.0, 0.0, 1.0, -1.0, 0.0, -1.0], "lincomb_LLL": [0.0, 0.0, 1.0, -1.0, 0.0, -1.0], "lincomb_cube": [-0.6052713394165039, -0.3012251853942871, 1.0, -0.6635351181030273, -0.5671443939208984, -0.5900249481201172], "lincomb_cube_shortest": [0.0, 0.0, 1.0, -1.0, 0.0, -1.0], "exact.norm": 1026.6171875, "LLL.norm": 1026.6171875, "shortest_cube.norm": 1026.6171875, "sv_LLL": [-56.0, -192.0, 708.0, 81.0, -479.0, 526.0], "sv_exact": [-56.0, -192.0, 708.0, 81.0, -479.0, 526.0], "sv_shortst_cube": [-56.0, -192.0, 708.0, 81.0, -479.0, 526.0]}, {"B": [[801, 85, 220, 409, 974, -204], [546, 508, -321, -926, 307, 323], [117, -100, 383, -320, 226, -939], [-564, 420, 88, 330, -568, 149], [-149, 373, 388, -548, 257, 65], [-451, 234, -398, 833, 872, 832]], "G": [[1854799, 264298, 450277, -845362, 10642, 591376], [264298, 1715275, -47456, -554661, 590924, -234534], [450277, -47456, 1205575, -448163, 266278, -1079337], [-845362, -554661, -448163, 955965, -42291, 221182], [10642, 590924, 266278, -42291, 682452, -178243], [591376, -234534, -1079337, 221182, -178243, 2563058]], "lincomb_exact": [0.0, 0.0, 0.0, 0.0, 1.0, 0.0], "lincomb_LLL": [0.0, 0.0, 0.0, 0.0, 1.0, 0.0], "lincomb_cube": [0.13123250007629395, -0.5563783645629883, -0.6848831176757812, -0.4226193428039551, 1.0, -0.26359081268310547], "lincomb_cube_shortest": [0.0, 0.0, 0.0, 0.0, 1.0, 0.0], "exact.norm": 826.10546875, "LLL.norm": 826.10546875, "shortest_cube.norm": 826.10546875, "sv_LLL": [-149.0, 373.0, 388.0, -548.0, 257.0, 65.0], "sv_exact": [-149.0, 373.0, 388.0, -548.0, 257.0, 65.0], "sv_shortst_cube": [-149.0, 373.0, 388.0, -548.0, 257.0, 65.0]}, {"B": [[757, -573, -544, 595, -775, 848], [322, -457, 716, 537, 863, -83], [84, -38, 992, -140, -186, -803], [774, -65, -137, -772, -403, -60], [113, -366, 748, 383, 786, -12], [845, -781, -850, 711, -666, 305]], "G": [[2871068, -303583, -1074380, 499796, -503094, 2747413], [-303583, 1865216, 585637, -576532, 1624201, -197859], [-1074380, 585637, 1691569, 162800, 575236, -963121], [499796, -576532, 162800, 1384063, -602938, 522451], [-503094, 1624201, 575236, -602938, 1470858, -509292], [2747413, -197859, -963121, 522451, -509292, 3088588]], "lincomb_exact": [0.0, -1.0, 0.0, 0.0, 1.0, 0.0], "lincomb_LLL": [0.0, -1.0, 0.0, 0.0, 1.0, 0.0], "lincomb_cube": [-0.1479785442352295, -0.8509130477905273, -0.013637185096740723, 0.0496404767036438, 1.0, 0.22936701774597168], "lincomb_cube_shortest": [0.0, -1.0, 0.0, 0.0, 1.0, 0.0], "exact.norm": 296.0947265625, "LLL.norm": 296.0947265625, "shortest_cube.norm": 296.0947265625, "sv_LLL": [-209.0, 91.0, 32.0, -154.0, -77.0, 71.0], "sv_exact": [-209.0, 91.0, 32.0, -154.0, -77.0, 71.0], "sv_shortst_cube": [-209.0, 91.0, 32.0, -154.0, -77.0, 71.0]}, {"B": [[644, 776, -420, -831, -881, -469], [219, -754, 77, -854, -323, -749], [521, 973, 943, -307, 951, 680], [-991, -117, 608, 422, 246, -470], [120, -994, 503, 74, 258, 679], [33, -349, -170, -500, -257, -125]], "G": [[2879995, 869110, -207122, -1331334, -1512567, 522370], [869110, 2017052, -1101247, -169811, 159386, 860919], [-207122, -1101247, 3568469, -272016, 254047, -658601], [-1331334, -169811, -272016, 1824934, 78768, -310702], [-1512567, 159386, 254047, 78768, 1788526, 77175], [522370, 860919, -658601, -310702, 77175, 483464]], "lincomb_exact": [0.0, 0.0, 0.0, 0.0, 0.0, 1.0], "lincomb_LLL": [0.0, 0.0, 0.0, 0.0, 0.0, 1.0], "lincomb_cube": [-0.10715186595916748, -0.3105888366699219, 0.0976254940032959, 0.08307063579559326, -0.12361609935760498, 1.0], "lincomb_cube_shortest": [0.0, 0.0, 0.0, 0.0, 0.0, 1.0], "exact.norm": 695.3154296875, "LLL.norm": 695.3154296875, "shortest_cube.norm": 695.3154296875, "sv_LLL": [33.0, -349.0, -170.0, -500.0, -257.0, -125.0], "sv_exact": [33.0, -349.0, -170.0, -500.0, -257.0, -125.0], "sv_shortst_cube": [33.0, -349.0, -170.0, -500.0, -257.0, -125.0]}, {"B": [[-482, 870, 237, 268, -47, -47], [587, -14, -218, 104, 771, 432], [376, -72, 418, -714, -436, -941], [558, 19, -166, -674, -488, 543], [-895, 517, -581, -345, 857, 695], [-793, -336, 188, 401, 591, 145]], "G": [[1121635, -375449, -271439, -474985, 578079, 207338], [-375449, 1184170, -686328, 151700, 519162, 58234], [-271439, -686328, 1906657, 322093, -1397919, -875827], [-474985, 151700, 322093, 1326550, -201442, -960033], [578079, 519162, -1397919, -201442, 2742374, 895712], [207338, 58234, -875827, -960033, 895712, 1308196]], "lincomb_exact": [0.0, 0.0, 0.0, 1.0, 0.0, 1.0], "lincomb_LLL": [0.0, 0.0, 0.0, 1.0, 0.0, 1.0], "lincomb_cube": [0.5370960235595703, 0.26586294174194336, 0.25216150283813477, 1.0, -0.2894477844238281, 1.0039024353027344], "lincomb_cube_shortest": [0.0, 0.0, 0.0, 1.0, 0.0, 1.0], "exact.norm": 845.3876953125, "LLL.norm": 845.3876953125, "shortest_cube.norm": 845.3876953125, "sv_LLL": [-235.0, -317.0, 22.0, -273.0, 103.0, 688.0], "sv_exact": [-235.0, -317.0, 22.0, -273.0, 103.0, 688.0], "sv_shortst_cube": [-235.0, -317.0, 22.0, -273.0, 103.0, 688.0]}, {"B": [[-956, 288, -495, 392, 959, 443], [193, -756, 627, -913, 129, 193], [-751, 558, -155, -467, 954, 364], [-602, -338, 15, 132, 454, -458], [-731, 214, -57, -797, -918, 412], [-207, -667, -446, 816, 443, -339]], "G": [[2511499, -861287, 1848459, 754979, -221587, 821098], [-861287, 1889373, -44287, -1597, 350149, -568629], [1848459, -44287, 2160091, 465933, 323623, -229445], [754979, -1597, 465933, 910177, -343797, 807466], [-221587, 350149, 323623, -343797, 2231083, -1162693], [821098, -568629, -229445, 807466, -1162693, 1663680]], "lincomb_exact": [-1.0, 0.0, 1.0, -1.0, 0.0, 1.0], "lincomb_LLL": [-1.0, 0.0, 1.0, -1.0, 0.0, 1.0], "lincomb_cube": [-0.9287338256835938, -0.1653745174407959, 1.0, -0.4651346206665039, 0.1823267936706543, 0.8929367065429688], "lincomb_cube_shortest": [-1.0, 0.0, 1.0, -1.0, 0.0, 1.0], "exact.norm": 640.783203125, "LLL.norm": 640.783203125, "shortest_cube.norm": 640.783203125, "sv_LLL": [600.0, -59.0, -121.0, -175.0, -16.0, 40.0], "sv_exact": [600.0, -59.0, -121.0, -175.0, -16.0, 40.0], "sv_shortst_cube": [600.0, -59.0, -121.0, -175.0, -16.0, 40.0]}, {"B": [[457, -37, 397, -296, 79, -127], [-236, -977, -492, -266, 676, 94], [-411, -655, 703, -400, 748, -891], [-525, -971, -250, -721, 659, -38], [-731, 8, -699, -709, 958, -482], [-304, -78, -14, 148, 783, -526]], "G": [[477813, -146825, 406148, -32945, -265106, -56749], [-146825, 1788857, 919349, 1829265, 1299502, 595334], [406148, 919349, 2605540, 1491220, 1233450, 1161342], [-32945, 1829265, 1491220, 2236532, 1711584, 668115], [-265106, 1299502, 1233450, 1711584, 2675795, 1130100], [-56749, 595334, 1161342, 668115, 1130100, 1010365]], "lincomb_exact": [0.0, -1.0, 0.0, 1.0, 0.0, 0.0], "lincomb_LLL": [0.0, -1.0, 0.0, 1.0, 0.0, 0.0], "lincomb_cube": [0.17442750930786133, -0.7480707168579102, -0.5133838653564453, 1.0, -0.3462100028991699, 0.7666549682617188], "lincomb_cube_shortest": [0.0, -1.0, 0.0, 1.0, 0.0, 0.0], "exact.norm": 605.6884765625, "LLL.norm": 605.6884765625, "shortest_cube.norm": 605.6884765625, "sv_LLL": [-289.0, 6.0, 242.0, -455.0, -17.0, -132.0], "sv_exact": [-289.0, 6.0, 242.0, -455.0, -17.0, -132.0], "sv_shortst_cube": [-289.0, 6.0, 242.0, -455.0, -17.0, -132.0]}, {"B": [[-577, 824, 457, -175, 111, 504], [143, 994, -989, 248, 225, -831], [723, 407, 84, -932, -541, 466], [152, -627, 471, 213, -962, 499], [463, 982, 162, 793, -24, -533], [399, 964, 55, 975, -755, 878]], "G": [[1517716, -152677, 294498, -281666, 205980, 777330], [-152677, 2789296, -315236, -1645616, 1516286, 303185], [294498, -315236, 2073895, 448731, -226439, 594348], [-281666, -1645616, 448731, 1857888, -543006, 854232], [205980, 1516286, -226439, -543006, 2118451, 1463616], [777330, 303185, 594348, 854232, 1463616, 3383056]], "lincomb_exact": [0.0, 1.0, 0.0, 1.0, 0.0, 0.0], "lincomb_LLL": [0.0, 1.0, 0.0, 1.0, 0.0, 0.0], "lincomb_cube": [0.5382728576660156, 1.0, -0.08074343204498291, 1.0833320617675781, -0.2460179328918457, -0.3662228584289551], "lincomb_cube_shortest": [0.0, 1.0, 0.0, 1.0, 0.0, 0.0], "exact.norm": 1164.453125, "LLL.norm": 1164.453125, "shortest_cube.norm": 1164.453125, "sv_LLL": [295.0, 367.0, -518.0, 461.0, -737.0, -332.0], "sv_exact": [295.0, 367.0, -518.0, 461.0, -737.0, -332.0], "sv_shortst_cube": [295.0, 367.0, -518.0, 461.0, -737.0, -332.0]}, {"B": [[536, 228, 981, 835, 380, -102], [798, 919, 281, -448, 891, 115], [-36, 374, -18, 843, -279, 17], [-762, 606, 666, -342, -493, -488], [925, 189, -188, -836, -56, 870], [-820, 466, 699, 592, 92, 149]], "G": [[2153670, 865691, 644469, -40052, -453616, 866529], [865691, 2568136, -314378, -206183, 1283695, -195796], [644469, -314378, 930275, 83033, -633564, 667143], [-40052, -206183, 83033, 1989593, -826564, 1052238