[{"B": [[77, -186, 22], [-543, 584, 50], [542, -593, -252]], "G": [[41009, -149335, 146488], [-149335, 638405, -653218], [146488, -653218, 708917]], "lincomb_exact": [0.0, 1.0, 1.0], "lincomb_LLL": [0.0, 1.0, 1.0], "lincomb_cube": [1.3368186950683594, 1.0, 0.6451959609985352], "lincomb_cube_shortest": [1.0, 1.0, 1.0], "exact.norm": 202.202880859375, "LLL.norm": 202.202880859375, "shortest_cube.norm": 276.04541015625, "sv_LLL": [-1.0, -9.0, -202.0], "sv_exact": [-1.0, -9.0, -202.0], "sv_shortst_cube": [76.0, -195.0, -180.0]}, {"B": [[425, 744, 953], [-310, -367, -802], [74, -564, 193]], "G": [[1642370, -1169104, -204237], [-1169104, 873993, 29262], [-204237, 29262, 360821]], "lincomb_exact": [3.0, 4.0, 1.0], "lincomb_LLL": [3.0, 4.0, 1.0], "lincomb_cube": [2.1028900146484375, 2.779468536376953, 1.0], "lincomb_cube_shortest": [2.0, 3.0, 1.0], "exact.norm": 276.07421875, "LLL.norm": 276.07421875, "shortest_cube.norm": 354.42041015625, "sv_LLL": [109.0, 200.0, -156.0], "sv_exact": [109.0, 200.0, -156.0], "sv_shortst_cube": [-6.0, -177.0, -307.0]}, {"B": [[-383, 48, 494], [-797, -738, 927], [-320, 595, 256]], "G": [[393029, 727765, 277584], [727765, 2039182, 53242], [277584, 53242, 521961]], "lincomb_exact": [-3.0, 1.0, 1.0], "lincomb_LLL": [-3.0, 1.0, 1.0], "lincomb_cube": [-1.9399051666259766, 0.666224479675293, 1.0], "lincomb_cube_shortest": [-2.0, 1.0, 1.0], "exact.norm": 415.68505859375, "LLL.norm": 415.68505859375, "shortest_cube.norm": 467.2763671875, "sv_LLL": [32.0, -287.0, -299.0], "sv_exact": [32.0, -287.0, -299.0], "sv_shortst_cube": [-351.0, -239.0, 195.0]}, {"B": [[-529, -379, -716], [258, 846, 862], [-695, -454, -911]], "G": [[936138, -1074308, 1191997], [-1074308, 1525324, -1348676], [1191997, -1348676, 1519062]], "lincomb_exact": [19.0, 1.0, -14.0], "lincomb_LLL": [19.0, 1.0, -14.0], "lincomb_cube": [20.356903076171875, 1.0, -15.086074829101562], "lincomb_cube_shortest": [20.0, 1.0, -15.0], "exact.norm": 64.1405029296875, "LLL.norm": 64.1405029296875, "shortest_cube.norm": 243.38037109375, "sv_LLL": [-63.0, 1.0, 12.0], "sv_exact": [-63.0, 1.0, 12.0], "sv_shortst_cube": [103.0, 76.0, 207.0]}, {"B": [[691, 573, -348], [191, -847, 749], [920, 928, -693]], "G": [[926914, -614002, 1408628], [-614002, 1314891, -1129353], [1408628, -1129353, 2187833]], "lincomb_exact": [-7.0, 1.0, 5.0], "lincomb_LLL": [-7.0, 1.0, 5.0], "lincomb_cube": [-5.663688659667969, 1.0, 4.162742614746094], "lincomb_cube_shortest": [-5.0, 1.0, 4.0], "exact.norm": 357.82666015625, "LLL.norm": 357.82666015625, "shortest_cube.norm": 503.13525390625, "sv_LLL": [-46.0, -218.0, -280.0], "sv_exact": [-46.0, -218.0, -280.0], "sv_shortst_cube": [416.0, 0.0, -283.0]}, {"B": [[-356, -912, 221], [227, 548, -84], [195, 157, 122]], "G": [[1007321, -599152, -185642], [-599152, 358889, 120053], [-185642, 120053, 77558]], "lincomb_exact": [-1.0, -2.0, 1.0], "lincomb_LLL": [-1.0, -2.0, 1.0], "lincomb_cube": [-2.0941505432128906, -3.8306198120117188, 1.0], "lincomb_cube_shortest": [-2.0, -4.0, 1.0], "exact.norm": 122.0614013671875, "LLL.norm": 122.0614013671875, "shortest_cube.norm": 211.608154296875, "sv_LLL": [97.0, -27.0, 69.0], "sv_exact": [97.0, -27.0, 69.0], "sv_shortst_cube": [-1.0, -211.0, 16.0]}, {"B": [[25, 980, 869], [13, 211, 115], [-277, -79, 996]], "G": [[1716186, 307040, 781179], [307040, 57915, 94270], [781179, 94270, 1074986]], "lincomb_exact": [-3.0, 14.0, 1.0], "lincomb_LLL": [-3.0, 14.0, 1.0], "lincomb_cube": [-3.1834754943847656, 15.249664306640625, 1.0], "lincomb_cube_shortest": [-3.0, 15.0, 1.0], "exact.norm": 182.005615234375, "LLL.norm": 182.005615234375, "shortest_cube.norm": 242.81884765625, "sv_LLL": [-170.0, -65.0, -1.0], "sv_exact": [-170.0, -65.0, -1.0], "sv_shortst_cube": [-157.0, 146.0, 114.0]}, {"B": [[385, 517, 984], [-218, 222, 275], [770, -636, -441]], "G": [[1383770, 301444, -466306], [301444, 172433, -430327], [-466306, -430327, 1191877]], "lincomb_exact": [0.0, 2.0, 1.0], "lincomb_LLL": [0.0, 2.0, 1.0], "lincomb_cube": [-0.3337841033935547, 3.079132080078125, 1.0], "lincomb_cube_shortest": [0.0, 3.0, 1.0], "exact.norm": 400.3759765625, "LLL.norm": 400.3759765625, "shortest_cube.norm": 402.2587890625, "sv_LLL": [334.0, -192.0, 109.0], "sv_exact": [334.0, -192.0, 109.0], "sv_shortst_cube": [116.0, 30.0, 384.0]}, {"B": [[595, 436, 532], [311, -14, -342], [919, 836, 477]], "G": [[827145, -3003, 1165065], [-3003, 213881, 110971], [1165065, 110971, 1770986]], "lincomb_exact": [0.0, 1.0, 0.0], "lincomb_LLL": [0.0, 1.0, 0.0], "lincomb_cube": [1.2523212432861328, 1.0, -0.8865156173706055], "lincomb_cube_shortest": [1.0, 1.0, -1.0], "exact.norm": 462.47265625, "LLL.norm": 462.47265625, "shortest_cube.norm": 503.91845703125, "sv_LLL": [311.0, -14.0, -342.0], "sv_exact": [311.0, -14.0, -342.0], "sv_shortst_cube": [-13.0, -414.0, -287.0]}, {"B": [[-176, 376, 521], [-962, 171, -279], [-732, 642, 855]], "G": [[443793, 88249, 815679], [88249, 1032526, 575421], [815679, 575421, 1679013]], "lincomb_exact": [3.0, 1.0, -2.0], "lincomb_LLL": [3.0, 1.0, -2.0], "lincomb_cube": [4.024810791015625, 1.0, -2.2980003356933594], "lincomb_cube_shortest": [5.0, 1.0, -3.0], "exact.norm": 427.05615234375, "LLL.norm": 427.05615234375, "shortest_cube.norm": 445.04150390625, "sv_LLL": [-26.0, 15.0, -426.0], "sv_exact": [-26.0, 15.0, -426.0], "sv_shortst_cube": [354.0, 125.0, -239.0]}, {"B": [[413, 40, 457], [-818, 490, -791], [-521, -155, -624]], "G": [[381018, -679721, -506541], [-679721, 1534905, 843812], [-506541, 843812, 684842]], "lincomb_exact": [7.0, 1.0, 4.0], "lincomb_LLL": [7.0, 1.0, 4.0], "lincomb_cube": [8.74639892578125, 1.0, 5.23712158203125], "lincomb_cube_shortest": [8.0, 1.0, 5.0], "exact.norm": 174.255615234375, "LLL.norm": 174.255615234375, "shortest_cube.norm": 283.568359375, "sv_LLL": [-11.0, 150.0, -88.0], "sv_exact": [-11.0, 150.0, -88.0], "sv_shortst_cube": [-119.0, 35.0, -255.0]}, {"B": [[-378, -644, 276], [-412, -990, 735], [365, -233, 312]], "G": [[633796, 996156, 98194], [996156, 1690069, 309610], [98194, 309610, 284858]], "lincomb_exact": [3.0, -2.0, 1.0], "lincomb_LLL": [3.0, -2.0, 1.0], "lincomb_cube": [1.8071956634521484, -1.2483863830566406, 1.0], "lincomb_cube_shortest": [1.0, -1.0, 1.0], "exact.norm": 382.29541015625, "LLL.norm": 382.29541015625, "shortest_cube.norm": 439.97607421875, "sv_LLL": [55.0, -185.0, -330.0], "sv_exact": [55.0, -185.0, -330.0], "sv_shortst_cube": [399.0, 113.0, -147.0]}, {"B": [[-344, -426, -681], [-921, -722, -919], [-197, 54, -487]], "G": [[763573, 1250235, 376411], [1250235, 2214086, 590002], [376411, 590002, 278894]], "lincomb_exact": [-2.0, 1.0, 1.0], "lincomb_LLL": [-2.0, 1.0, 1.0], "lincomb_cube": [-0.7509298324584961, 0.15755367279052734, 1.0], "lincomb_cube_shortest": [0.0, 0.0, 1.0], "exact.norm": 469.77880859375, "LLL.norm": 469.77880859375, "shortest_cube.norm": 528.1044921875, "sv_LLL": [-430.0, 184.0, -44.0], "sv_exact": [-430.0, 184.0, -44.0], "sv_shortst_cube": [-197.0, 54.0, -487.0]}, {"B": [[-568, 374, -575], [-801, -937, 290], [-979, 358, -820]], "G": [[793125, -62220, 1161464], [-62220, 1603670, 210933], [1161464, 210933, 1759005]], "lincomb_exact": [9.0, 1.0, -6.0], "lincomb_LLL": [9.0, 1.0, -6.0], "lincomb_cube": [7.6863861083984375, 1.0, -5.1952056884765625], "lincomb_cube_shortest": [7.0, 1.0, -5.0], "exact.norm": 285.84423828125, "LLL.norm": 285.84423828125, "shortest_cube.norm": 398.78515625, "sv_LLL": [-39.0, 281.0, 35.0], "sv_exact": [-39.0, 281.0, 35.0], "sv_shortst_cube": [118.0, -109.0, 365.0]}, {"B": [[-361, 79, -170], [225, 447, 228], [994, 902, 308]], "G": [[165462, -84672, -339936], [-84672, 302418, 697068], [-339936, 697068, 1896504]], "lincomb_exact": [1.0, -2.0, 1.0], "lincomb_LLL": [1.0, -2.0, 1.0], "lincomb_cube": [1.0, -0.8715620040893555, 0.4995899200439453], "lincomb_cube_shortest": [1.0, 0.0, 0.0], "exact.norm": 377.0703125, "LLL.norm": 377.0703125, "shortest_cube.norm": 406.77001953125, "sv_LLL": [183.0, 87.0, -318.0], "sv_exact": [183.0, 87.0, -318.0], "sv_shortst_cube": [-361.0, 79.0, -170.0]}, {"B": [[702, 869, -583], [-385, -573, 529], [119, 164, 178]], "G": [[1587854, -1076614, 122280], [-1076614, 756395, -45625], [122280, -45625, 72741]], "lincomb_exact": [0.0, 0.0, 1.0], "lincomb_LLL": [0.0, 0.0, 1.0], "lincomb_cube": [-1.033956527709961, -1.4113616943359375, 1.0], "lincomb_cube_shortest": [-1.0, -1.0, 1.0], "exact.norm": 269.70556640625, "LLL.norm": 269.70556640625, "shortest_cube.norm": 332.34326171875, "sv_LLL": [119.0, 164.0, 178.0], "sv_exact": [119.0, 164.0, 178.0], "sv_shortst_cube": [-198.0, -132.0, 232.0]}, {"B": [[-314, -27, 369], [644, 719, -665], [696, 974, -341]], "G": [[235486, -467014, -370671], [-467014, 1373922, 1375295], [-370671, 1375295, 1549373]], "lincomb_exact": [0.0, -1.0, 1.0], "lincomb_LLL": [0.0, -1.0, 1.0], "lincomb_cube": [-1.2614974975585938, -1.4297981262207031, 1.0], "lincomb_cube_shortest": [-1.0, -1.0, 1.0], "exact.norm": 415.578125, "LLL.norm": 415.578125, "shortest_cube.norm": 464.22509765625, "sv_LLL": [52.0, 255.0, 324.0], "sv_exact": [52.0, 255.0, 324.0], "sv_shortst_cube": [366.0, 282.0, -45.0]}, {"B": [[386, -208, -875], [-361, 148, 770], [-358, 51, 642]], "G": [[957885, -843880, -710546], [-843880, 745125, 631126], [-710546, 631126, 542929]], "lincomb_exact": [-1.0, -2.0, 1.0], "lincomb_LLL": [-1.0, -2.0, 1.0], "lincomb_cube": [-1.9551773071289062, -3.0613136291503906, 1.0], "lincomb_cube_shortest": [-2.0, -3.0, 1.0], "exact.norm": 48.80572509765625, "LLL.norm": 48.80572509765625, "shortest_cube.norm": 97.2728271484375, "sv_LLL": [-22.0, -37.0, -23.0], "sv_exact": [-22.0, -37.0, -23.0], "sv_shortst_cube": [-47.0, 23.0, 82.0]}, {"B": [[296, -900, -952], [817, -30, -287], [487, -43, -191]], "G": [[1803920, 542056, 364684], [542056, 750758, 453986], [364684, 453986, 275499]], "lincomb_exact": [1.0, 21.0, -36.0], "lincomb_LLL": [1.0, 21.0, -36.0], "lincomb_cube": [1.0, 22.233154296875, -37.9610595703125], "lincomb_cube_shortest": [1.0, 22.0, -38.0], "exact.norm": 131.049560546875, "LLL.norm": 131.049560546875, "shortest_cube.norm": 247.458984375, "sv_LLL": [-79.0, 18.0, -103.0], "sv_exact": [-79.0, 18.0, -103.0], "sv_shortst_cube": [-236.0, 74.0, -8.0]}, {"B": [[433, 531, -794], [-113, -32, 562], [-526, -570, -79]], "G": [[1099886, -512149, -467702], [-512149, 329637, 33280], [-467702, 33280, 607817]], "lincomb_exact": [1.0, 1.0, 1.0], "lincomb_LLL": [1.0, 1.0, 1.0], "lincomb_cube": [1.3676300048828125, 2.023895263671875, 1.0], "lincomb_cube_shortest": [2.0, 3.0, 1.0], "exact.norm": 379.73388671875, "LLL.norm": 379.73388671875, "shortest_cube.norm": 396.45703125, "sv_LLL": [-206.0, -71.0, -311.0], "sv_exact": [-206.0, -71.0, -311.0], "sv_shortst_cube": [1.0, 396.0, 19.0]}, {"B": [[-463, 756, -256], [802, -977, 291], [-307, 740, -357]], "G": [[851441, -1184434, 792973], [-1184434, 1682414, -1073081], [792973, -1073081, 769298]], "lincomb_exact": [-1.0, 0.0, 1.0], "lincomb_LLL": [-1.0, 0.0, 1.0], "lincomb_cube": [-2.132823944091797, -0.863703727722168, 1.0], "lincomb_cube_shortest": [-2.0, -1.0, 1.0], "exact.norm": 186.52880859375, "LLL.norm": 186.52880859375, "shortest_cube.norm": 306.6103515625, "sv_LLL": [156.0, -16.0, -101.0], "sv_exact": [156.0, -16.0, -101.0], "sv_shortst_cube": [-183.0, 205.0, -136.0]}, {"B": [[0, 245, 270], [430, -405, 631], [-581, 427, -837]], "G": [[132925, 71145, -121375], [71145, 747086, -950912], [-121375, -950912, 1220459]], "lincomb_exact": [1.0, 5.0, 4.0], "lincomb_LLL": [1.0, 5.0, 4.0], "lincomb_cube": [1.0, 3.7843017578125, 3.047962188720703], "lincomb_cube_shortest": [1.0, 4.0, 3.0], "exact.norm": 203.44287109375, "LLL.norm": 203.44287109375, "shortest_cube.norm": 299.08837890625, "sv_LLL": [-174.0, -72.0, 77.0], "sv_exact": [-174.0, -72.0, 77.0], "sv_shortst_cube": [-23.0, -94.0, 283.0]}, {"B": [[-567, -520, -426], [695, 764, 669], [455, -378, -675]], "G": [[773365, -1076339, 226125], [-1076339, 1514282, -424142], [226125, -424142, 805534]], "lincomb_exact": [8.0, 6.0, 1.0], "lincomb_LLL": [8.0, 6.0, 1.0], "lincomb_cube": [9.065155029296875, 6.7235260009765625, 1.0], "lincomb_cube_shortest": [9.0, 7.0, 1.0], "exact.norm": 121.64697265625, "LLL.norm": 121.64697265625, "shortest_cube.norm": 401.8271484375, "sv_LLL": [89.0, 46.0, -69.0], "sv_exact": [89.0, 46.0, -69.0], "sv_shortst_cube": [217.0, 290.0, 174.0]}, {"B": [[-574, 144, -965], [-401, -181, -527], [17, 273, 331]], "G": [[1281437, 712665, -289861], [712665, 471291, -230667], [-289861, -230667, 184379]], "lincomb_exact": [-1.0, 2.0, 1.0], "lincomb_LLL": [-1.0, 2.0, 1.0], "lincomb_cube": [-0.28925323486328125, 0.9268321990966797, 1.0], "lincomb_cube_shortest": [0.0, 0.0, 1.0], "exact.norm": 396.7041015625, "LLL.norm": 396.7041015625, "shortest_cube.norm": 429.3935546875, "sv_LLL": [-211.0, -233.0, 242.0], "sv_exact": [-211.0, -233.0, 242.0], "sv_shortst_cube": [17.0, 273.0, 331.0]}, {"B": [[-438, -104, 533], [-19, 120, 374], [803, 721, -942]], "G": [[486749, 195184, -928784], [195184, 154637, -281045], [-928784, -281045, 2052014]], "lincomb_exact": [0.0, 1.0, 0.0], "lincomb_LLL": [0.0, 1.0, 0.0], "lincomb_cube": [-1.0243377685546875, 1.0, -0.3266758918762207], "lincomb_cube_shortest": [-2.0, 1.0, -1.0], "exact.norm": 393.2392578125, "LLL.norm": 393.2392578125, "shortest_cube.norm": 468.8974609375, "sv_LLL": [-19.0, 120.0, 374.0], "sv_exact": [-19.0, 120.0, 374.0], "sv_shortst_cube": [54.0, -393.0, 250.0]}, {"B": [[107, -677, -384], [-123, 294, 533], [313, 841, -583]], "G": [[617234, -416871, -311994], [-416871, 385654, -101984], [-311994, -101984, 1145139]], "lincomb_exact": [2.0, 2.0, 1.0], "lincomb_LLL": [2.0, 2.0, 1.0], "lincomb_cube": [2.5341224670410156, 3.003692626953125, 1.0], "lincomb_cube_shortest": [3.0, 4.0, 1.0], "exact.norm": 407.19873046875, "LLL.norm": 407.19873046875, "shortest_cube.norm": 421.86376953125, "sv_LLL": [281.0, 75.0, -285.0], "sv_exact": [281.0, 75.0, -285.0], "sv_shortst_cube": [142.0, -14.0, 397.0]}, {"B": [[772, 910, 554], [576, -773, 124], [636, 678, 438]], "G": [[1731000, -190062, 1350624], [-190062, 944681, -103446], [1350624, -103446, 1056024]], "lincomb_exact": [15.0, 1.0, -19.0], "lincomb_LLL": [15.0, 1.0, -19.0], "lincomb_cube": [16.083251953125, 1.0, -20.4720458984375], "lincomb_cube_shortest": [16.0, 1.0, -20.0], "exact.norm": 133.240478515625, "LLL.norm": 133.240478515625, "shortest_cube.norm": 383.11474609375, "sv_LLL": [72.0, -5.0, 112.0], "sv_exact": [72.0, -5.0, 112.0], "sv_shortst_cube": [208.0, 227.0, 228.0]}, {"B": [[193, 708, 723], [-262, -180, -156], [-741, 558, 417]], "G": [[1061242, -290794, 553542], [-290794, 125380, 28650], [553542, 28650, 1034334]], "lincomb_exact": [-2.0, -5.0, 1.0], "lincomb_LLL": [-2.0, -5.0, 1.0], "lincomb_cube": [-1.6028575897216797, -3.946014404296875, 1.0], "lincomb_cube_shortest": [-2.0, -4.0, 1.0], "exact.norm": 311.85546875, "LLL.norm": 311.85546875, "shortest_cube.norm": 435.09765625, "sv_LLL": [183.0, 42.0, -249.0], "sv_exact": [183.0, 42.0, -249.0], "sv_shortst_cube": [-79.0, -138.0, -405.0]}, {"B": [[109, 958, -971], [172, 627, -823], [-283, 444, -537]], "G": [[1872486, 1418547, 915932], [1418547, 1100042, 671663], [915932, 671663, 565594]], "lincomb_exact": [-2.0, 2.0, 1.0], "lincomb_LLL": [-2.0, 2.0, 1.0], "lincomb_cube": [-1.1523113250732422, 0.8753700256347656, 1.0], "lincomb_cube_shortest": [-1.0, 1.0, 1.0], "exact.norm": 360.9072265625, "LLL.norm": 360.9072265625, "shortest_cube.norm": 460.966796875, "sv_LLL": [-157.0, -218.0, -241.0], "sv_exact": [-157.0, -218.0, -241.0], "sv_shortst_cube": [-220.0, 113.0, -389.0]}, {"B": [[-517, -155, -727], [-576, 283, -81], [982, 261, 962]], "G": [[819843, 312814, -1247523], [312814, 418426, -569691], [-1247523, -569691, 1957889]], "lincomb_exact": [1.0, 1.0, 1.0], "lincomb_LLL": [1.0, 1.0, 1.0], "lincomb_cube": [2.01129150390625, 1.0, 1.5725231170654297], "lincomb_cube_shortest": [3.0, 1.0, 2.0], "exact.norm": 432.8486328125, "LLL.norm": 432.8486328125, "shortest_cube.norm": 506.37255859375, "sv_LLL": [-111.0, 389.0, 154.0], "sv_exact": [-111.0, 389.0, 154.0], "sv_shortst_cube": [-163.0, 340.0, -338.0]}, {"B": [[-707, -390, -496], [-464, -435, -457], [925, -494, -257]], "G": [[897965, 724370, -333843], [724370, 613370, -96861], [-333843, -96861, 1165710]], "lincomb_exact": [6.0, -7.0, 1.0], "lincomb_LLL": [6.0, -7.0, 1.0], "lincomb_cube": [5.162681579589844, -5.9390411376953125, 1.0], "lincomb_cube_shortest": [5.0, -6.0, 1.0], "exact.norm": 224.583984375, "LLL.norm": 224.583984375, "shortest_cube.norm": 240.534912109375, "sv_LLL": [-69.0, 211.0, -34.0], "sv_exact": [-69.0, 211.0, -34.0], "sv_shortst_cube": [174.0, 166.0, 5.0]}, {"B": [[447, -716, -922], [271, -247, -401], [-338, -519, 93]], "G": [[1562549, 667711, 134772], [667711, 295251, -698], [134772, -698, 392254]], "lincomb_exact": [-3.0, 7.0, 1.0], "lincomb_LLL": [-3.0, 7.0, 1.0], "lincomb_cube": [-2.596233367919922, 5.873748779296875, 1.0], "lincomb_cube_shortest": [-2.0, 5.0, 1.0], "exact.norm": 245.4140625, "LLL.norm": 245.4140625, "shortest_cube.norm": 351.3359375, "sv_LLL": [218.0, -100.0, 52.0], "sv_exact": [218.0, -100.0, 52.0], "sv_shortst_cube": [123.0, -322.0, -68.0]}, {"B": [[-817, 232, -527], [-130, 34, -79], [434, 267, -263]], "G": [[999042, 155731, -154033], [155731, 24297, -26565], [-154033, -26565, 328814]], "lincomb_exact": [-19.0, 123.0, 1.0], "lincomb_LLL": [-19.0, 123.0, 1.0], "lincomb_cube": [-18.279449462890625, 118.2550048828125, 1.0], "lincomb_cube_shortest": [-18.0, 118.0, 1.0], "exact.norm": 62.120849609375, "LLL.norm": 62.120849609375, "shortest_cube.norm": 245.784423828125, "sv_LLL": [-33.0, 41.0, 33.0], "sv_exact": [-33.0, 41.0, 33.0], "sv_shortst_cube": [-200.0, 103.0, -99.0]}, {"B": [[997, -3, 802], [263, 63, 397], [-126, 192, -730]], "G": [[1637222, 580416, -711658], [580416, 230747, -310852], [-711658, -310852, 585640]], "lincomb_exact": [0.0, 1.0, 1.0], "lincomb_LLL": [0.0, 1.0, 1.0], "lincomb_cube": [-0.3963322639465332, 2.3440818786621094, 1.0], "lincomb_cube_shortest": [0.0, 2.0, 1.0], "exact.norm": 441.22900390625, "LLL.norm": 441.22900390625, "shortest_cube.norm": 514.9951171875, "sv_LLL": [137.0, 255.0, -333.0], "sv_exact": [137.0, 255.0, -333.0], "sv_shortst_cube": [400.0, 318.0, 64.0]}, {"B": [[856, -898, -173], [-202, 127, -30], [147, -759, -760]], "G": [[1569069, -281768, 938894], [-281768, 57833, -103287], [938894, -103287, 1175290]], "lincomb_exact": [-2.0, -8.0, 1.0], "lincomb_LLL": [-2.0, -8.0, 1.0], "lincomb_cube": [-2.2197723388671875, -9.02899169921875, 1.0], "lincomb_cube_shortest": [-2.0, -9.0, 1.0], "exact.norm": 182.5322265625, "LLL.norm": 182.5322265625, "shortest_cube.norm": 309.80810546875, "sv_LLL": [51.0, 21.0, -174.0], "sv_exact": [51.0, 21.0, -174.0], "sv_shortst_cube": [253.0, -106.0, -144.0]}, {"B": [[-901, -617, 301], [694, 535, -294], [458, -472, 751]], "G": [[1283091, -1043883, 104617], [-1043883, 854297, -155462], [104617, -155462, 996549]], "lincomb_exact": [12.0, 15.0, 1.0], "lincomb_LLL": [12.0, 15.0, 1.0], "lincomb_cube": [11.305526733398438, 13.996429443359375, 1.0], "lincomb_cube_shortest": [11.0, 14.0, 1.0], "exact.norm": 165.969970703125, "LLL.norm": 165.969970703125, "shortest_cube.norm": 354.18359375, "sv_LLL": [56.0, 149.0, -47.0], "sv_exact": [56.0, 149.0, -47.0], "sv_shortst_cube": [263.0, 231.0, -54.0]}, {"B": [[-742, -755, 346], [879, 582, -115], [410, 457, -209]], "G": [[1240305, -1131418, -721569], [-1131418, 1124590, 650399], [-721569, 650399, 420630]], "lincomb_exact": [5.0, 1.0, 7.0], "lincomb_LLL": [5.0, 1.0, 7.0], "lincomb_cube": [6.300262451171875, 1.0, 9.261520385742188], "lincomb_cube_shortest": [6.0, 1.0, 9.0], "exact.norm": 157.038330078125, "LLL.norm": 157.038330078125, "shortest_cube.norm": 217.517822265625, "sv_LLL": [39.0, 6.0, 152.0], "sv_exact": [39.0, 6.0, 152.0], "sv_shortst_cube": [117.0, 165.0, 80.0]}, {"B": [[-121, 209, 615], [-260, -153, -13], [-955, -916, -449]], "G": [[436547, -8512, -352024], [-8512, 91178, 394285], [-352024, 394285, 1952682]], "lincomb_exact": [1.0, -4.0, 1.0], "lincomb_LLL": [1.0, -4.0, 1.0], "lincomb_cube": [1.0, -5.4105987548828125, 1.2727832794189453], "lincomb_cube_shortest": [1.0, -5.0, 1.0], "exact.norm": 240.509765625, "LLL.norm": 240.509765625, "shortest_cube.norm": 326.95703125, "sv_LLL": [-36.0, -95.0, 218.0], "sv_exact": [-36.0, -95.0, 218.0], "sv_shortst_cube": [224.0, 58.0, 231.0]}, {"B": [[-852, 529, 885], [-581, -665, 392], [867, 669, -794]], "G": [[1788970, 490147, -1087473], [490147, 933450, -1259860], [-1087473, -1259860, 1829686]], "lincomb_exact": [1.0, 5.0, 4.0], "lincomb_LLL": [1.0, 5.0, 4.0], "lincomb_cube": [1.0, 3.9217376708984375, 3.294727325439453], "lincomb_cube_shortest": [1.0, 4.0, 3.0], "exact.norm": 455.501953125, "LLL.norm": 455.501953125, "shortest_cube.norm": 592.48828125, "sv_LLL": [-289.0, -120.0, -331.0], "sv_exact": [-289.0, -120.0, -331.0], "sv_shortst_cube": [-575.0, -124.0, 71.0]}, {"B": [[-864, 944, 80], [104, 108, 165], [-127, -946, -779]], "G": [[1644032, 25296, -845616], [25296, 49705, -243911], [-845616, -243911, 1517886]], "lincomb_exact": [1.0, 9.0, 2.0], "lincomb_LLL": [1.0, 9.0, 2.0], "lincomb_cube": [1.0, 10.521438598632812, 2.2478065490722656], "lincomb_cube_shortest": [1.0, 10.0, 2.0], "exact.norm": 183.708984375, "LLL.norm": 183.708984375, "shortest_cube.norm": 230.4169921875, "sv_LLL": [-182.0, 24.0, 7.0], "sv_exact": [-182.0, 24.0, 7.0], "sv_shortst_cube": [-78.0, 132.0, 172.0]}, {"B": [[-339, 455, -31], [628, -673, 213], [161, 508, 421]], "G": [[322907, -525710, 163510], [-525710, 892682, -151103], [163510, -151103, 461226]], "lincomb_exact": [-7.0, -4.0, 1.0], "lincomb_LLL": [-7.0, -4.0, 1.0], "lincomb_cube": [-5.5987701416015625, -3.1279067993164062, 1.0], "lincomb_cube_shortest": [-5.0, -3.0, 1.0], "exact.norm": 215.650146484375, "LLL.norm": 215.650146484375, "shortest_cube.norm": 261.2607421875, "sv_LLL": [22.0, 15.0, -214.0], "sv_exact": [22.0, 15.0, -214.0], "sv_shortst_cube": [-28.0, 252.0, -63.0]}, {"B": [[-541, 220, 548], [754, -414, -911], [-268, -797, -689]], "G": [[641385, -998222, -407924], [-998222, 1569833, 755565], [-407924, 755565, 1181754]], "lincomb_exact": [-12.0, -8.0, 1.0], "lincomb_LLL": [-12.0, -8.0, 1.0], "lincomb_cube": [-10.925827026367188, -7.428794860839844, 1.0], "lincomb_cube_shortest": [-10.0, -7.0, 1.0], "exact.norm": 230.256591796875, "LLL.norm": 230.256591796875, "shortest_cube.norm": 267.5087890625, "sv_LLL": [192.0, -125.0, 23.0], "sv_exact": [192.0, -125.0, 23.0], "sv_shortst_cube": [-136.0, -99.0, 208.0]}, {"B": [[-238, 96, 316], [835, -760, -878], [-176, 309, 601]], "G": [[165716, -549138, 261468], [-549138, 2045709, -909478], [261468, -909478, 487658]], "lincomb_exact": [-2.0, 0.0, 1.0], "lincomb_LLL": [-2.0, 0.0, 1.0], "lincomb_cube": [-0.9467172622680664, 0.19044709205627441, 1.0], "lincomb_cube_shortest": [-1.0, 0.0, 1.0], "exact.norm": 323.49658203125, "LLL.norm": 323.49658203125, "shortest_cube.norm": 361.162109375, "sv_LLL": [300.0, 117.0, -31.0], "sv_exact": [300.0, 117.0, -31.0], "sv_shortst_cube": [62.0, 213.0, 285.0]}, {"B": [[635, -750, 696], [599, -266, 374], [966, -315, 93]], "G": [[1450141, 840169, 914388], [840169, 569433, 697206], [914388, 697206, 1041030]], "lincomb_exact": [0.0, -1.0, 1.0], "lincomb_LLL": [0.0, -1.0, 1.0], "lincomb_cube": [0.5429706573486328, -2.0255126953125, 1.0], "lincomb_cube_shortest": [1.0, -3.0, 1.0], "exact.norm": 464.81298828125, "LLL.norm": 464.81298828125, "shortest_cube.norm": 469.67431640625, "sv_LLL": [367.0, -49.0, -281.0], "sv_exact": [367.0, -49.0, -281.0], "sv_shortst_cube": [-196.0, -267.0, -333.0]}, {"B": [[-835, 967, -862], [630, -661, 812], [981, -942, 277]], "G": [[2375358, -1865181, -1968823], [-1865181, 1493165, 1465616], [-1968823, 1465616, 1926454]], "lincomb_exact": [4.0, 4.0, 1.0], "lincomb_LLL": [4.0, 4.0, 1.0], "lincomb_cube": [3.0358543395996094, 2.8106765747070312, 1.0], "lincomb_cube_shortest": [3.0, 3.0, 1.0], "exact.norm": 333.7275390625, "LLL.norm": 333.7275390625, "shortest_cube.norm": 388.15087890625, "sv_LLL": [161.0, 282.0, 77.0], "sv_exact": [161.0, 282.0, 77.0], "sv_shortst_cube": [366.0, -24.0, 127.0]}, {"B": [[-373, 419, -272], [-871, 891, -898], [-21, 633, 114]], "G": [[388674, 942468, 242052], [942468, 2358926, 479922], [242052, 479922, 414126]], "lincomb_exact": [-3.0, 1.0, 1.0], "lincomb_LLL": [-3.0, 1.0, 1.0], "lincomb_cube": [-4.1483001708984375, 1.4539337158203125, 1.0], "lincomb_cube_shortest": [-5.0, 2.0, 1.0], "exact.norm": 351.912109375, "LLL.norm": 351.912109375, "shortest_cube.norm": 465.28271484375, "sv_LLL": [227.0, 267.0, 32.0], "sv_exact": [227.0, 267.0, 32.0], "sv_shortst_cube": [102.0, 320.0, -322.0]}, {"B": [[744, -697, -778], [383, -187, -151], [-177, -152, -892]], "G": [[1644629, 532769, 668232], [532769, 204459, 95325], [668232, 95325, 850097]], "lincomb_exact": [-2.0, 5.0, 1.0], "lincomb_LLL": [-2.0, 5.0, 1.0], "lincomb_cube": [-1.6376533508300781, 3.8010826110839844, 1.0], "lincomb_cube_shortest": [-2.0, 4.0, 1.0], "exact.norm": 406.23876953125, "LLL.norm": 406.23876953125, "shortest_cube.norm": 515.0966796875, "sv_LLL": [250.0, 307.0, -91.0], "sv_exact": [250.0, 307.0, -91.0], "sv_shortst_cube": [-133.0, 494.0, 60.0]}, {"B": [[840, -925, 515], [629, -715, 452], [-836, 468, 719]], "G": [[1826450, 1422515, -764855], [1422515, 1111170, -535476], [-764855, -535476, 1434881]], "lincomb_exact": [16.0, -20.0, 1.0], "lincomb_LLL": [16.0, -20.0, 1.0], "lincomb_cube": [14.823196411132812, -18.49468994140625, 1.0], "lincomb_cube_shortest": [15.0, -19.0, 1.0], "exact.norm": 90.3382568359375, "LLL.norm": 90.3382568359375, "shortest_cube.norm": 295.6162109375, "sv_LLL": [24.0, -32.0, -81.0], "sv_exact": [24.0, -32.0, -81.0], "sv_shortst_cube": [-187.0, 178.0, -144.0]}, {"B": [[-550, 583, 886], [-864, 419, 608], [-328, 534, 684]], "G": [[1427385, 1258165, 1097746], [1258165, 1291721, 923010], [1097746, 923010, 860596]], "lincomb_exact": [-4.0, 1.0, 4.0], "lincomb_LLL": [-4.0, 1.0, 4.0], "lincomb_cube": [-2.9775047302246094, 1.0, 2.725475311279297], "lincomb_cube_shortest": [-3.0, 1.0, 3.0], "exact.norm": 300.5078125, "LLL.norm": 300.5078125, "shortest_cube.norm": 336.4404296875, "sv_LLL": [24.0, 223.0, -200.0], "sv_exact": [24.0, 223.0, -200.0], "sv_shortst_cube": [-198.0, 272.0, 2.0]}, {"B": [[41, -154, 71], [-3, 671, -559], [407, -441, -48]], "G": [[30438, -143146, 81193], [-143146, 762731, -270300], [81193, -270300, 362434]], "lincomb_exact": [-7.0, -1.0, 1.0], "lincomb_LLL": [-7.0, -1.0, 1.0], "lincomb_cube": [-8.526275634765625, -1.2457904815673828, 1.0], "lincomb_cube_shortest": [-8.0, -1.0, 1.0], "exact.norm": 128.37841796875, "LLL.norm": 128.37841796875, "shortest_cube.norm": 156.11865234375, "sv_LLL": [123.0, -34.0, 14.0], "sv_exact": [123.0, -34.0, 14.0], "sv_shortst_cube": [82.0, 120.0, -57.0]}, {"B": [[762, -298, 787], [222, -253, -961], [-581, 232, -468]], "G": [[1288817, -511749, -880174], [-511749, 1036814, 262070], [-880174, 262070, 610409]], "lincomb_exact": [8.0, 1.0, 11.0], "lincomb_LLL": [8.0, 1.0, 11.0], "lincomb_cube": [6.8095245361328125, 1.0, 9.389602661132812], "lincomb_cube_shortest": [7.0, 1.0, 10.0], "exact.norm": 217.997802734375, "LLL.norm": 217.997802734375, "shortest_cube.norm": 286.88134765625, "sv_LLL": [-73.0, -85.0, 187.0], "sv_exact": [-73.0, -85.0, 187.0], "sv_shortst_cube": [-254.0, -19.0, -132.0]}]