[{"B": [[-854, -854, -83, -180, 325, -387], [961, -89, -212, 991, 287, -668], [888, -708, 778, -905, -984, -519], [404, -260, 921, -570, 416, 993], [-847, 302, -121, 485, -597, 675], [-712, 100, -984, 793, 110, 492]], "G": [[1753315, -553681, -174341, -345910, -67077, 306926], [-553681, 2487060, -81127, -892670, -956797, 4253], [-174341, -81127, 3951734, 850509, -1261892, -2549861], [-345910, -892670, 850509, 2563062, -386676, -1137606], [-67077, -956797, -1261892, -386676, 1870513, 1403363], [306926, 4253, -2549861, -1137606, 1403363, 2368213]], "lincomb_exact": [0.0, 0.0, 1.0, 0.0, 0.0, 1.0], "lincomb_LLL": [0.0, 0.0, 1.0, 0.0, 0.0, 1.0], "lincomb_cube": [-0.18604612350463867, -0.18769025802612305, 0.435457706451416, 0.12851905822753906, -0.5325956344604492, 1.0], "lincomb_cube_shortest": [0.0, 0.0, 1.0, 0.0, 0.0, 1.0], "exact.norm": 1104.63671875, "LLL.norm": 1104.63671875, "shortest_cube.norm": 1104.63671875, "sv_LLL": [176.0, -608.0, -206.0, -112.0, -874.0, -27.0], "sv_exact": [176.0, -608.0, -206.0, -112.0, -874.0, -27.0], "sv_shortst_cube": [176.0, -608.0, -206.0, -112.0, -874.0, -27.0]}, {"B": [[113, 147, 3, 435, -323, 923], [-807, -429, 794, -34, 96, -247], [720, -861, -223, -267, 274, 839], [996, 75, 2, 676, 214, 643], [-279, 465, 717, 496, -862, 334], [628, -708, -714, 112, -66, 297]], "G": [[1179870, -425651, 523874, 942006, 841447, 308915], [-425651, 1537107, -560584, -995620, 412852, -853483], [523874, -560584, 2159736, 1069720, -849530, 1422165], [942006, -995620, 1069720, 1913866, 124015, 823519], [841447, 412852, -849530, 124015, 1908771, -804728], [308915, -853483, 1422165, 823519, -804728, 1510553]], "lincomb_exact": [-1.0, 0.0, 0.0, 0.0, 1.0, 1.0], "lincomb_LLL": [-1.0, 0.0, 0.0, 0.0, 1.0, 1.0], "lincomb_cube": [0.024758458137512207, 0.3816361427307129, -0.575169563293457, 0.07316887378692627, 0.06739318370819092, 1.0], "lincomb_cube_shortest": [0.0, 0.0, -1.0, 0.0, 0.0, 1.0], "exact.norm": 830.068359375, "LLL.norm": 830.068359375, "shortest_cube.norm": 908.8232421875, "sv_LLL": [236.0, -390.0, 0.0, 173.0, -605.0, -292.0], "sv_exact": [236.0, -390.0, 0.0, 173.0, -605.0, -292.0], "sv_shortst_cube": [-92.0, 153.0, -491.0, 379.0, -340.0, -542.0]}, {"B": [[-85, 488, 211, 940, -166, 320], [-130, 892, 680, 585, 151, -939], [-287, 739, -866, 130, 950, 295], [-535, -211, -135, -743, 912, 818], [-644, 524, 200, -844, 5, -103], [-337, -540, -386, -731, -671, 690]], "G": [[1303446, 814180, 261201, -674030, -474498, -671275], [814180, 2521711, 50113, -1275507, 290860, -1877216], [261201, 50113, 2384871, 1125646, 263509, -496995], [-674030, -1275507, 1125646, 2401888, 754374, 841946], [-474498, 290860, 263509, 754374, 1452282, 399407], [-671275, -1877216, -496995, 841946, 399407, 2014867]], "lincomb_exact": [0.0, 1.0, 0.0, 0.0, 0.0, 1.0], "lincomb_LLL": [0.0, 1.0, 0.0, 0.0, 0.0, 1.0], "lincomb_cube": [-0.3306398391723633, 1.0991268157958984, 0.16077685356140137, 0.3150138854980469, -0.7959823608398438, 1.0], "lincomb_cube_shortest": [0.0, 1.0, 0.0, 0.0, 0.0, 1.0], "exact.norm": 884.390625, "LLL.norm": 884.390625, "shortest_cube.norm": 884.390625, "sv_LLL": [-467.0, 352.0, 294.0, -146.0, -520.0, -249.0], "sv_exact": [-467.0, 352.0, 294.0, -146.0, -520.0, -249.0], "sv_shortst_cube": [-467.0, 352.0, 294.0, -146.0, -520.0, -249.0]}, {"B": [[-309, 838, 987, -783, 448, 368], [276, -41, 588, -537, 872, 593], [-613, -11, 737, -487, 985, -772], [422, -694, 704, 580, 341, 834], [-694, 390, 168, 493, 479, -399], [-228, 643, -535, 183, -265, -900]], "G": [[2721111, 1490065, 1446123, -11582, 388823, -511968], [1490065, 1824003, 927262, 1039332, -192410, -1266922], [1446123, 927262, 2722437, -322627, 1084700, 83050], [-11582, 1039332, -322627, 2303573, -328743, -1653923], [388823, -192410, 1084700, -328743, 1293651, 641506], [-511968, -1266922, 83050, -1653923, 641506, 1665372]], "lincomb_exact": [0.0, 0.0, 0.0, 1.0, 0.0, 1.0], "lincomb_LLL": [0.0, 0.0, 0.0, 1.0, 0.0, 1.0], "lincomb_cube": [0.10042548179626465, 0.18688297271728516, 0.09181439876556396, 0.5861902236938477, -0.4262981414794922, 1.0], "lincomb_cube_shortest": [0.0, 0.0, 0.0, 1.0, 0.0, 1.0], "exact.norm": 813.080078125, "LLL.norm": 813.080078125, "shortest_cube.norm": 813.080078125, "sv_LLL": [194.0, -51.0, 169.0, 763.0, 76.0, -66.0], "sv_exact": [194.0, -51.0, 169.0, 763.0, 76.0, -66.0], "sv_shortst_cube": [194.0, -51.0, 169.0, 763.0, 76.0, -66.0]}, {"B": [[560, -140, -51, 448, 284, 328], [460, 998, 905, 3, -864, -884], [158, 47, 201, -763, -73, -250], [-102, 994, -703, 408, -871, -848], [176, 208, 574, 532, 508, -773], [-815, 460, 530, 767, 8, -362]], "G": [[724745, -462259, -372907, -503151, 169230, -320678], [-462259, 3554590, 583274, 1812277, 1054030, 879227], [-372907, 583274, 717572, -146422, -96792, -495925], [-503151, 1812277, -146422, 3136858, 215370, 780724], [169230, 1054030, -96792, 215370, 1542333, 948394], [-320678, 879227, -495925, 780724, 948394, 1876122]], "lincomb_exact": [1.0, 0.0, 1.0, 0.0, -1.0, 1.0], "lincomb_LLL": [1.0, 0.0, 1.0, 0.0, -1.0, 1.0], "lincomb_cube": [1.4076480865478516, -0.36310291290283203, 1.7172260284423828, 0.2980775833129883, -0.45507192611694336, 1.0], "lincomb_cube_shortest": [1.0, 0.0, 1.0, 0.0, -1.0, 1.0], "exact.norm": 663.3916015625, "LLL.norm": 663.3916015625, "shortest_cube.norm": 663.3916015625, "sv_LLL": [-273.0, 159.0, 106.0, -80.0, -289.0, 489.0], "sv_exact": [-273.0, 159.0, 106.0, -80.0, -289.0, 489.0], "sv_shortst_cube": [-273.0, 159.0, 106.0, -80.0, -289.0, 489.0]}, {"B": [[-747, -436, 33, 334, -311, 931], [-522, 312, -362, 518, 732, -485], [-202, -666, -204, -178, -868, 761], [912, 867, 109, 819, 262, 686], [-14, 785, -402, -594, -964, -304], [-29, -378, -826, -181, 781, 918]], "G": [[1824232, -264219, 1353525, -224949, -526684, 710526], [-264219, 1540245, -1125165, 38298, -468148, 228918], [1353525, -1125165, 1890205, -635034, 273166, 479018], [-224949, 38298, -635034, 2805315, -323589, 241923], [-526684, -468148, 273166, -323589, 2152573, -888714], [710526, 228918, 479018, 241923, -888714, 2311447]], "lincomb_exact": [-1.0, 1.0, 1.0, 0.0, 0.0, 0.0], "lincomb_LLL": [-1.0, 1.0, 1.0, 0.0, 0.0, 0.0], "lincomb_cube": [-0.6315822601318359, 0.5822105407714844, 1.0, 0.15899658203125, -0.19850492477416992, -0.16371560096740723], "lincomb_cube_shortest": [-1.0, 1.0, 1.0, 0.0, 0.0, 0.0], "exact.norm": 908.7021484375, "LLL.norm": 908.7021484375, "shortest_cube.norm": 908.7021484375, "sv_LLL": [23.0, 82.0, -599.0, 6.0, 175.0, -655.0], "sv_exact": [23.0, 82.0, -599.0, 6.0, 175.0, -655.0], "sv_shortst_cube": [23.0, 82.0, -599.0, 6.0, 175.0, -655.0]}, {"B": [[713, -930, 539, 655, 495, -422], [243, 297, 421, 987, 250, -660], [-814, -412, -207, 695, 813, -300], [544, 103, 107, 345, -74, 682], [-659, -365, -480, 284, -41, 85], [171, -580, -953, -806, -996, 397]], "G": [[2515924, 1172723, 675465, 251296, -259282, -1040828], [1172723, 1796768, 679902, 79725, -256664, -1838462], [675465, 679902, 2109183, -532388, 924713, -1191981], [251296, 79725, -532388, 907619, -288467, -2299], [-259282, -256664, 924713, -288467, 887468, 402128], [-1040828, -1838462, -1191981, -2299, 402128, 3073111]], "lincomb_exact": [0.0, 0.0, 0.0, 0.0, 1.0, 0.0], "lincomb_LLL": [0.0, 0.0, 0.0, 0.0, 1.0, 0.0], "lincomb_cube": [0.21090078353881836, -0.1602787971496582, -0.7481536865234375, -0.16646409034729004, 1.0, -0.44562339782714844], "lincomb_cube_shortest": [0.0, 0.0, 0.0, 0.0, 1.0, 0.0], "exact.norm": 942.0556640625, "LLL.norm": 942.0556640625, "shortest_cube.norm": 942.0556640625, "sv_LLL": [-659.0, -365.0, -480.0, 284.0, -41.0, 85.0], "sv_exact": [-659.0, -365.0, -480.0, 284.0, -41.0, 85.0], "sv_shortst_cube": [-659.0, -365.0, -480.0, 284.0, -41.0, 85.0]}, {"B": [[490, -858, 603, 243, -976, -789], [421, 133, 736, 84, -584, 722], [-784, -565, -98, 451, 676, -239], [-192, 535, 142, 413, 978, -119], [-963, 862, -22, -21, -593, 713], [732, -664, 152, 322, 570, 554]], "G": [[2974019, 556722, -320096, -1227762, -1213624, 104868], [556722, 1606022, -1006795, -527543, 552365, 425888], [-320096, -1006795, 1660983, 710169, -310628, 184512], [-1227762, -527543, 710169, 1484467, -30532, 150320], [-1213624, 552365, -310628, -30532, 2531356, -1230398], [104868, 425888, 184512, 150320, -1230398, 1735324]], "lincomb_exact": [1.0, -1.0, -1.0, 1.0, 1.0, 1.0], "lincomb_LLL": [1.0, -1.0, -1.0, 1.0, 1.0, 1.0], "lincomb_cube": [0.6417789459228516, -1.089529037475586, -0.6221857070922852, 0.35973215103149414, 0.9594888687133789, 1.0], "lincomb_cube_shortest": [1.0, -1.0, -1.0, 1.0, 1.0, 1.0], "exact.norm": 735.8984375, "LLL.norm": 735.8984375, "shortest_cube.norm": 735.8984375, "sv_LLL": [430.0, 307.0, 237.0, 422.0, -113.0, -124.0], "sv_exact": [430.0, 307.0, 237.0, 422.0, -113.0, -124.0], "sv_shortst_cube": [430.0, 307.0, 237.0, 422.0, -113.0, -124.0]}, {"B": [[-912, -801, -410, 580, -484, -549], [-385, 27, 539, 105, -205, -91], [-924, 394, -760, -447, 436, -949], [454, 764, 920, -554, -130, -520], [-21, 621, 898, 935, 323, -740], [281, -502, -732, -926, -609, 919]], "G": [[2513502, 318582, 889411, -1376132, -54221, -300905], [318582, 500806, -93218, 357518, 608174, -572301], [889411, -93218, 2877118, -133242, 6741, -624845], [-1376132, 357518, -133242, 2230428, 1115890, -815100], [-54221, 608174, 6741, 1115890, 2718640, -2717556], [-300905, -572301, -624845, -815100, -2717556, 2939707]], "lincomb_exact": [0.0, 0.0, 0.0, 0.0, 1.0, 1.0], "lincomb_LLL": [0.0, 0.0, 0.0, 0.0, 1.0, 1.0], "lincomb_cube": [-0.052507102489471436, 0.06617975234985352, 0.22396492958068848, -0.19640707969665527, 1.0638103485107422, 1.0], "lincomb_cube_shortest": [0.0, 0.0, 0.0, 0.0, 1.0, 1.0], "exact.norm": 472.4775390625, "LLL.norm": 472.4775390625, "shortest_cube.norm": 472.4775390625, "sv_LLL": [260.0, 119.0, 166.0, 9.0, -286.0, 179.0], "sv_exact": [260.0, 119.0, 166.0, 9.0, -286.0, 179.0], "sv_shortst_cube": [260.0, 119.0, 166.0, 9.0, -286.0, 179.0]}, {"B": [[279, 586, 205, -975, -880, 148], [-808, 738, -457, 401, 71, -294], [920, -409, -735, 68, 74, -243], [-30, 637, -947, -593, 650, 927], [-842, -697, 238, 500, -707, -395], [-936, -387, -850, -184, -663, -760]], "G": [[2210191, -383616, -301053, 314148, -518370, -11816], [-383616, 1658635, -605343, 462944, 323617, 961715], [-301053, -605343, 1623055, 190427, -586830, 45019], [314148, 462944, 190427, 2936956, -1766330, -439847], [-518370, 323617, -586830, -1766330, 2157291, 1532492], [-11816, 961715, 45019, -439847, 1532492, 2799390]], "lincomb_exact": [1.0, 1.0, 1.0, 0.0, 1.0, -1.0], "lincomb_LLL": [1.0, 1.0, 1.0, 0.0, 1.0, -1.0], "lincomb_cube": [-0.4348154067993164, -0.5743227005004883, -0.7375726699829102, -0.4418926239013672, -1.2911491394042969, -1.0], "lincomb_cube_shortest": [0.0, 0.0, 0.0, -1.0, -1.0, -1.0], "exact.norm": 1118.28125, "LLL.norm": 1118.28125, "shortest_cube.norm": 2558.56640625, "sv_LLL": [485.0, 605.0, 101.0, 178.0, -779.0, -24.0], "sv_exact": [485.0, 605.0, 101.0, 178.0, -779.0, -24.0], "sv_shortst_cube": [1808.0, 447.0, 1559.0, 277.0, 720.0, 228.0]}, {"B": [[45, 544, -694, -842, 860, -958], [-47, 687, -483, 992, -911, -224], [-549, 726, -225, 759, -317, -550], [419, 498, 603, -2, -559, -409], [-720, 761, 356, 682, -947, 925], [457, 45, 135, 278, -95, -109]], "G": [[3145925, -697317, 141591, -215949, -2140294, -259999], [-697317, 2571628, 1798155, 630065, 1716760, 330968], [141591, 1798155, 1858172, 396477, 1176753, 52469], [-215949, 630065, 396477, 1266940, 441650, 392428], [-2140294, 1716760, 1176753, 441650, 3441815, -67999], [-259999, 330968, 52469, 392428, -67999, 327289]], "lincomb_exact": [0.0, 0.0, 0.0, 0.0, 0.0, 1.0], "lincomb_LLL": [0.0, 0.0, 0.0, 0.0, 0.0, 1.0], "lincomb_cube": [0.17971301078796387, -0.2566666603088379, 0.09983623027801514, -0.27352094650268555, 0.2604994773864746, 1.0], "lincomb_cube_shortest": [0.0, 0.0, 0.0, 0.0, 0.0, 1.0], "exact.norm": 572.091796875, "LLL.norm": 572.091796875, "shortest_cube.norm": 572.091796875, "sv_LLL": [457.0, 45.0, 135.0, 278.0, -95.0, -109.0], "sv_exact": [457.0, 45.0, 135.0, 278.0, -95.0, -109.0], "sv_shortst_cube": [457.0, 45.0, 135.0, 278.0, -95.0, -109.0]}, {"B": [[-950, 685, 464, 278, 587, -53], [945, 631, -956, 696, 992, 303], [290, -11, -70, 289, -644, 733], [-832, 707, 951, 225, -925, -262], [-32, 665, 904, 945, 661, 124], [365, 527, 459, 150, 52, -263]], "G": [[2011683, -149366, -652050, 1249420, 1549526, 313384], [-149366, 3765411, 118424, -2089665, 876155, 314953], [-652050, 118424, 1124667, 153052, -141562, -114994], [1249420, -2089665, 153052, 3071368, 925195, 559974], [1549526, 876155, -141562, 925195, 2605787, 897221], [313384, 314953, -114994, 559974, 897221, 716008]], "lincomb_exact": [0.0, 0.0, 0.0, 0.0, 0.0, 1.0], "lincomb_LLL": [0.0, 0.0, 0.0, 0.0, 0.0, 1.0], "lincomb_cube": [0.6481904983520508, -0.26813364028930664, 0.5246028900146484, -0.5268354415893555, -0.4240531921386719, 1.0], "lincomb_cube_shortest": [0.0, 0.0, 0.0, 0.0, 0.0, 1.0], "exact.norm": 846.1728515625, "LLL.norm": 846.1728515625, "shortest_cube.norm": 846.1728515625, "sv_LLL": [365.0, 527.0, 459.0, 150.0, 52.0, -263.0], "sv_exact": [365.0, 527.0, 459.0, 150.0, 52.0, -263.0], "sv_shortst_cube": [365.0, 527.0, 459.0, 150.0, 52.0, -263.0]}, {"B": [[-79, 618, 647, 408, -559, -150], [297, 948, 398, -62, 399, -489], [-119, -966, -915, 265, 273, -387], [-555, 91, 985, -243, -874, -18], [-885, 284, -882, 565, 422, 385], [-413, 920, -602, 233, -471, 547]], "G": [[1308219, 644920, -1166029, 1129500, -388355, 487996], [644920, 1547483, -1033541, -11395, -399566, 40045], [-1166029, -1033541, 2079065, -1219167, 753937, -567270], [1129500, -11395, -1219167, 2109780, -864804, 65154], [-388355, -399566, 753937, -864804, 2287339, 1301227], [487996, 40045, -567270, 65154, 1301227, 1954712]], "lincomb_exact": [1.0, 0.0, 1.0, 0.0, 0.0, 0.0], "lincomb_LLL": [1.0, 0.0, 1.0, 0.0, 0.0, 0.0], "lincomb_cube": [-0.17060589790344238, 0.6329669952392578, 1.0, 0.504023551940918, -0.36992549896240234, 0.549285888671875], "lincomb_cube_shortest": [0.0, 0.0, 1.0, 0.0, -1.0, 1.0], "exact.norm": 1027.2421875, "LLL.norm": 1027.2421875, "shortest_cube.norm": 1037.423828125, "sv_LLL": [-198.0, -348.0, -268.0, 673.0, -286.0, -537.0], "sv_exact": [-198.0, -348.0, -268.0, 673.0, -286.0, -537.0], "sv_shortst_cube": [353.0, -330.0, -635.0, -67.0, -620.0, -225.0]}, {"B": [[-833, -190, 896, -935, -910, 188], [-396, -605, -204, 20, 887, -499], [795, -802, 680, -937, -82, 572], [-894, -135, -479, 372, 219, 186], [914, -473, 379, -100, -723, -99], [-210, -720, -285, 985, 807, -526]], "G": [[3270474, -657648, 1157676, -170974, 400910, -1697863], [-657648, 1600627, -345232, 642294, -746995, 1574883], [1157676, -345232, 2949506, -1188310, 1460054, -1073301], [-170974, 642294, -1188310, 1267843, -1148753, 866772], [400910, -746995, 1460054, -1148753, 1745296, -589282], [-1697863, 1574883, -1073301, 866772, -589282, 2541875]], "lincomb_exact": [0.0, 0.0, 0.0, 1.0, 1.0, 0.0], "lincomb_LLL": [0.0, 0.0, 0.0, 1.0, 1.0, 0.0], "lincomb_cube": [-0.22296452522277832, 0.7884950637817383, -0.30914974212646484, 0.7215633392333984, 1.0, -0.782221794128418], "lincomb_cube_shortest": [0.0, 0.0, 0.0, 1.0, 1.0, 0.0], "exact.norm": 845.951171875, "LLL.norm": 845.951171875, "shortest_cube.norm": 845.951171875, "sv_LLL": [20.0, -608.0, -100.0, 272.0, -504.0, 87.0], "sv_exact": [20.0, -608.0, -100.0, 272.0, -504.0, 87.0], "sv_shortst_cube": [20.0, -608.0, -100.0, 272.0, -504.0, 87.0]}, {"B": [[-853, -99, 774, -19, 882, 185], [-222, -335, 733, 117, -689, 84], [627, 863, 279, 836, -173, -663], [-417, 80, 419, -107, -56, 330], [-343, -207, 818, 297, -834, -455], [-881, 844, -994, 940, 937, 267]], "G": [[2148996, 195492, -695447, 685778, 120798, 756550], [195492, 1194264, -62475, 426686, 1316240, -1328945], [-695447, -62475, 2384133, -374072, 528759, 345377], [685778, 426686, -374072, 479335, 333988, -46531], [120798, 1316240, 528759, 333988, 1820412, -1309380], [756550, -1328945, 345377, -46531, -1309380, 4309391]], "lincomb_exact": [0.0, -1.0, 0.0, 0.0, 1.0, 0.0], "lincomb_LLL": [0.0, -1.0, 0.0, 0.0, 1.0, 0.0], "lincomb_cube": [-0.16202783584594727, -1.3771133422851562, -0.2013533115386963, 0.5969791412353516, 1.0, -0.06980669498443604], "lincomb_cube_shortest": [0.0, -1.0, 0.0, 0.0, 1.0, 0.0], "exact.norm": 618.2197265625, "LLL.norm": 618.2197265625, "shortest_cube.norm": 618.2197265625, "sv_LLL": [-121.0, 128.0, 85.0, 180.0, -145.0, -539.0], "sv_exact": [-121.0, 128.0, 85.0, 180.0, -145.0, -539.0], "sv_shortst_cube": [-121.0, 128.0, 85.0, 180.0, -145.0, -539.0]}, {"B": [[-726, -761, 447, 281, -669, -366], [324, 707, -165, -305, -27, 813], [-234, -317, 550, 132, -519, -828], [879, -367, 210, 742, -397, 389], [375, -998, 634, 937, 144, -80], [-916, 221, -124, -291, 594, -514]], "G": [[1966484, -1212206, 1344322, 66724, 966867, 150374], [-1212206, 1386773, -1090096, 91343, -1043409, -465242], [1344322, -1090096, 1430114, 8048, 692504, 154981], [66724, 91343, 8048, 1810924, 1435997, -1563997], [966867, -1043409, 692504, 1435997, 2443690, -788685], [150374, -465242, 154981, -1563997, -788685, 1604986]], "lincomb_exact": [0.0, 0.0, 0.0, 1.0, 0.0, 1.0], "lincomb_LLL": [0.0, 0.0, 0.0, 1.0, 0.0, 1.0], "lincomb_cube": [0.08414900302886963, 0.19999909400939941, 0.09684395790100098, 1.0758838653564453, -0.28482532501220703, 1.0], "lincomb_cube_shortest": [0.0, 0.0, 0.0, 1.0, 0.0, 1.0], "exact.norm": 536.578125, "LLL.norm": 536.578125, "shortest_cube.norm": 536.578125, "sv_LLL": [-37.0, -146.0, 86.0, 451.0, 197.0, -125.0], "sv_exact": [-37.0, -146.0, 86.0, 451.0, 197.0, -125.0], "sv_shortst_cube": [-37.0, -146.0, 86.0, 451.0, 197.0, -125.0]}, {"B": [[-148, 197, -167, 428, -145, -814], [-319, -389, 347, 214, 100, 79], [135, 74, 73, 863, -836, 794], [-267, -889, -352, 686, 697, 155], [-973, 613, -365, 194, -165, -503], [-199, -27, 459, 592, 283, -774]], "G": [[955407, -74584, -173325, -10460, 842119, 789857], [-74584, 435528, 117288, 537599, -69446, 327099], [-173325, 117288, 2103131, 4869, -206658, -335604], [-10460, 537599, 4869, 1965944, -216572, 398961], [842119, -69446, -206658, -216572, 1773593, 467016], [789857, 327099, -335604, 398961, 467016, 1280640]], "lincomb_exact": [-1.0, -1.0, 0.0, 0.0, 0.0, 1.0], "lincomb_LLL": [-1.0, -1.0, 0.0, 0.0, 0.0, 1.0], "lincomb_cube": [-1.1018943786621094, -1.0823097229003906, 0.15335559844970703, 0.1142505407333374, 0.2493152618408203, 1.0], "lincomb_cube_shortest": [-1.0, -1.0, 0.0, 0.0, 0.0, 1.0], "exact.norm": 537.1171875, "LLL.norm": 537.1171875, "shortest_cube.norm": 537.1171875, "sv_LLL": [268.0, 165.0, 279.0, -50.0, 328.0, -39.0], "sv_exact": [268.0, 165.0, 279.0, -50.0, 328.0, -39.0], "sv_shortst_cube": [268.0, 165.0, 279.0, -50.0, 328.0, -39.0]}, {"B": [[298, 783, -332, 921, -40, 98], [-300, 348, 891, -248, -784, 312], [-627, -788, 270, 910, 974, 990], [325, 790, 725, 813, 311, 955], [-208, 862, -261, -762, 316, 630], [-59, -97, 346, 910, -308, -834]], "G": [[1671562, -279200, 2680, 1304643, 46912, 560293], [-279200, 1778489, -525970, 675907, 267617, 47814], [2680, -525970, 3843849, 1357649, -381246, -90703], [1304643, 675907, 1357649, 2925065, 504575, 2617], [46912, 267617, -381246, 504575, 1931829, -1477816], [560293, 47814, -90703, 2617, -1477816, 1751126]], "lincomb_exact": [0.0, 0.0, 0.0, 0.0, 1.0, 1.0], "lincomb_LLL": [0.0, 0.0, 0.0, 0.0, 1.0, 1.0], "lincomb_cube": [-0.5505199432373047, -0.3008308410644531, -0.00564025342464447, 0.18379974365234375, 0.7709054946899414, 1.0], "lincomb_cube_shortest": [0.0, 0.0, 0.0, 0.0, 1.0, 1.0], "exact.norm": 852.83203125, "LLL.norm": 852.83203125, "shortest_cube.norm": 852.83203125, "sv_LLL": [-267.0, 765.0, 85.0, 148.0, 8.0, -204.0], "sv_exact": [-267.0, 765.0, 85.0, 148.0, 8.0, -204.0], "sv_shortst_cube": [-267.0, 765.0, 85.0, 148.0, 8.0, -204.0]}, {"B": [[-200, -186, -403, -762, -119, -338], [-605, -67, 794, -717, -678, -385], [220, -581, -281, 407, 981, 34], [-299, 760, -227, 772, 785, 243], [820, 243, -855, 339, -515, 377], [540, 596, -978, -364, 609, 782]], "G": [[946054, 570646, -261056, -753892, -189092, 115859], [570646, 2122948, -1287314, -1229572, -1230289, -1596148], [-261056, -1287314, 1594088, 648998, -74952, 523211], [-753892, -1229572, 648998, 1989788, 82629, 900589], [-189092, -1230289, -74952, 82629, 1984749, 1281601], [115859, -1596148, 523211, 900589, 1281601, 2718201]], "lincomb_exact": [0.0, 3.0, 2.0, 1.0, 2.0, 0.0], "lincomb_LLL": [0.0, 3.0, 2.0, 1.0, 2.0, 0.0], "lincomb_cube": [-0.2211294174194336, 3.206340789794922, 2.1348609924316406, 1.0, 1.8156566619873047, 0.29390525817871094], "lincomb_cube_shortest": [0.0, 3.0, 2.0, 1.0, 2.0, 0.0], "exact.norm": 387.15869140625, "LLL.norm": 387.15869140625, "shortest_cube.norm": 387.15869140625, "sv_LLL": [-34.0, -117.0, -117.0, 113.0, -317.0, -90.0], "sv_exact": [-34.0, -117.0, -117.0, 113.0, -317.0, -90.0], "sv_shortst_cube": [-34.0, -117.0, -117.0, 113.0, -317.0, -90.0]}, {"B": [[544, 947, 530, -9, -121, 840], [513, 634, 907, 737, 281, -633], [-531, 418, 357, 973, 336, -324], [-576, 885, -783, -722, 114, -148], [959, 496, 948, 80, 744, -587], [158, -204, -541, 73, -501, -890]], "G": [[2193967, 787826, -25381, -21855, 910024, -1081602], [787826, 2510593, 1333017, -850975, 2305862, -62579], [-25381, 1333017, 1748735, -219995, 554547, -171254], [-21855, -850975, -219995, 2284274, -741776, 173955], [910024, 2305862, 554547, -741776, 2968906, -307004], [-1081602, -62579, -171254, 173955, -307004, 1407691]], "lincomb_exact": [1.0, -2.0, 1.0, 0.0, 1.0, 1.0], "lincomb_LLL": [1.0, -2.0, 1.0, 0.0, 1.0, 1.0], "lincomb_cube": [0.7686691284179688, -2.0530128479003906, 1.2696418762207031, -0.34117603302001953, 1.1399173736572266, 1.0], "lincomb_cube_shortest": [1.0, -2.0, 1.0, 0.0, 1.0, 1.0], "exact.norm": 814.755859375, "LLL.norm": 814.755859375, "shortest_cube.norm": 814.755859375, "sv_LLL": [104.0, 389.0, -520.0, -357.0, -104.0, 305.0], "sv_exact": [104.0, 389.0, -520.0, -357.0, -104.0, 305.0], "sv_shortst_cube": [104.0, 389.0, -520.0, -357.0, -104.0, 305.0]}, {"B": [[61, -621, -593, -941, -928, 346], [8, -319, -466, -60, 656, -630], [939, 922, 35, -591, 422, 80], [-555, 834, -540, -530, -482, -976], [406, -24, 138, -41, -508, 197], [-456, -149, -337, 891, 987, 609]], "G": [[2607392, -295363, -343843, 376781, 536003, -1279099], [-295363, 1149817, -41024, 311642, -508302, 411267], [-343843, -41024, 2266795, 260649, 189551, -638704], [376781, 311642, 260649, 2760981, -245552, -1231554], [536003, -508302, 189551, -245552, 483010, -646020], [-1279099, 411267, -638704, -1231554, -646020, 2482637]], "lincomb_exact": [0.0, 0.0, 0.0, 0.0, 1.0, 0.0], "lincomb_LLL": [0.0, 0.0, 0.0, 0.0, 1.0, 0.0], "lincomb_cube": [-0.08193695545196533, 0.27866268157958984, -0.040958404541015625, 0.18553400039672852, 1.0, 0.25333738327026367], "lincomb_cube_shortest": [0.0, 0.0, 0.0, 0.0, 1.0, 0.0], "exact.norm": 694.9892578125, "LLL.norm": 694.9892578125, "shortest_cube.norm": 694.9892578125, "sv_LLL": [406.0, -24.0, 138.0, -41.0, -508.0, 197.0], "sv_exact": [406.0, -24.0, 138.0, -41.0, -508.0, 197.0], "sv_shortst_cube": [406.0, -24.0, 138.0, -41.0, -508.0, 197.0]}, {"B": [[-976, 208, -479, 256, -895, -42], [142, 32, 93, 785, 289, 919], [247, -749, 344, 33, 716, -316], [-699, 240, -235, -890, -963, 649], [-323, 865, 917, -660, -838, -908], [-316, -891, -158, -486, 980, -896]], "G": [[2093606, -272776, -1180740, 1451496, 675111, -765114], [-272776, 1574144, -14477, -493959, -1527639, -1009792], [-1180740, -14477, 1353947, -1357215, -747078, 1503733], [1451496, -493959, -1357215, 2742096, 1022984, -1048530], [675111, -1527639, -747078, 1022984, 3655751, -500445], [-765114, -1009792, 1503733, -1048530, -500445, 2918113]], "lincomb_exact": [0.0, 1.0, -1.0, 0.0, 0.0, 1.0], "lincomb_LLL": [0.0, 1.0, -1.0, 0.0, 0.0, 1.0], "lincomb_cube": [-0.27753543853759766, 0.8930988311767578, -1.1780643463134766, -0.01397976279258728, 0.32451295852661133, 1.0], "lincomb_cube_shortest": [0.0, 1.0, -1.0, 0.0, 0.0, 1.0], "exact.norm": 920.927734375, "LLL.norm": 920.927734375, "shortest_cube.norm": 920.927734375, "sv_LLL": [-421.0, -110.0, -409.0, 266.0, 553.0, 339.0], "sv_exact": [-421.0, -110.0, -409.0, 266.0, 553.0, 339.0], "sv_shortst_cube": [-421.0, -110.0, -409.0, 266.0, 553.0, 339.0]}, {"B": [[337, -978, -767, -815, 103, 928], [688, 172, -216, 34, -450, -502], [-62, -910, 514, 894, 579, -191], [224, -709, 402, 241, 860, -305], [-510, 976, 810, 152, -671, 591], [108, -722, -901, -528, -776, 295]], "G": [[3194360, -310604, -371373, 69681, -1392213, 2057731], [-310604, 1005244, -444472, -280364, -347532, 327894], [-371373, -444472, 2267098, 1609579, -805702, -790471], [69681, -280364, 1609579, 1605167, -1201287, -710695], [-1392213, -347532, -805702, -1201287, 2691402, -874777], [2057731, 327894, -790471, -710695, -874777, 2312734]], "lincomb_exact": [0.0, 0.0, -1.0, 1.0, 0.0, 0.0], "lincomb_LLL": [0.0, 0.0, -1.0, 1.0, 0.0, 0.0], "lincomb_cube": [-0.2987332344055176, -0.09271764755249023, -0.47695255279541016, 1.0, 0.3131103515625, 0.5416507720947266], "lincomb_cube_shortest": [0.0, 0.0, -1.0, 1.0, 0.0, 0.0], "exact.norm": 808.150390625, "LLL.norm": 808.150390625, "shortest_cube.norm": 808.150390625, "sv_LLL": [286.0, 201.0, -112.0, -653.0, 281.0, -114.0], "sv_exact": [286.0, 201.0, -112.0, -653.0, 281.0, -114.0], "sv_shortst_cube": [286.0, 201.0, -112.0, -653.0, 281.0, -114.0]}, {"B": [[246, 806, 790, 497, 936, 965], [-592, -326, 410, -661, 103, -855], [-516, -607, 457, 624, 629, 101], [575, -977, 363, -675, -555, -648], [-879, 57, 609, 38, 866, 912], [85, 30, 910, 810, -269, 968]], "G": [[3388582, -1141672, 741189, -1839517, 2020360, 1848896], [-1141672, 1803395, 256692, 1069982, 35796, -1077757], [741189, 256692, 1638772, -373513, 1357816, 787807], [-1839517, 1069982, -373513, 2600477, -1437303, -674824], [2020360, 35796, 1357816, -1437303, 2729915, 1161827], [1848896, -1077757, 787807, -674824, 1161827, 2501710]], "lincomb_exact": [0.0, -1.0, 0.0, 1.0, 1.0, -1.0], "lincomb_LLL": [0.0, -1.0, 0.0, 1.0, 1.0, -1.0], "lincomb_cube": [-0.3065657615661621, 0.7327146530151367, -0.31742238998413086, -0.46869564056396484, -0.29720306396484375, -1.0], "lincomb_cube_shortest": [0.0, 0.0, 0.0, 0.0, 0.0, -1.0], "exact.norm": 1191.560546875, "LLL.norm": 1191.560546875, "shortest_cube.norm": 1581.6796875, "sv_LLL": [203.0, -624.0, -348.0, -786.0, 477.0, 151.0], "sv_exact": [203.0, -624.0, -348.0, -786.0, 477.0, 151.0], "sv_shortst_cube": [-85.0, -30.0, -910.0, -810.0, 269.0, -968.0]}, {"B": [[777, 949, -292, 635, -306, -954], [-75, -887, -109, 32, -917, -216], [-638, -442, 185, 204, 728, 60], [-580, -573, -761, 897, -430, -9], [673, 932, 899, 762, 348, 884], [102, 637, -750, 165, 824, 26]], "G": [[2996571, -361224, -1119672, -62464, 678927, 730594], [-361224, 1692844, -254269, 1059658, -1460826, -1246863], [-1119672, -254269, 1211833, 351929, -213171, 149712], [-62464, 1059658, 351929, 2233440, -1082597, -59960], [678927, -1460826, -213171, -1082597, 3612958, 423546], [730594, -1246863, 149712, -59960, 423546, 1685550]], "lincomb_exact": [0.0, 1.0, 0.0, 0.0, 0.0, 1.0], "lincomb_LLL": [0.0, 1.0, 0.0, 0.0, 0.0, 1.0], "lincomb_cube": [-0.0246049165725708, 1.3880462646484375, 0.3557267189025879, -0.5391292572021484, 0.30806493759155273, 1.0], "lincomb_cube_shortest": [0.0, 1.0, 0.0, 0.0, 0.0, 1.0], "exact.norm": 940.568359375, "LLL.norm": 940.568359375, "shortest_cube.norm": 940.568359375, "sv_LLL": [27.0, -250.0, -859.0, 197.0, -93.0, -190.0], "sv_exact": [27.0, -250.0, -859.0, 197.0, -93.0, -190.0], "sv_shortst_cube": [27.0, -250.0, -859.0, 197.0, -93.0, -190.0]}, {"B": [[329, -978, -780, 156, 441, -218], [643, 811, -303, -780, -487, -66], [-335, 365, 890, 951, 748, 787], [782, 307, -417, 295, -193, -135], [-139, -166, 389, -848, -800, -649], [639, 807, 977, -622, -374, 959]], "G": [[1939466, -667330, -854727, 272629, -530409, -1812103], [-667330, 2012904, -1347058, 750955, 752004, 1373327], [-854727, -1347058, 3120824, -491109, -1583426, 833479], [272629, 750955, -491109, 1022161, -330018, 99265], [-530409, 752004, -1583426, -330018, 1978503, 361535], [-1812103, 1373327, 833479, 99265, 361535, 3460540]], "lincomb_exact": [1.0, 1.0, 1.0, 0.0, 1.0, 0.0], "lincomb_LLL": [1.0, 1.0, 1.0, 0.0, 1.0, 0.0], "lincomb_cube": [0.8169307708740234, 0.9842977523803711, 1.2586402893066406, 0.02260226011276245, 1.0, -0.3711066246032715], "lincomb_cube_shortest": [1.0, 1.0, 1.0, 0.0, 1.0, 0.0], "exact.norm": 767.9873046875, "LLL.norm": 767.9873046875, "shortest_cube.norm": 767.9873046875, "sv_LLL": [498.0, 32.0, 196.0, -521.0, -98.0, -146.0], "sv_exact": [498.0, 32.0, 196.0, -521.0, -98.0, -146.0], "sv_shortst_cube": [498.0, 32.0, 196.0, -521.0, -98.0, -146.0]}, {"B": [[804, -578, -581, 261, 565, 443], [-103, 376, 107, -501, 181, -724], [331, 291, -780, -836, 852, -871], [-334, -991, -728, -585, -511, -268], [-794, 180, -654, 593, -77, 717], [-370, -552, -446, -852, -282, 275]], "G": [[1901656, -711535, 428437, 167106, 66457, 20825], [-711535, 971372, 1195515, -21484, -750654, -40454], [428437, 1195515, 2986083, 456021, -886173, 297261], [167106, -21484, 456021, 2298791, 63214, 1564122], [66457, -750654, -886173, 63214, 1962219, 199757], [20825, -40454, 297261, 1564122, 199757, 1521573]], "lincomb_exact": [-1.0, -2.0, 1.0, 0.0, 0.0, 0.0], "lincomb_LLL": [-1.0, -2.0, 1.0, 0.0, 0.0, 0.0], "lincomb_cube": [-1.0794181823730469, -2.324188232421875, 1.0, -0.0009738551452755928, -0.38144445419311523, -0.19130563735961914], "lincomb_cube_shortest": [-1.0, -2.0, 1.0, 0.0, 0.0, 0.0], "exact.norm": 536.798828125, "LLL.norm": 536.798828125, "shortest_cube.norm": 536.798828125, "sv_LLL": [-267.0, 117.0, -413.0, -95.0, -75.0, 134.0], "sv_exact": [-267.0, 117.0, -413.0, -95.0, -75.0, 134.0], "sv_shortst_cube": [-267.0, 117.0, -413.0, -95.0, -75.0, 134.0]}, {"B": [[-855, -217, -964, 654, -270, 206], [-488, 540, 606, 584, -613, -184], [962, -819, -811, 808, -948, -662], [680, -222, -74, 896, 206, -314], [677, 311, -491, 366, -968, -639], [-273, -744, -612, -683, -504, -612]], "G": [[2250462, 225418, 785037, 3790, 196092, 548157], [225418, 1647661, -228378, -41802, 464722, -616720], [785037, -228378, 4243738, 1632540, 2431176, 1174114], [3790, -41802, 1632540, 1461008, 756826, -498808], [196092, 464722, 2431176, 756826, 2275432, 513249], [548157, -616720, 1174114, -498808, 513249, 2097658]], "lincomb_exact": [0.0, 0.0, -1.0, 1.0, 1.0, 1.0], "lincomb_LLL": [0.0, 0.0, -1.0, 1.0, 1.0, 1.0], "lincomb_cube": [0.025909364223480225, 0.1897594928741455, -0.9086599349975586, 1.2048721313476562, 0.3035545349121094, 1.0], "lincomb_cube_shortest": [0.0, 0.0, -1.0, 1.0, 1.0, 1.0], "exact.norm": 1069.912109375, "LLL.norm": 1069.912109375, "shortest_cube.norm": 1069.912109375, "sv_LLL": [122.0, 164.0, -366.0, -229.0, -318.0, -903.0], "sv_exact": [122.0, 164.0, -366.0, -229.0, -318.0, -903.0], "sv_shortst_cube": [122.0, 164.0, -366.0, -229.0, -318.0, -903.0]}, {"B": [[834, -27, -760, 670, 876, 762], [932, 491, -475, 179, -654, -63], [-574, -593, 879, -569, 396, -881], [-665, 304, -858, 990, -960, -157], [-25, 235, 122, 649, -673, 941], [240, 572, -157, -35, 173, -351]], "G": [[3070805, 624051, -1836401, -208032, 442409, 164672], [624051, 1799056, -1548988, 751975, 531165, 481813], [-1836401, -1548988, 2710504, -1357897, -1482577, -217305], [-208032, 751975, -1357897, 3197154, 1124242, 3371], [442409, 531165, -1482577, 1124242, 1830345, -360169], [164672, 481813, -217305, 3371, -360169, 563788]], "lincomb_exact": [0.0, 0.0, 0.0, 0.0, 0.0, 1.0], "lincomb_LLL": [0.0, 0.0, 0.0, 0.0, 0.0, 1.0], "lincomb_cube": [0.09743762016296387, -0.18628835678100586, 0.2986874580383301, 0.01398324966430664, 0.4606332778930664, 1.0], "lincomb_cube_shortest": [0.0, 0.0, 0.0, 0.0, 0.0, 1.0], "exact.norm": 750.8583984375, "LLL.norm": 750.8583984375, "shortest_cube.norm": 750.8583984375, "sv_LLL": [240.0, 572.0, -157.0, -35.0, 173.0, -351.0], "sv_exact": [240.0, 572.0, -157.0, -35.0, 173.0, -351.0], "sv_shortst_cube": [240.0, 572.0, -157.0, -35.0, 173.0, -351.0]}, {"B": [[-209, 347, -332, -508, -875, -157], [-940, 679, 356, -446, 544, -84], [936, -524, -59, 267, 919, -277], [48, -676, -629, -958, -98, 546], [396, -932, -661, -562, -630, -281], [-55, -753, 23, 340, 547, -760]], "G": [[1322652, 77637, -1254136, 450916, 694147, -789457], [77637, 1973285, -852518, -399956, -1308848, -241631], [-1254136, -852518, 2146732, -60827, 246836, 1145728], [450916, -399956, -60827, 2080405, 1511519, -302365], [694147, -1308848, 246836, 1511519, 2254066, 342683], [-789457, -241631, 1145728, -302365, 342683, 1562972]], "lincomb_exact": [1.0, -1.0, 0.0, 1.0, -2.0, 1.0], "lincomb_LLL": [1.0, -1.0, 0.0, 1.0, -2.0, 1.0], "lincomb_cube": [1.331350326538086, -0.7497310638427734, 0.15639781951904297, 0.8859148025512695, -1.608560562133789, 1.0], "lincomb_cube_shortest": [1.0, -1.0, 0.0, 1.0, -2.0, 1.0], "exact.norm": 610.6376953125, "LLL.norm": 610.6376953125, "shortest_cube.norm": 610.6376953125, "sv_LLL": [-68.0, 103.0, 28.0, 444.0, 290.0, 275.0], "sv_exact": [-68.0, 103.0, 28.0, 444.0, 290.0, 275.0], "sv_shortst_cube": [-68.0, 103.0, 28.0, 444.0, 290.0, 275.0]}, {"B": [[-194, 556, 958, 426, -932, 109], [815, -226, 519, -290, -770, -376], [-445, 393, 419, 630, -88, -748], [25, -30, 928, 975, 767, 170], [-971, 728, -705, -375, 540, -546], [-537, 246, 351, -189, 446, 727]], "G": [[2326517, 766552, 975104, 586530, -804792, 160269], [766552, 1803038, -67724, -428473, -1423542, -873044], [975104, -67724, 1492183, 785511, 547442, -219402], [586530, -428473, 785511, 2430523, -744620, 586320], [-804792, -1423542, 547442, -744620, 2700191, 367833], [160269, -873044, -219402, 586320, 367833, 1235252]], "lincomb_exact": [-1.0, 0.0, 2.0, -1.0, -1.0, 1.0], "lincomb_LLL": [-1.0, 0.0, 2.0, -1.0, -1.0, 1.0], "lincomb_cube": [-0.7022457122802734, 0.06719076633453369, 1.253152847290039, -0.6966180801391602, -0.7562761306762695, 1.0], "lincomb_cube_shortest": [-1.0, 0.0, 2.0, -1.0, -1.0, 1.0], "exact.norm": 629.8974609375, "LLL.norm": 629.8974609375, "shortest_cube.norm": 629.8974609375, "sv_LLL": [-287.0, -222.0, 8.0, 45.0, -105.0, -502.0], "sv_exact": [-287.0, -222.0, 8.0, 45.0, -105.0, -502.0], "sv_shortst_cube": [-287.0, -222.0, 8.0, 45.0, -105.0, -502.0]}, {"B": [[-478, 554, 383, 164, 86, 583], [-597, -48, -757, 640, -809, -772], [-155, -599, 329, 418, -141, 653], [420, -711, 13, 42, -430, -948], [-854, -278, 801, 916, 292, -95], [-7, 71, 714, 936, 119, 966]], "G": [[1056270, -445847, 305376, -1172451, 680934, 1043058], [-445847, 2591827, -250293, 880153, 340177, -782710], [305376, -250293, 1112081, -175792, 842102, 1198729], [-1172451, 880153, -175792, 1767458, -147637, -971765], [680934, 340177, 842102, -147637, 2381546, 1358508], [1043058, -782710, 1198729, -971765, 1358508, 2338299]], "lincomb_exact": [1.0, 0.0, 0.0, 1.0, 0.0, 0.0], "lincomb_LLL": [1.0, 0.0, 0.0, 1.0, 0.0, 0.0], "lincomb_cube": [1.2940750122070312, -0.09197998046875, 0.05910402536392212, 1.0, -0.2822413444519043, -0.05878031253814697], "lincomb_cube_shortest": [1.0, 0.0, 0.0, 1.0, 0.0, 0.0], "exact.norm": 691.97265625, "LLL.norm": 691.97265625, "shortest_cube.norm": 691.97265625, "sv_LLL": [-58.0, -157.0, 396.0, 206.0, -344.0, -365.0], "sv_exact": [-58.0, -157.0, 396.0, 206.0, -344.0, -365.0], "sv_shortst_cube": [-58.0, -157.0, 396.0, 206.0, -344.0, -365.0]}, {"B": [[495, -966, 804, 875, -365, 891], [-207, 877, 970, -921, 610, -985], [-772, -700, 439, -373, 766, 318], [-378, 998, 673, -749, 638, 933], [189, 945, -855, -559, 711, 630], [-840, -728, -824, 234, 688, 743]], "G": [[3517328, -2075927, 324389, -667028, -1694045, 240595], [-2075927, 3943444, 469297, 1766306, 288291, -1791545], [324389, 469297, 2105714, 953442, -229280, 1472344], [-667028, 1766306, 953442, 3430351, 1756352, -6679], [-1694045, 288291, -229280, 1756352, 2874673, 684252], [240595, -1791545, 1472344, -6679, 684252, 2994709]], "lincomb_exact": [1.0, 1.0, -1.0, 0.0, 0.0, 1.0], "lincomb_LLL": [1.0, 1.0, -1.0, 0.0, 0.0, 1.0], "lincomb_cube": [0.3851909637451172, 0.7613525390625, -0.9773054122924805, 0.05982476472854614, -0.2018880844116211, 1.0], "lincomb_cube_shortest": [1.0, 1.0, -1.0, 0.0, 0.0, 1.0], "exact.norm": 880.5576171875, "LLL.norm": 880.5576171875, "shortest_cube.norm": 880.5576171875, "sv_LLL": [220.0, -117.0, 511.0, 561.0, 167.0, 331.0], "sv_exact": [220.0, -117.0, 511.0, 561.0, 167.0, 331.0], "sv_shortst_cube": [220.0, -117.0, 511.0, 561.0, 167.0, 331.0]}, {"B": [[-474, -233, 428, -733, -61, 579], [112, 632, -181, -931, 891, -274], [907, -793, 219, -123, 855, -321], [-994, 44, 939, -800, -844, 680], [-974, 988, -475, 684, 53, 937], [581, 5, -751, -406, 67, 656]], "G": [[1338400, 191614, -299272, 1894400, 66090, 75348], [191614, 2180447, 525041, -447003, -245016, 462102], [-299272, 525041, 2348654, -1572309, -2110521, 255180], [1894400, -447003, -1572309, 3686429, 610831, -568151], [66090, -245016, -2110521, 610831, 3499079, 136290], [75348, 462102, 255180, -568151, 136290, 1501248]], "lincomb_exact": [-1.0, 0.0, 1.0, 1.0, 0.0, 0.0], "lincomb_LLL": [-1.0, 0.0, 1.0, 1.0, 0.0, 0.0], "lincomb_cube": [-1.3110065460205078, 0.13018798828125, 0.6737937927246094, 1.0, 0.2553386688232422, 0.2664675712585449], "lincomb_cube_shortest": [-1.0, 0.0, 1.0, 1.0, 0.0, 0.0], "exact.norm": 1019.12109375, "LLL.norm": 1019.12109375, "shortest_cube.norm": 1019.12109375, "sv_LLL": [387.0, -516.0, 730.0, -190.0, 72.0, -220.0], "sv_exact": [387.0, -516.0, 730.0, -190.0, 72.0, -220.0], "sv_shortst_cube": [387.0, -516.0, 730.0, -190.0, 72.0, -220.0]}, {"B": [[762, -893, 514, -774, -434, -473], [16, 160, 80, 680, 330, 653], [720, 435, -48, 693, 73, 172], [252, 692, -27, 972, -654, 350], [-581, -863, 819, 19, 468, -520], [392, 575, 413, 608, 319, 862]], "G": [[2653450, -1067977, -513907, -1073852, 777045, -1019253], [-1067977, 1029965, 684926, 786282, -254056, 1212908], [-513907, 684926, 1225091, 1169810, -875146, 1105436], [-1073852, 786282, 1169810, 2038097, -1235325, 1169583], [777045, -254056, -875146, -1235325, 2242876, -673126], [-1019253, 1212908, 1105436, 1169583, -673126, 1869327]], "lincomb_exact": [0.0, -1.0, 0.0, 0.0, 0.0, 1.0], "lincomb_LLL": [0.0, -1.0, 0.0, 0.0, 0.0, 1.0], "lincomb_cube": [-0.17595815658569336, -1.1834373474121094, -0.20900487899780273, -0.0028093867003917694, 0.14392852783203125, 1.0], "lincomb_cube_shortest": [0.0, -1.0, 0.0, 0.0, 0.0, 1.0], "exact.norm": 688.095703125, "LLL.norm": 688.095703125, "shortest_cube.norm": 688.095703125, "sv_LLL": [376.0, 415.0, 333.0, -72.0, -11.0, 209.0], "sv_exact": [376.0, 415.0, 333.0, -72.0, -11.0, 209.0], "sv_shortst_cube": [376.0, 415.0, 333.0, -72.0, -11.0, 209.0]}, {"B": [[-645, -132, -239, 2, 418, 481], [794, -522, -33, 162, -740, -303], [576, -442, 427, 854, 437, 859], [541, -855, -258, -942, -279, -315], [293, -700, -964, -630, 119, 983], [-345, -320, 278, 734, 326, 545]], "G": [[896659, -890078, 182324, -444444, 655116, 598204], [-890078, 1569662, 228668, 1033679, 141885, -403531], [182324, 228668, 2367635, -617616, 424920, 1298879], [-444444, 1033679, -617616, 2154700, 1256339, -938826], [655116, 141885, 424920, 1256339, 2882495, -32968], [598204, -403531, 1298879, -938826, -32968, 1240766]], "lincomb_exact": [3.0, 1.0, 1.0, 0.0, -1.0, -2.0], "lincomb_LLL": [3.0, 1.0, 1.0, 0.0, -1.0, -2.0], "lincomb_cube": [-3.3716392517089844, -1.2326698303222656, -1.17535400390625, 0.08532559871673584, -1.0, 2.5461883544921875], "lincomb_cube_shortest": [-3.0, -1.0, -1.0, 1.0, -1.0, 3.0], "exact.norm": 327.99560546875, "LLL.norm": 327.99560546875, "shortest_cube.norm": 2689.49609375, "sv_LLL": [-168.0, -20.0, 85.0, 184.0, 180.0, -74.0], "sv_exact": [-168.0, -20.0, 85.0, 184.0, 180.0, -74.0], "sv_shortst_cube": [-222.0, 245.0, 1863.0, 868.0, -371.0, -1662.0]}, {"B": [[470, -752, -563, -435, -886, -214], [-111, -985, 134, -67, -524, 124], [267, 763, -608, 613, -312, 337], [813, -63, -381, 446, 613, -872], [354, 390, 401, 255, 633, 42], [484, -453, -63, 388, 139, -270]], "G": [[2123390, 1079981, -168323, 93469, -1033414, 369451], [1079981, 1294943, -698459, -538464, -713279, 251727], [-168323, -698459, 1609804, 188928, 121253, -74621], [93469, -538464, 188928, 2145168, 575586, 939729], [-1033414, -