[{"B": [[796, -314, -532, 773], [715, 367, 782, -2], [411, -443, -6, -183], [682, 436, 73, -643]], "G": [[1612765, 36332, 327991, -129907], [36332, 1257442, 126958, 706014], [327991, 126958, 398695, 204385], [-129907, 706014, 204385, 1073998]], "lincomb_exact": [0.0, 0.0, 1.0, 0.0], "lincomb_LLL": [0.0, 0.0, 1.0, 0.0], "lincomb_cube": [-0.22418522834777832, 0.04372507333755493, 1.0, -0.24616312980651855], "lincomb_cube_shortest": [0.0, 0.0, 1.0, 0.0], "exact.norm": 631.4228515625, "LLL.norm": 631.4228515625, "shortest_cube.norm": 631.4228515625, "sv_LLL": [411.0, -443.0, -6.0, -183.0], "sv_exact": [411.0, -443.0, -6.0, -183.0], "sv_shortst_cube": [411.0, -443.0, -6.0, -183.0]}, {"B": [[331, -316, 331, -728], [-575, -277, -666, 651], [-919, -773, 664, 420], [-385, 304, 81, -676]], "G": [[848962, -797167, -145897, 295440], [-797167, 1274711, 573742, -356855], [-145897, 573742, 2059386, -111313], [295440, -356855, -111313, 704178]], "lincomb_exact": [1.0, 1.0, 0.0, 0.0], "lincomb_LLL": [1.0, 1.0, 0.0, 0.0], "lincomb_cube": [1.0, 0.6463651657104492, -0.1151881217956543, -0.11020421981811523], "lincomb_cube_shortest": [1.0, 1.0, 0.0, 0.0], "exact.norm": 727.556640625, "LLL.norm": 727.556640625, "shortest_cube.norm": 727.556640625, "sv_LLL": [-244.0, -593.0, -335.0, -77.0], "sv_exact": [-244.0, -593.0, -335.0, -77.0], "sv_shortst_cube": [-244.0, -593.0, -335.0, -77.0]}, {"B": [[-500, -158, 130, -845], [475, -820, 353, 205], [239, -31, 793, 322], [-573, -681, 438, 54]], "G": [[1005889, -235275, -283602, 405408], [-235275, 1064659, 484884, 451929], [-283602, 484884, 790615, 248886], [405408, 451929, 248886, 986850]], "lincomb_exact": [0.0, 0.0, 1.0, 0.0], "lincomb_LLL": [0.0, 0.0, 1.0, 0.0], "lincomb_cube": [0.32210683822631836, -0.27436399459838867, 1.0, -0.2588820457458496], "lincomb_cube_shortest": [0.0, 0.0, 1.0, 0.0], "exact.norm": 889.1650390625, "LLL.norm": 889.1650390625, "shortest_cube.norm": 889.1650390625, "sv_LLL": [239.0, -31.0, 793.0, 322.0], "sv_exact": [239.0, -31.0, 793.0, 322.0], "sv_shortst_cube": [239.0, -31.0, 793.0, 322.0]}, {"B": [[788, -530, 635, 443], [910, 971, -300, -211], [-965, 911, -802, -500], [-550, 169, -899, 967]], "G": [[1501318, -81523, -1974020, -665454], [-81523, 1905462, 352531, -270738], [-1974020, 352531, 2654350, 922207], [-665454, -270738, 922207, 2074351]], "lincomb_exact": [1.0, 0.0, 1.0, 0.0], "lincomb_LLL": [1.0, 0.0, 1.0, 0.0], "lincomb_cube": [1.0, -0.10461628437042236, 0.7697734832763672, -0.035076022148132324], "lincomb_cube_shortest": [1.0, 0.0, 1.0, 0.0], "exact.norm": 455.662109375, "LLL.norm": 455.662109375, "shortest_cube.norm": 455.662109375, "sv_LLL": [-177.0, 381.0, -167.0, -57.0], "sv_exact": [-177.0, 381.0, -167.0, -57.0], "sv_shortst_cube": [-177.0, 381.0, -167.0, -57.0]}, {"B": [[215, 123, 946, 261], [400, 501, 238, 406], [-486, 126, 560, 99], [-471, 966, -385, 827]], "G": [[1024391, 478737, 466607, -130810], [478737, 632481, 42200, 539698], [466607, 42200, 575473, 216895], [-130810, 539698, 216895, 1987151]], "lincomb_exact": [2.0, -2.0, -2.0, 1.0], "lincomb_LLL": [2.0, -2.0, -2.0, 1.0], "lincomb_cube": [2.0373764038085938, -2.27117919921875, -1.8623046875, 1.0], "lincomb_cube_shortest": [2.0, -2.0, -2.0, 1.0], "exact.norm": 376.51953125, "LLL.norm": 376.51953125, "shortest_cube.norm": 376.51953125, "sv_LLL": [131.0, -42.0, -89.0, 339.0], "sv_exact": [131.0, -42.0, -89.0, 339.0], "sv_shortst_cube": [131.0, -42.0, -89.0, 339.0]}, {"B": [[872, 844, 942, 718], [925, -942, -965, 216], [-207, -274, 564, -549], [929, -843, 499, -471]], "G": [[2875608, -742390, -274654, 230476], [-742390, 2720870, -596211, 1070160], [-274654, -596211, 737422, 578694], [230476, 1070160, 578694, 2044532]], "lincomb_exact": [1.0, 2.0, 4.0, -2.0], "lincomb_LLL": [1.0, 2.0, 4.0, -2.0], "lincomb_cube": [1.0, 1.8574962615966797, 3.504009246826172, -2.0767822265625], "lincomb_cube_shortest": [1.0, 2.0, 4.0, -2.0], "exact.norm": 536.201171875, "LLL.norm": 536.201171875, "shortest_cube.norm": 536.201171875, "sv_LLL": [36.0, -450.0, 270.0, -104.0], "sv_exact": [36.0, -450.0, 270.0, -104.0], "sv_shortst_cube": [36.0, -450.0, 270.0, -104.0]}, {"B": [[-795, 68, -390, 124], [-7, -21, -439, -22], [-469, -889, 990, -149], [367, -214, -393, -560]], "G": [[804125, 172619, -92173, -222487], [172619, 193695, -409380, 186772], [-92173, -409380, 2012583, -287507], [-222487, 186772, -287507, 648534]], "lincomb_exact": [0.0, 1.0, 0.0, 0.0], "lincomb_LLL": [0.0, 1.0, 0.0, 0.0], "lincomb_cube": [-0.2874269485473633, 1.0, 0.1441483497619629, -0.3226923942565918], "lincomb_cube_shortest": [0.0, 1.0, 0.0, 0.0], "exact.norm": 440.10791015625, "LLL.norm": 440.10791015625, "shortest_cube.norm": 440.10791015625, "sv_LLL": [-7.0, -21.0, -439.0, -22.0], "sv_exact": [-7.0, -21.0, -439.0, -22.0], "sv_shortst_cube": [-7.0, -21.0, -439.0, -22.0]}, {"B": [[-188, 125, 664, -878], [-904, 322, 701, 552], [-193, -216, -383, 994], [249, 536, -338, -515]], "G": [[1262749, 191010, -1117760, 247926], [191010, 1717005, 385125, -573722], [-1117760, 385125, 1218630, -546289], [247926, -573722, -546289, 728766]], "lincomb_exact": [1.0, 0.0, 1.0, 0.0], "lincomb_LLL": [1.0, 0.0, 1.0, 0.0], "lincomb_cube": [1.0, -0.26482152938842773, 1.1370410919189453, 0.30365467071533203], "lincomb_cube_shortest": [1.0, 0.0, 1.0, 0.0], "exact.norm": 495.841796875, "LLL.norm": 495.841796875, "shortest_cube.norm": 495.841796875, "sv_LLL": [-381.0, -91.0, 281.0, 116.0], "sv_exact": [-381.0, -91.0, 281.0, 116.0], "sv_shortst_cube": [-381.0, -91.0, 281.0, 116.0]}, {"B": [[279, -704, -899, 978], [-690, 996, -898, -855], [-882, -530, 122, 92], [966, 418, 397, -85]], "G": [[2338142, -922582, 107340, -464791], [-922582, 3005545, -107516, -534043], [107340, -107516, 1082172, -1032938], [-464791, -534043, -1032938, 1272714]], "lincomb_exact": [1.0, 1.0, 3.0, 3.0], "lincomb_LLL": [1.0, 1.0, 3.0, 3.0], "lincomb_cube": [1.0, 1.0853500366210938, 3.5146560668945312, 3.6731224060058594], "lincomb_cube_shortest": [1.0, 1.0, 3.0, 3.0], "exact.norm": 324.88916015625, "LLL.norm": 324.88916015625, "shortest_cube.norm": 324.88916015625, "sv_LLL": [-159.0, -44.0, -240.0, 144.0], "sv_exact": [-159.0, -44.0, -240.0, 144.0], "sv_shortst_cube": [-159.0, -44.0, -240.0, 144.0]}, {"B": [[-80, -10, -590, 663], [-772, -652, -981, 892], [-874, -627, 64, -52], [-949, 947, 983, -788]], "G": [[794169, 1238466, 3954, -1035964], [1238466, 2779113, 974364, -1552035], [3954, 974364, 1163805, 339545], [-1035964, -1552035, 339545, 3384643]], "lincomb_exact": [2.0, -1.0, 1.0, 0.0], "lincomb_LLL": [2.0, -1.0, 1.0, 0.0], "lincomb_cube": [1.5852489471435547, -1.1319770812988281, 1.0, -0.13418054580688477], "lincomb_cube_shortest": [2.0, -1.0, 1.0, 0.0], "exact.norm": 482.51220703125, "LLL.norm": 482.51220703125, "shortest_cube.norm": 482.51220703125, "sv_LLL": [-262.0, 5.0, -135.0, 382.0], "sv_exact": [-262.0, 5.0, -135.0, 382.0], "sv_shortst_cube": [-262.0, 5.0, -135.0, 382.0]}, {"B": [[-417, 621, 376, 720], [-677, 565, 556, -467], [-698, -207, 597, -489], [81, 485, -506, 78]], "G": [[1219306, 505990, 34911, 133312], [505990, 1304779, 915886, -98574], [34911, 915886, 1125583, -497157], [133312, -98574, -497157, 503906]], "lincomb_exact": [0.0, -1.0, 1.0, 1.0], "lincomb_LLL": [0.0, -1.0, 1.0, 1.0], "lincomb_cube": [0.17886805534362793, -0.7108554840087891, 1.0, 0.8002281188964844], "lincomb_cube_shortest": [0.0, -1.0, 1.0, 1.0], "exact.norm": 552.56640625, "LLL.norm": 552.56640625, "shortest_cube.norm": 552.56640625, "sv_LLL": [60.0, -287.0, -465.0, 56.0], "sv_exact": [60.0, -287.0, -465.0, 56.0], "sv_shortst_cube": [60.0, -287.0, -465.0, 56.0]}, {"B": [[-238, 231, -694, -351], [-778, -138, 728, -826], [-822, -442, 588, -867], [-654, 438, 764, -230]], "G": [[714842, -62020, -10221, -192656], [-62020, 1836588, 1844718, 1194540], [-10221, 1844718, 1968481, 992634], [-192656, 1194540, 992634, 1256156]], "lincomb_exact": [0.0, -1.0, 1.0, 0.0], "lincomb_LLL": [0.0, -1.0, 1.0, 0.0], "lincomb_cube": [0.02074703574180603, -1.2892303466796875, 1.0, 0.43895816802978516], "lincomb_cube_shortest": [0.0, -1.0, 1.0, 0.0], "exact.norm": 340.04833984375, "LLL.norm": 340.04833984375, "shortest_cube.norm": 340.04833984375, "sv_LLL": [-44.0, -304.0, -140.0, -41.0], "sv_exact": [-44.0, -304.0, -140.0, -41.0], "sv_shortst_cube": [-44.0, -304.0, -140.0, -41.0]}, {"B": [[-632, 440, 796, -107], [-979, -763, -958, -320], [472, -739, 863, -996], [-244, 313, -696, -837]], "G": [[1238089, -445320, 170056, -172529], [-445320, 2560774, -406265, 934665], [170056, -406265, 2505690, -113471], [-172529, 934665, -113471, 1342490]], "lincomb_exact": [1.0, 0.0, 0.0, 0.0], "lincomb_LLL": [1.0, 0.0, 0.0, 0.0], "lincomb_cube": [1.0, 0.1632542610168457, -0.0408821702003479, 0.011398166418075562], "lincomb_cube_shortest": [1.0, 0.0, 0.0, 0.0], "exact.norm": 1112.693359375, "LLL.norm": 1112.693359375, "shortest_cube.norm": 1112.693359375, "sv_LLL": [-632.0, 440.0, 796.0, -107.0], "sv_exact": [-632.0, 440.0, 796.0, -107.0], "sv_shortst_cube": [-632.0, 440.0, 796.0, -107.0]}, {"B": [[-292, -413, -872, 34], [-549, 362, -626, -445], [452, -747, 355, 399], [-985, 967, 493, 676]], "G": [[1017373, 541544, -119467, -518663], [541544, 1022346, -918347, 281381], [-119467, -918347, 1047539, -722830], [-518663, 281381, -722830, 2605339]], "lincomb_exact": [0.0, 1.0, 1.0, 0.0], "lincomb_LLL": [0.0, 1.0, 1.0, 0.0], "lincomb_cube": [-0.40407562255859375, 1.0, 0.8664274215698242, 0.05193948745727539], "lincomb_cube_shortest": [0.0, 1.0, 1.0, 0.0], "exact.norm": 482.8984375, "LLL.norm": 482.8984375, "shortest_cube.norm": 482.8984375, "sv_LLL": [-97.0, -385.0, -271.0, -46.0], "sv_exact": [-97.0, -385.0, -271.0, -46.0], "sv_shortst_cube": [-97.0, -385.0, -271.0, -46.0]}, {"B": [[-468, 999, 466, -712], [840, -765, -290, -53], [520, 911, 349, 957], [994, -504, -573, -17]], "G": [[1941125, -1254759, 147979, -1223602], [-1254759, 1377734, -412046, 1387591], [147979, -412046, 2137971, -158510], [-1223602, 1387591, -158510, 1570670]], "lincomb_exact": [0.0, -1.0, 0.0, 1.0], "lincomb_LLL": [0.0, -1.0, 0.0, 1.0], "lincomb_cube": [-0.08938372135162354, -1.129648208618164, -0.13738751411437988, 1.0], "lincomb_cube_shortest": [0.0, -1.0, 0.0, 1.0], "exact.norm": 416.19970703125, "LLL.norm": 416.19970703125, "shortest_cube.norm": 416.19970703125, "sv_LLL": [154.0, 261.0, -283.0, 36.0], "sv_exact": [154.0, 261.0, -283.0, 36.0], "sv_shortst_cube": [154.0, 261.0, -283.0, 36.0]}, {"B": [[-528, 373, -850, 180], [328, 348, -581, -96], [-535, 900, -506, -115], [540, -534, 435, -751]], "G": [[1172813, 433190, 1027580, -989232], [433190, 575465, 442746, -189351], [1027580, 442746, 1365486, -903245], [-989232, -189351, -903245, 1329982]], "lincomb_exact": [-1.0, 0.0, 1.0, 0.0], "lincomb_LLL": [-1.0, 0.0, 1.0, 0.0], "lincomb_cube": [-0.6696567535400391, -0.21581268310546875, 1.0, 0.1503293514251709], "lincomb_cube_shortest": [-1.0, 0.0, 1.0, 0.0], "exact.norm": 695.08203125, "LLL.norm": 695.08203125, "shortest_cube.norm": 695.08203125, "sv_LLL": [-7.0, 527.0, 344.0, -295.0], "sv_exact": [-7.0, 527.0, 344.0, -295.0], "sv_shortst_cube": [-7.0, 527.0, 344.0, -295.0]}, {"B": [[-959, 499, -758, -58], [-767, -42, -389, -153], [-784, 439, -137, -779], [-870, 787, -720, 944]], "G": [[1746610, 1018331, 1119945, 1718051], [1018331, 764783, 755370, 769884], [1119945, 755370, 1432987, 390837], [1718051, 769884, 390837, 2785805]], "lincomb_exact": [-2.0, 1.0, 1.0, 1.0], "lincomb_LLL": [-2.0, 1.0, 1.0, 1.0], "lincomb_cube": [-1.0327262878417969, 1.0, 0.18888640403747559, 0.33403921127319336], "lincomb_cube_shortest": [-2.0, 1.0, 1.0, 1.0], "exact.norm": 613.9130859375, "LLL.norm": 613.9130859375, "shortest_cube.norm": 613.9130859375, "sv_LLL": [-503.0, 186.0, 270.0, 128.0], "sv_exact": [-503.0, 186.0, 270.0, 128.0], "sv_shortst_cube": [-503.0, 186.0, 270.0, 128.0]}, {"B": [[569, -202, -921, 551], [66, 225, 599, -963], [-70, 838, -492, -128], [-701, -558, -928, 416]], "G": [[1516407, -1090188, 173498, 797751], [-1090188, 1341151, 12486, -1128296], [173498, 12486, 965592, -15206], [797751, -1128296, -15206, 1837005]], "lincomb_exact": [1.0, 1.0, 0.0, 0.0], "lincomb_LLL": [1.0, 1.0, 0.0, 0.0], "lincomb_cube": [1.0, 0.9269542694091797, -0.18956446647644043, 0.13350272178649902], "lincomb_cube_shortest": [1.0, 1.0, 0.0, 0.0], "exact.norm": 822.9111328125, "LLL.norm": 822.9111328125, "shortest_cube.norm": 822.9111328125, "sv_LLL": [635.0, 23.0, -322.0, -412.0], "sv_exact": [635.0, 23.0, -322.0, -412.0], "sv_shortst_cube": [635.0, 23.0, -322.0, -412.0]}, {"B": [[109, 889, 799, -821], [-611, -104, -145, -741], [-914, 390, -521, -571], [-331, -58, 766, 95]], "G": [[2114644, 333451, 299596, 446398], [333451, 954243, 1016550, 26808], [299596, 1016550, 1584978, -173417], [446398, 26808, -173417, 708706]], "lincomb_exact": [0.0, -1.0, 1.0, 0.0], "lincomb_LLL": [0.0, -1.0, 1.0, 0.0], "lincomb_cube": [-0.039954543113708496, -1.0600414276123047, 1.0, 0.30995941162109375], "lincomb_cube_shortest": [0.0, -1.0, 1.0, 0.0], "exact.norm": 711.421875, "LLL.norm": 711.421875, "shortest_cube.norm": 711.421875, "sv_LLL": [-303.0, 494.0, -376.0, 170.0], "sv_exact": [-303.0, 494.0, -376.0, 170.0], "sv_shortst_cube": [-303.0, 494.0, -376.0, 170.0]}, {"B": [[-403, -160, -280, -964], [-787, -523, 398, -326], [-603, -902, 403, -497], [-936, 636, -226, -42]], "G": [[1195705, 603665, 753597, 379216], [603665, 1157578, 1268723, 327748], [753597, 1268723, 1586631, -79468], [379216, 327748, -79468, 1333432]], "lincomb_exact": [0.0, -1.0, 1.0, 0.0], "lincomb_LLL": [0.0, -1.0, 1.0, 0.0], "lincomb_cube": [-0.19579076766967773, -1.1033344268798828, 1.0, 0.38646936416625977], "lincomb_cube_shortest": [0.0, -1.0, 1.0, 0.0], "exact.norm": 454.7119140625, "LLL.norm": 454.7119140625, "shortest_cube.norm": 454.7119140625, "sv_LLL": [184.0, -379.0, 5.0, -171.0], "sv_exact": [184.0, -379.0, 5.0, -171.0], "sv_shortst_cube": [184.0, -379.0, 5.0, -171.0]}, {"B": [[369, 52, 363, 391], [628, -403, 58, 27], [132, 513, 994, 403], [-56, -135, 794, -278]], "G": [[423515, 242387, 593779, 151840], [242387, 560886, -55310, 57783], [593779, -55310, 1431038, 600555], [151840, 57783, 600555, 729081]], "lincomb_exact": [-2.0, 1.0, 1.0, 0.0], "lincomb_LLL": [-2.0, 1.0, 1.0, 0.0], "lincomb_cube": [-1.7921886444091797, 1.0, 1.0070114135742188, -0.5354995727539062], "lincomb_cube_shortest": [-2.0, 1.0, 1.0, 0.0], "exact.norm": 480.3125, "LLL.norm": 480.3125, "shortest_cube.norm": 480.3125, "sv_LLL": [22.0, 6.0, 326.0, -352.0], "sv_exact": [22.0, 6.0, 326.0, -352.0], "sv_shortst_cube": [22.0, 6.0, 326.0, -352.0]}, {"B": [[-649, -529, 536, -590], [943, -40, -638, 427], [-128, -487, -546, -997], [-769, -413, -920, -531]], "G": [[1336438, -1184745, 636269, 537728], [-1184745, 1480222, -178595, -348424], [636269, -178595, 1545678, 1331290], [537728, -348424, 1331290, 1890291]], "lincomb_exact": [1.0, 1.0, 0.0, 0.0], "lincomb_LLL": [1.0, 1.0, 0.0, 0.0], "lincomb_cube": [1.0, 0.7907638549804688, -0.5104198455810547, 0.2207648754119873], "lincomb_cube_shortest": [1.0, 1.0, 0.0, 0.0], "exact.norm": 668.7080078125, "LLL.norm": 668.7080078125, "shortest_cube.norm": 668.7080078125, "sv_LLL": [294.0, -569.0, -102.0, -163.0], "sv_exact": [294.0, -569.0, -102.0, -163.0], "sv_shortst_cube": [294.0, -569.0, -102.0, -163.0]}, {"B": [[424, -344, -353, 905], [-113, -102, 133, -34], [427, -655, 771, 68], [691, -682, -854, 138]], "G": [[1241746, -90543, 195745, 953944], [-90543, 42018, 118790, -126793], [195745, 118790, 1210419, 92717], [953944, -126793, 92717, 1690965]], "lincomb_exact": [0.0, 1.0, 0.0, 0.0], "lincomb_LLL": [0.0, 1.0, 0.0, 0.0], "lincomb_cube": [0.049492716789245605, 1.0, -0.11021113395690918, 0.0531046986579895], "lincomb_cube_shortest": [0.0, 1.0, 0.0, 0.0], "exact.norm": 204.98291015625, "LLL.norm": 204.98291015625, "shortest_cube.norm": 204.98291015625, "sv_LLL": [-113.0, -102.0, 133.0, -34.0], "sv_exact": [-113.0, -102.0, 133.0, -34.0], "sv_shortst_cube": [-113.0, -102.0, 133.0, -34.0]}, {"B": [[478, -507, 465, -365], [-103, 743, -355, 633], [114, -129, 695, -114], [-582, 422, -902, -266]], "G": [[834983, -822055, 484680, -814490], [-822055, 1089372, -426476, 525324], [484680, -426476, 525658, -717352], [-814490, 525324, -717352, 1401168]], "lincomb_exact": [1.0, 1.0, 0.0, 0.0], "lincomb_LLL": [1.0, 1.0, 0.0, 0.0], "lincomb_cube": [1.0, 0.6107616424560547, 0.18007731437683105, 0.4445013999938965], "lincomb_cube_shortest": [1.0, 1.0, 0.0, 0.0], "exact.norm": 529.3818359375, "LLL.norm": 529.3818359375, "shortest_cube.norm": 529.3818359375, "sv_LLL": [375.0, 236.0, 110.0, 268.0], "sv_exact": [375.0, 236.0, 110.0, 268.0], "sv_shortst_cube": [375.0, 236.0, 110.0, 268.0]}, {"B": [[-313, 795, -742, -259], [465, -907, 611, 179], [722, -631, -531, -19], [-281, 846, -362, 751]], "G": [[1347639, -1366333, -328708, 834618], [-1366333, 1444236, 580205, -984740], [-328708, 580205, 1201767, -558755], [834618, -984740, -558755, 1489722]], "lincomb_exact": [1.0, 1.0, 0.0, 0.0], "lincomb_LLL": [1.0, 1.0, 0.0, 0.0], "lincomb_cube": [1.0, 1.0839176177978516, -0.21455979347229004, 0.07576775550842285], "lincomb_cube_shortest": [1.0, 1.0, 0.0, 0.0], "exact.norm": 243.3291015625, "LLL.norm": 243.3291015625, "shortest_cube.norm": 243.3291015625, "sv_LLL": [152.0, -112.0, -131.0, -80.0], "sv_exact": [152.0, -112.0, -131.0, -80.0], "sv_shortst_cube": [152.0, -112.0, -131.0, -80.0]}, {"B": [[-35, -446, -796, 509], [133, 619, -125, -992], [-780, 209, -194, -891], [-705, 767, -209, 73]], "G": [[1092838, -686157, -365009, -113886], [-686157, 1400539, 933753, 334717], [-365009, 933753, 1483598, 685706], [-113886, 334717, 685706, 1134324]], "lincomb_exact": [0.0, -1.0, 1.0, 0.0], "lincomb_LLL": [0.0, -1.0, 1.0, 0.0], "lincomb_cube": [-0.09343743324279785, -0.6086997985839844, 1.0, -0.43427181243896484], "lincomb_cube_shortest": [0.0, -1.0, 1.0, 0.0], "exact.norm": 1008.28125, "LLL.norm": 1008.28125, "shortest_cube.norm": 1008.28125, "sv_LLL": [-913.0, -410.0, -69.0, 101.0], "sv_exact": [-913.0, -410.0, -69.0, 101.0], "sv_shortst_cube": [-913.0, -410.0, -69.0, 101.0]}, {"B": [[811, -587, -111, -708], [-966, 706, -545, -671], [-315, 328, 751, 337], [20, 259, 270, 773]], "G": [[1515875, -662285, -769958, -713067], [-662285, 2178858, -99564, -502299], [-769958, -99564, 884379, 541923], [-713067, -502299, 541923, 737910]], "lincomb_exact": [1.0, 1.0, 0.0, 2.0], "lincomb_LLL": [1.0, 1.0, 0.0, 2.0], "lincomb_cube": [1.0, 0.5991802215576172, 0.1745617389678955, 1.2460002899169922], "lincomb_cube_shortest": [1.0, 1.0, 0.0, 2.0], "exact.norm": 678.482421875, "LLL.norm": 678.482421875, "shortest_cube.norm": 678.482421875, "sv_LLL": [-115.0, 637.0, -116.0, 167.0], "sv_exact": [-115.0, 637.0, -116.0, 167.0], "sv_shortst_cube": [-115.0, 637.0, -116.0, 167.0]}, {"B": [[-712, 176, 37, -52], [952, 510, 411, -186], [456, -852, 828, -688], [629, 847, -133, 692]], "G": [[541993, -563185, -408212, -339681], [-563185, 1369921, 467868, 847403], [-408212, 467868, 2092768, -1021040], [-339681, 847403, -1021040, 1609603]], "lincomb_exact": [0.0, -1.0, 1.0, 1.0], "lincomb_LLL": [0.0, -1.0, 1.0, 1.0], "lincomb_cube": [0.6616525650024414, -0.8130655288696289, 1.0, 1.2020263671875], "lincomb_cube_shortest": [0.0, -1.0, 1.0, 1.0], "exact.norm": 632.1943359375, "LLL.norm": 632.1943359375, "shortest_cube.norm": 632.1943359375, "sv_LLL": [133.0, -515.0, 284.0, 190.0], "sv_exact": [133.0, -515.0, 284.0, 190.0], "sv_shortst_cube": [133.0, -515.0, 284.0, 190.0]}, {"B": [[632, 51, 334, 734], [91, -631, -446, -210], [933, 908, 888, 88], [897, 442, 968, -620]], "G": [[1052337, -277773, 997148, 457678], [-277773, 649458, -902573, -498803], [997148, -902573, 2491241, 2043261], [457678, -498803, 2043261, 2321397]], "lincomb_exact": [0.0, -1.0, -1.0, 1.0], "lincomb_LLL": [0.0, -1.0, -1.0, 1.0], "lincomb_cube": [0.6692266464233398, -0.9221153259277344, -1.4221248626708984, 1.0], "lincomb_cube_shortest": [0.0, -1.0, -1.0, 1.0], "exact.norm": 753.6806640625, "LLL.norm": 753.6806640625, "shortest_cube.norm": 753.6806640625, "sv_LLL": [-127.0, 165.0, 526.0, -498.0], "sv_exact": [-127.0, 165.0, 526.0, -498.0], "sv_shortst_cube": [-127.0, 165.0, 526.0, -498.0]}, {"B": [[468, -136, 804, 956], [-969, 439, -85, -296], [659, -709, 682, -269], [843, -811, -158, -120]], "G": [[1797872, -864512, 696000, 263068], [-864512, 1226523, -928168, -1123946], [696000, -928168, 1474447, 1055060], [263068, -1123946, 1055060, 1407734]], "lincomb_exact": [0.0, 1.0, 0.0, 1.0], "lincomb_LLL": [0.0, 1.0, 0.0, 1.0], "lincomb_cube": [0.42742252349853516, 1.0, -0.18635869026184082, 0.8582048416137695], "lincomb_cube_shortest": [0.0, 1.0, 0.0, 1.0], "exact.norm": 621.58203125, "LLL.norm": 621.58203125, "shortest_cube.norm": 621.58203125, "sv_LLL": [-126.0, -372.0, -243.0, -416.0], "sv_exact": [-126.0, -372.0, -243.0, -416.0], "sv_shortst_cube": [-126.0, -372.0, -243.0, -416.0]}, {"B": [[-466, 63, 536, -213], [71, -218, 653, -852], [257, 812, -38, -698], [472, -328, 944, -174]], "G": [[553790, 484664, 59700, 302430], [484664, 1204878, 411113, 869696], [59700, 411113, 1214041, -59452], [302430, 869696, -59452, 1251780]], "lincomb_exact": [1.0, 0.0, 0.0, 0.0], "lincomb_LLL": [1.0, 0.0, 0.0, 0.0], "lincomb_cube": [1.0, -0.5719432830810547, 0.15248632431030273, 0.1630101203918457], "lincomb_cube_shortest": [1.0, 0.0, 0.0, 0.0], "exact.norm": 744.1708984375, "LLL.norm": 744.1708984375, "shortest_cube.norm": 744.1708984375, "sv_LLL": [-466.0, 63.0, 536.0, -213.0], "sv_exact": [-466.0, 63.0, 536.0, -213.0], "sv_shortst_cube": [-466.0, 63.0, 536.0, -213.0]}, {"B": [[65, -495, 995, 661], [-451, 672, 101, 649], [-893, 142, -828, -405], [-11, -332, -71, -161]], "G": [[1676196, 167529, -1219900, -13441], [167529, 1086387, 151694, -329803], [-1219900, 151694, 1667222, 86672], [-13441, -329803, 86672, 141307]], "lincomb_exact": [0.0, 0.0, 0.0, 1.0], "lincomb_LLL": [0.0, 0.0, 0.0, 1.0], "lincomb_cube": [-0.19354796409606934, 0.3650960922241211, -0.2268228530883789, 1.0], "lincomb_cube_shortest": [0.0, 0.0, 0.0, 1.0], "exact.norm": 375.908203125, "LLL.norm": 375.908203125, "shortest_cube.norm": 375.908203125, "sv_LLL": [-11.0, -332.0, -71.0, -161.0], "sv_exact": [-11.0, -332.0, -71.0, -161.0], "sv_shortst_cube": [-11.0, -332.0, -71.0, -161.0]}, {"B": [[-996, -933, -28, 708], [-999, 323, 680, -434], [-935, -340, -720, -42], [701, -985, 771, -450]], "G": [[2364553, 367333, 1238904, -119379], [367333, 1753086, 352873, -298874], [1238904, 352873, 1509989, -856755], [-119379, -298874, -856755, 2258567]], "lincomb_exact": [1.0, 0.0, -1.0, 0.0], "lincomb_LLL": [-1.0, 0.0, 1.0, 0.0], "lincomb_cube": [1.0, -0.06623649597167969, -0.9938936233520508, -0.3329281806945801], "lincomb_cube_shortest": [1.0, 0.0, -1.0, 0.0], "exact.norm": 1181.8359375, "LLL.norm": 1181.8359375, "shortest_cube.norm": 1181.8359375, "sv_LLL": [61.0, 593.0, -692.0, -750.0], "sv_exact": [-61.0, -593.0, 692.0, 750.0], "sv_shortst_cube": [-61.0, -593.0, 692.0, 750.0]}, {"B": [[886, 451, -326, -627], [-489, 523, -681, -756], [-333, 612, -809, 523], [767, -114, -268, 699]], "G": [[1487802, 498637, -83213, 277243], [498637, 1547947, 638454, -780621], [-83213, 638454, 1413443, 257210], [277243, -780621, 257210, 1161710]], "lincomb_exact": [-1.0, 1.0, -1.0, 1.0], "lincomb_LLL": [-1.0, 1.0, -1.0, 1.0], "lincomb_cube": [-0.5485696792602539, 1.0, -0.6565523147583008, 0.9482402801513672], "lincomb_cube_shortest": [-1.0, 1.0, -1.0, 1.0], "exact.norm": 734.9462890625, "LLL.norm": 734.9462890625, "shortest_cube.norm": 734.9462890625, "sv_LLL": [-275.0, -654.0, 186.0, 47.0], "sv_exact": [-275.0, -654.0, 186.0, 47.0], "sv_shortst_cube": [-275.0, -654.0, 186.0, 47.0]}, {"B": [[809, -384, 165, -912], [-745, 503, -398, 30], [-46, -777, -982, 810], [703, -882, -674, 472]], "G": [[1660906, -888887, -639596, 365741], [-888887, 967338, 58575, -684969], [-639596, 58575, 2226269, 1697164], [365741, -684969, 1697164, 1949193]], "lincomb_exact": [0.0, 1.0, -1.0, 1.0], "lincomb_LLL": [0.0, 1.0, -1.0, 1.0], "lincomb_cube": [-0.21286416053771973, 1.0, -1.147439956665039, 1.3904285430908203], "lincomb_cube_shortest": [0.0, 1.0, -1.0, 1.0], "exact.norm": 511.25732421875, "LLL.norm": 511.25732421875, "shortest_cube.norm": 511.25732421875, "sv_LLL": [4.0, 398.0, -90.0, -308.0], "sv_exact": [4.0, 398.0, -90.0, -308.0], "sv_shortst_cube": [4.0, 398.0, -90.0, -308.0]}, {"B": [[-169, 473, 541, -461], [-528, -468, -629, -544], [-114, -772, 943, -157], [491, 443, -214, 33]], "G": [[757492, -221637, 236650, -4427], [-221637, 1189385, -86251, -349918], [236650, -86251, 1522878, -604953], [-4427, -349918, -604953, 484215]], "lincomb_exact": [0.0, 0.0, 0.0, 1.0], "lincomb_LLL": [0.0, 0.0, 0.0, 1.0], "lincomb_cube": [-0.03222006559371948, 0.31867551803588867, 0.42029905319213867, 1.0], "lincomb_cube_shortest": [0.0, 0.0, 0.0, 1.0], "exact.norm": 695.85546875, "LLL.norm": 695.85546875, "shortest_cube.norm": 695.85546875, "sv_LLL": [491.0, 443.0, -214.0, 33.0], "sv_exact": [491.0, 443.0, -214.0, 33.0], "sv_shortst_cube": [491.0, 443.0, -214.0, 33.0]}, {"B": [[902, -723, 907, 343], [951, -884, 17, -789], [309, -399, -901, -555], [682, 133, -184, 502]], "G": [[2276631, 1241726, -440377, 524303], [1241726, 2308667, 1069153, 131804], [-440377, 1069153, 1374508, 44845], [524303, 131804, 44845, 768673]], "lincomb_exact": [-1.0, 1.0, -1.0, 1.0], "lincomb_LLL": [-1.0, 1.0, -1.0, 1.0], "lincomb_cube": [-0.862797737121582, 1.0, -1.0699176788330078, 0.47945499420166016], "lincomb_cube_shortest": [-1.0, 1.0, -1.0, 1.0], "exact.norm": 592.6884765625, "LLL.norm": 592.6884765625, "shortest_cube.norm": 592.6884765625, "sv_LLL": [422.0, 371.0, -173.0, -75.0], "sv_exact": [422.0, 371.0, -173.0, -75.0], "sv_shortst_cube": [422.0, 371.0, -173.0, -75.0]}, {"B": [[-385, -736, 96, 905], [-547, 209, 897, 918], [-171, -457, 547, -544], [997, 324, -595, -107]], "G": [[1518162, 973673, -37621, -776264], [973673, 1990223, -10709, -1109584], [-37621, -10709, 833235, -585812], [-776264, -1109584, -585812, 1464459]], "lincomb_exact": [0.0, 0.0, 1.0, 0.0], "lincomb_LLL": [0.0, 0.0, 1.0, 0.0], "lincomb_cube": [0.20021891593933105, 0.3282904624938965, 1.0, 0.7548866271972656], "lincomb_cube_shortest": [0.0, 0.0, 1.0, 0.0], "exact.norm": 912.8173828125, "LLL.norm": 912.8173828125, "shortest_cube.norm": 912.8173828125, "sv_LLL": [-171.0, -457.0, 547.0, -544.0], "sv_exact": [-171.0, -457.0, 547.0, -544.0], "sv_shortst_cube": [-171.0, -457.0, 547.0, -544.0]}, {"B": [[-476, -153, -213, 714], [563, -757, 368, -3], [804, 936, -670, -648], [-644, 899, -850, 903]], "G": [[805150, -232693, -845874, 994789], [-232693, 1025451, -500516, -1358624], [-845874, -500516, 2391316, 308044], [994789, -1358624, 308044, 2760846]], "lincomb_exact": [-1.0, 1.0, 0.0, 1.0], "lincomb_LLL": [-1.0, 1.0, 0.0, 1.0], "lincomb_cube": [-1.9778728485107422, 1.0, -0.6549320220947266, 1.2778472900390625], "lincomb_cube_shortest": [-1.0, 1.0, 0.0, 1.0], "exact.norm": 591.61328125, "LLL.norm": 591.61328125, "shortest_cube.norm": 591.61328125, "sv_LLL": [395.0, 295.0, -269.0, 186.0], "sv_exact": [395.0, 295.0, -269.0, 186.0], "sv_shortst_cube": [395.0, 295.0, -269.0, 186.0]}, {"B": [[-207, 975, -340, -265], [873, -348, -610, 6], [875, 768, -132, 3], [-644, 479, -482, -146]], "G": [[1179299, -314201, 611760, 802903], [-314201, 1255369, 577149, -435760], [611760, 577149, 1372882, -132442], [802903, -435760, -132442, 897817]], "lincomb_exact": [-2.0, 0.0, 1.0, 2.0], "lincomb_LLL": [-2.0, 0.0, 1.0, 2.0], "lincomb_cube": [-1.5205917358398438, -0.381345272064209, 1.0, 1.3222675323486328], "lincomb_cube_shortest": [-2.0, 0.0, 1.0, 2.0], "exact.norm": 530.390625, "LLL.norm": 530.390625, "shortest_cube.norm": 530.390625, "sv_LLL": [1.0, -224.0, -416.0, 241.0], "sv_exact": [1.0, -224.0, -416.0, 241.0], "sv_shortst_cube": [1.0, -224.0, -416.0, 241.0]}, {"B": [[309, 529, -329, -152], [690, -737, 25, -124], [931, 630, 708, 289], [307, -792, 320, 624]], "G": [[506667, -166040, 344089, -524233], [-166040, 1035270, 159944, 726158], [344089, 159944, 1848446, 193753], [-524233, 726158, 193753, 1213289]], "lincomb_exact": [1.0, 0.0, 0.0, 0.0], "lincomb_LLL": [1.0, 0.0, 0.0, 0.0], "lincomb_cube": [1.0, -0.22909188270568848, -0.22983646392822266, 0.605891227722168], "lincomb_cube_shortest": [1.0, 0.0, 0.0, 0.0], "exact.norm": 711.8056640625, "LLL.norm": 711.8056640625, "shortest_cube.norm": 711.8056640625, "sv_LLL": [309.0, 529.0, -329.0, -152.0], "sv_exact": [309.0, 529.0, -329.0, -152.0], "sv_shortst_cube": [309.0, 529.0, -329.0, -152.0]}, {"B": [[568, 353, -565, -878], [223, 636, 169, 8], [955, -936, -994, 943], [-546, -982, -981, 320]], "G": [[1537342, 248663, -54312, -383469], [248663, 482850, -542773, -909539], [-54312, -542773, 3665406, 1674596], [-383469, -909539, 1674596, 2327201]], "lincomb_exact": [0.0, 1.0, 0.0, 0.0], "lincomb_LLL": [0.0, 1.0, 0.0, 0.0], "lincomb_cube": [-0.0610164999961853, 1.0, -0.03990638256072998, 0.40949106216430664], "lincomb_cube_shortest": [0.0, 1.0, 0.0, 0.0], "exact.norm": 694.8740234375, "LLL.norm": 694.8740234375, "shortest_cube.norm": 694.8740234375, "sv_LLL": [223.0, 636.0, 169.0, 8.0], "sv_exact": [223.0, 636.0, 169.0, 8.0], "sv_shortst_cube": [223.0, 636.0, 169.0, 8.0]}, {"B": [[-291, 425, 678, 244], [69, 970, 402, -524], [-482, -167, -927, 139], [658, 212, -912, 899]], "G": [[784526, 536871, -525303, -500358], [536871, 1381841, -640738, -586658], [-525303, -640738, 1138863, 617825], [-500358, -586658, 617825, 2117853]], "lincomb_exact": [1.0, 0.0, 0.0, 0.0], "lincomb_LLL": [1.0, 0.0, 0.0, 0.0], "lincomb_cube": [1.0, -0.21474432945251465, 0.2905125617980957, 0.09202265739440918], "lincomb_cube_shortest": [1.0, 0.0, 0.0, 0.0], "exact.norm": 885.734375, "LLL.norm": 885.734375, "shortest_cube.norm": 885.734375, "sv_LLL": [-291.0, 425.0, 678.0, 244.0], "sv_exact": [-291.0, 425.0, 678.0, 244.0], "sv_shortst_cube": [-291.0, 425.0, 678.0, 244.0]}, {"B": [[50, -126, -678, -842], [85, 907, 638, -133], [-437, -903, 813, 715], [36, -583, 853, 367]], "G": [[1187024, -430610, -1061316, -812090], [-430610, 1254607, -432567, -30318], [-1061316, -432567, 2178572, 1466611], [-812090, -30318, 1466611, 1203483]], "lincomb_exact": [0.0, 0.0, -1.0, 1.0], "lincomb_LLL": [0.0, 0.0, -1.0, 1.0], "lincomb_cube": [-0.14320945739746094, -0.30181026458740234, -0.8028907775878906, 1.0], "lincomb_cube_shortest": [0.0, 0.0, -1.0, 1.0], "exact.norm": 669.9501953125, "LLL.norm": 669.9501953125, "shortest_cube.norm": 669.9501953125, "sv_LLL": [473.0, 320.0, 40.0, -348.0], "sv_exact": [473.0, 320.0, 40.0, -348.0], "sv_shortst_cube": [473.0, 320.0, 40.0, -348.0]}, {"B": [[729, -691, 309, -536], [-128, -809, -214, -312], [481, -21, 784, 269], [-476, -842, 895, -909]], "G": [[1391699, 566813, 463232, 998597], [566813, 814005, -296283, 834184], [463232, -296283, 918819, 245885], [998597, 834184, 245885, 2562846]], "lincomb_exact": [-1.0, 1.0, 1.0, 0.0], "lincomb_LLL": [-1.0, 1.0, 1.0, 0.0], "lincomb_cube": [-0.4651651382446289, 1.0, 0.6112737655639648, -0.20288944244384766], "lincomb_cube_shortest": [-1.0, 1.0, 1.0, 0.0], "exact.norm": 686.92578125, "LLL.norm": 686.92578125, "shortest_cube.norm": 686.92578125, "sv_LLL": [-376.0, -139.0, 261.0, 493.0], "sv_exact": [-376.0, -139.0, 261.0, 493.0], "sv_shortst_cube": [-376.0, -139.0, 261.0, 493.0]}, {"B": [[919, -16, -541, 469], [742, -276, 172, 292], [-650, 409, 396, 117], [831, 757, 632, -946]], "G": [[1357459, 730210, -763257, -34009], [730210, 741588, -492908, 240142], [-763257, -492908, 760286, -90947], [-34009, 240142, -90947, 2557950]], "lincomb_exact": [0.0, 1.0, 1.0, 0.0], "lincomb_LLL": [0.0, 1.0, 1.0, 0.0], "lincomb_cube": [-0.41755008697509766, 1.0, 0.2181708812713623, -0.09167516231536865], "lincomb_cube_shortest": [0.0, 1.0, 1.0, 0.0], "exact.norm": 718.3720703125, "LLL.norm": 718.3720703125, "shortest_cube.norm": 718.3720703125, "sv_LLL": [92.0, 133.0, 568.0, 409.0], "sv_exact": [92.0, 133.0, 568.0, 409.0], "sv_shortst_cube": [92.0, 133.0, 568.0, 409.0]}, {"B": [[816, 758, 185, -330], [967, 907, -53, -706], [-967, -755, 152, -513], [85, -502, 851, 163]], "G": [[1383545, 1699753, -1163952, -207511], [1699753, 2258983, -1265752, -533300], [-1163952, -1265752, 1791387, 342548], [-207511, -533300, 342548, 1009999]], "lincomb_exact": [-1.0, 1.0, 0.0, 0.0], "lincomb_LLL": [-1.0, 1.0, 0.0, 0.0], "lincomb_cube": [-1.4065971374511719, 1.0, -0.2706151008605957, 0.3308067321777344], "lincomb_cube_shortest": [-1.0, 1.0, 0.0, 0.0], "exact.norm": 492.97265625, "LLL.norm": 492.97265625, "shortest_cube.norm": 492.97265625, "sv_LLL": [151.0, 149.0, -238.0, -376.0], "sv_exact": [151.0, 149.0, -238.0, -376.0], "sv_shortst_cube": [151.0, 149.0, -238.0, -376.0]}, {"B": [[-161, 367, -864, 69], [-665, -423, -118, 101], [-667, -260, 784, 730], [-669, -887, 871, -311]], "G": [[911867, 60745, -615039, -991823], [60745, 645279, 534753, 685897], [-615039, 534753, 1660045, 1132677], [-991823, 685897, 1132677, 2089692]], "lincomb_exact": [1.0, -1.0, 0.0, 1.0], "lincomb_LLL": [1.0, -1.0, 0.0, 1.0], "lincomb_cube": [1.0, -1.0091133117675781, 0.23124146461486816, 0.680506706237793], "lincomb_cube_shortest": [1.0, -1.0, 0.0, 1.0], "exact.norm": 412.19921875, "LLL.norm": 412.19921875, "shortest_cube.norm": 412.19921875, "sv_LLL": [-165.0, -97.0, 125.0, -343.0], "sv_exact": [-165.0, -97.0, 125.0, -343.0], "sv_shortst_cube": [-165.0, -97.0, 125.0, -343.0]}, {"B": [[478, 4, -456, 631], [958, -305, 716, -679], [87, 375, -935, -88], [-864, -466, -862, 42]], "G": [[834597, -298241, 413918, 4718], [-298241, 1984486, -640737, -1331292], [413918, -640737, 1030163, 552356], [4718, -1331292, 552356, 1708460]], "lincomb_exact": [1.0, 0.0, 0.0, 0.0], "lincomb_LLL": [1.0, 0.0, 0.0, 0.0], "lincomb_cube": [1.0, 0.215285062789917, -0.43109560012817383, 0.30437231063842773], "lincomb_cube_shortest": [1.0, 0.0, 0.0, 0.0], "exact.norm": 913.5625, "LLL.norm": 913.5625, "shortest_cube.norm": 913.5625, "sv_LLL": [478.0, 4.0, -456.0, 631.0], "sv_exact": [478.0, 4.0, -456.0, 631.0], "sv_shortst_cube": [478.0, 4.0, -456.0, 631.0]}, {"B": [[-508, 621, -316, -186], [256, -663, 520, 689], [-748, -850, 195, 226], [-502, -761, 472, -737]], "G": [[778157, -834245, -251522, -229635], [-834245, 1250226, 629176, 113678], [-251522, 629176, 1371105, 947824], [-229635, 113678, 947824, 1597078]], "lincomb_exact": [1.0, 1.0, 0.0, 0.0], "lincomb_LLL": [1.0, 1.0, 0.0, 0.0], "lincomb_cube": [1.0, 0.8660888671875, -0.45913171768188477, 0.35461997985839844], "lincomb_cube_shortest": [1.0, 1.0, 0.0, 0.0], "exact.norm": 599.9111328125, "LLL.norm": 599.9111328125, "shortest_cube.norm": 599.9111328125, "sv_LLL": [-252.0, -42.0, 204.0, 503.0], "sv_exact": [-252.0, -42.0, 204.0, 503.0], "sv_shortst_cube": [-252.0, -42.0, 204.0, 503.0]}, {"B": [[-63, -326, 33, 885], [-415, 187, 369, -262], [20, 437, 673, -300], [375, -553, -210, -63]], "G": [[894559, -254510, -387013, 93968], [-254510, 411999, 400356, -320020], [-387013, 400356, 734298, -356591], [93968, -320020, -356591, 494503]], "lincomb_exact": [0.0, 1.0, 0.0, 1.0], "lincomb_LLL": [0.0, 1.0, 0.0, 1.0], "lincomb_cube": [0.12099635601043701, 1.0, -0.27445507049560547, 0.42624998092651367], "lincomb_cube_shortest": [0.0, 1.0, 0.0, 1.0], "exact.norm": 516.19921875, "LLL.norm": 516.19921875, "shortest_cube.norm": 516.19921875, "sv_LLL": [-40.0, -366.0, 159.0, -325.0], "sv_exact": [-40.0, -366.0, 159.0, -325.0], "sv_shortst_cube": [-40.0, -366.0, 159.0, -325.0]}, {"B": [[502, -950, -555, -195], [772, -609, 52, -227], [915, 751, -579, -890], [753, 501, -582, -149]], "G": [[1500554, 981499, 240775, 254121], [981499, 1021098, 420943, 279766], [240775, 420943, 2528567, 1534834], [254121, 279766, 1534834, 1178935]], "lincomb_exact": [-1.0, 1.0, 0.0, 0.0], "lincomb_LLL": [-1.0, 1.0, 0.0, 0.0], "lincomb_cube": [-0.6507062911987305, 1.0, -0.21742987632751465, 0.18602466583251953], "lincomb_cube_shortest": [-1.0, 1.0, 0.0, 0.0], "exact.norm": 747.431640625, "LLL.norm": 747.431640625, "shortest_cube.norm": 747.431640625, "sv_LLL": [270.0, 341.0, 607.0, -32.0], "sv_exact": [270.0, 341.0, 607.0, -32.0], "sv_shortst_cube": [270.0, 341.0, 607.0, -32.0]}, {"B": [[-207, -732, 30, -956], [-153, 698, -627, -206], [643, 361, 659, -275], [68, 402, 713, -24]], "G": [[1493509, -301139, -114683, -264006], [-301139, 946178, -202944, -171915], [-114683, -202944, 1053676, 665313], [-264006, -171915, 665313, 675173]], "lincomb_exact": [0.0, 0.0, -1.0, 1.0], "lincomb_LLL": [0.0, 0.0, -1.0, 1.0], "lincomb_cube": [0.15169334411621094, 0.10230886936187744, -0.5952053070068359, 1.0], "lincomb_cube_shortest": [0.0, 0.0, -1.0, 1.0], "exact.norm": 631.048828125, "LLL.norm": 631.048828125, "shortest_cube.norm": 631.048828125, "sv_LLL": [-575.0, 41.0, 54.0, 251.0], "sv_exact": [-575.0, 41.0, 54.0, 251.0], "sv_shortst_cube": [-575.0, 41.0, 54.0, 251.0]}, {"B": [[349, 664, -304, -834], [-437, -102, 464, -445], [-83, -569, 944, 952], [257, -740, -936, 629]], "G": [[1350669, 9833, -1487727, -641709], [9833, 614694, 108685, -751038], [-1487727, 108685, 2128090, 114953], [-641709, -751038, 114953, 1885386]], "lincomb_exact": [2.0, 1.0, 1.0, 1.0], "lincomb_LLL": [2.0, 1.0, 1.0, 1.0], "lincomb_cube": [1.411865234375, 0.6102495193481445, 1.0, 0.6626625061035156], "lincomb_cube_shortest": [2.0, 1.0, 1.0, 1.0], "exact.norm": 705.431640625, "LLL.norm": 705.431640625, "shortest_cube.norm": 705.431640625, "sv_LLL": [435.0, -83.0, -136.0, -532.0], "sv_exact": [435.0, -83.0, -136.0, -532.0], "sv_shortst_cube": [435.0, -83.0, -136.0, -532.0]}, {"B": [[-697, 202, 527, 369], [-819, 981, 94, 771], [281, -730, -508, 150], [-196, 357, -196, 769]], "G": [[940503, 1103042, -555683, 389195], [1103042, 2236399, -878371, 1085216], [-555683, -878371, 892425, -100768], [389195, 1085216, -100768, 795642]], "lincomb_exact": [0.0, -1.0, -1.0, 1.0], "lincomb_LLL": [0.0, -1.0, -1.0, 1.0], "lincomb_cube": [0.19849443435668945, -0.7992210388183594, -0.5501241683959961, 1.0], "lincomb_cube_shortest": [0.0, -1.0, -1.0, 1.0], "exact.norm": 445.9013671875, "LLL.norm": 445.9013671875, "shortest_cube.norm": 445.9013671875, "sv_LLL": [342.0, 106.0, 218.0, -152.0], "sv_exact": [342.0, 106.0, 218.0, -152.0], "sv_shortst_cube": [342.0, 106.0, 218.0, -152.0]}, {"B": [[-162, 265, 344, 912], [75, 535, -309, -751], [157, -878, -189, 332], [-882, 780, 125, 615]], "G": [[1046549, -661583, -20336, 953464], [-661583, 951332, -648886, -149340], [-20336, -648886, 941478, -642759], [953464, -149340, -642759, 1780174]], "lincomb_exact": [1.0, 1.0, 1.0, 0.0], "lincomb_LLL": [1.0, 1.0, 1.0, 0.0], "lincomb_cube": [1.0, 1.0748462677001953, 0.6082363128662109, -0.22581887245178223], "lincomb_cube_shortest": [1.0, 1.0, 1.0, 0.0], "exact.norm": 527.01953125, "LLL.norm": 527.01953125, "shortest_cube.norm": 527.01953125, "sv_LLL": [70.0, -78.0, -154.0, 493.0], "sv_exact": [70.0, -78.0, -154.0, 493.0], "sv_shortst_cube": [70.0, -78.0, -154.0, 493.0]}, {"B": [[345, 910, 254, 869], [-378, 529, -838, 599], [-958, -949, -577, -520], [-296, -243, -815, -792]], "G": [[1766802, 658659, -1792538, -1218508], [658659, 1483770, 32149, 191903], [-1792538, 32149, 2421694, 1396270], [-1218508, 191903, 1396270, 1438154]], "lincomb_exact": [2.0, -1.0, 1.0, 1.0], "lincomb_LLL": [2.0, -1.0, 1.0, 1.0], "lincomb_cube": [1.9226760864257812, -0.9771461486816406, 1.0, 0.7885408401489258], "lincomb_cube_shortest": [2.0, -1.0, 1.0, 1.0], "exact.norm": 276.4814453125, "LLL.norm": 276.4814453125, "shortest_cube.norm": 276.4814453125, "sv_LLL": [-186.0, 99.0, -46.0, -173.0], "sv_exact": [-186.0, 99.0, -46.0, -173.0], "sv_shortst_cube": [-186.0, 99.0, -46.0, -173.0]}, {"B": [[925, -180, -737, -46], [831, 365, 659, -776], [-48, -65, 614, 43], [660, -678, -660, 48]], "G": [[1433310, 252988, -487196, 1216752], [252988, 1860243, 307645, -171198], [-487196, 307645, 385374, -390786], [1216752, -171198, -390786, 1333188]], "lincomb_exact": [-1.0, 0.0, 0.0, 1.0], "lincomb_LLL": [-1.0, 0.0, 0.0, 1.0], "lincomb_cube": [-1.1859893798828125, 0.3843193054199219, -0.7921075820922852, 1.0], "lincomb_cube_shortest": [-1.0, 0.0, 0.0, 1.0], "exact.norm": 577.056640625, "LLL.norm": 577.056640