[{"B": [[-740, -772, 225, 97], [616, -345, 216, 989], [-688, -47, -261, -731], [234, -844, -207, 624]], "G": [[1203618, -44967, 415772, 492361], [-44967, 1523258, -1186928, 1007748], [415772, -1186928, 1078035, -523441], [492361, 1007748, -523441, 1199317]], "lincomb_exact": [1.0, -6.0, -6.0, 2.0], "lincomb_LLL": [1.0, -6.0, -6.0, 2.0], "lincomb_cube": [1.0, -4.917594909667969, -5.066719055175781, 1.5101966857910156], "lincomb_cube_shortest": [1.0, -5.0, -5.0, 2.0], "exact.norm": 291.60595703125, "LLL.norm": 291.60595703125, "shortest_cube.norm": 511.9228515625, "sv_LLL": [160.0, -108.0, 81.0, -203.0], "sv_exact": [160.0, -108.0, 81.0, -203.0], "sv_shortst_cube": [88.0, -500.0, 36.0, 55.0]}, {"B": [[-452, 658, 307, -730], [-731, -147, -491, 941], [-725, 449, -368, 545], [323, 134, -155, -374]], "G": [[1264417, -603981, 112316, 167611], [-603981, 1682532, 1157505, -531640], [112316, 1157505, 1159675, -320799], [167611, -531640, -320799, 286186]], "lincomb_exact": [1.0, 2.0, -2.0, 1.0], "lincomb_LLL": [1.0, 2.0, -2.0, 1.0], "lincomb_cube": [0.3151559829711914, 0.8291463851928711, -0.5814895629882812, 1.0], "lincomb_cube_shortest": [0.0, 0.0, 0.0, 1.0], "exact.norm": 534.8466796875, "LLL.norm": 534.8466796875, "shortest_cube.norm": 534.9638671875, "sv_LLL": [-141.0, -400.0, -94.0, -312.0], "sv_exact": [-141.0, -400.0, -94.0, -312.0], "sv_shortst_cube": [323.0, 134.0, -155.0, -374.0]}, {"B": [[112, -829, -304, 26], [-225, -679, 688, -307], [-863, 761, 715, 256], [270, 939, 308, -581]], "G": [[792877, 320557, -938229, -856929], [320557, 1079259, 90784, -308060], [-938229, 90784, 1900651, 553053], [-856929, -308060, 553053, 1387046]], "lincomb_exact": [-5.0, 1.0, -2.0, -2.0], "lincomb_LLL": [-5.0, 1.0, -2.0, -2.0], "lincomb_cube": [-3.9900665283203125, 1.0, -1.5438556671142578, -1.6274242401123047], "lincomb_cube_shortest": [-3.0, 1.0, -1.0, -1.0], "exact.norm": 486.59033203125, "LLL.norm": 486.59033203125, "shortest_cube.norm": 590.9462890625, "sv_LLL": [401.0, 66.0, 162.0, 213.0], "sv_exact": [401.0, 66.0, 162.0, 213.0], "sv_shortst_cube": [32.0, 108.0, 577.0, -60.0]}, {"B": [[13, -289, -128, 723], [161, -246, 37, 405], [-100, 326, -113, -61], [546, -746, -128, 452]], "G": [[622803, 361266, -125153, 565872], [361266, 251831, -125182, 449746], [-125153, -125182, 132766, -310904], [565872, 449746, -310904, 1075320]], "lincomb_exact": [-1.0, 2.0, 1.0, 0.0], "lincomb_LLL": [-1.0, 2.0, 1.0, 0.0], "lincomb_cube": [-0.3557767868041992, 0.6194467544555664, 1.0, 0.2172696590423584], "lincomb_cube_shortest": [0.0, 0.0, 1.0, 0.0], "exact.norm": 259.62841796875, "LLL.norm": 259.62841796875, "shortest_cube.norm": 364.37060546875, "sv_LLL": [209.0, 123.0, 89.0, 26.0], "sv_exact": [209.0, 123.0, 89.0, 26.0], "sv_shortst_cube": [-100.0, 326.0, -113.0, -61.0]}, {"B": [[-775, -7, -523, -418], [-631, -865, -710, 931], [80, -386, -127, -272], [-48, -516, -364, 994]], "G": [[1048927, 477252, 120819, -184308], [477252, 2517247, 120348, 1660482], [120819, 120348, 245509, -28804], [-184308, 1660482, -28804, 1389092]], "lincomb_exact": [0.0, 0.0, 1.0, 0.0], "lincomb_LLL": [0.0, 0.0, 1.0, 0.0], "lincomb_cube": [0.7772426605224609, -1.3092060089111328, 1.0, 1.6888504028320312], "lincomb_cube_shortest": [1.0, -1.0, 1.0, 1.0], "exact.norm": 495.48876953125, "LLL.norm": 495.48876953125, "shortest_cube.norm": 707.1240234375, "sv_LLL": [80.0, -386.0, -127.0, -272.0], "sv_exact": [80.0, -386.0, -127.0, -272.0], "sv_shortst_cube": [-112.0, -44.0, -304.0, -627.0]}, {"B": [[747, 654, -356, -412], [795, 540, 370, 233], [-174, -177, 142, -583], [726, 741, 317, -833]], "G": [[1282205, 719309, -56092, 1257280], [719309, 1114814, -317209, 900511], [-56092, -317209, 421658, 273172], [1257280, 900511, 273172, 1870535]], "lincomb_exact": [1.0, 2.0, 3.0, -2.0], "lincomb_LLL": [1.0, 2.0, 3.0, -2.0], "lincomb_cube": [1.0, 1.089944839477539, 1.9089908599853516, -1.4756584167480469], "lincomb_cube_shortest": [1.0, 1.0, 2.0, -1.0], "exact.norm": 491.35205078125, "LLL.norm": 491.35205078125, "shortest_cube.norm": 700.94921875, "sv_LLL": [363.0, -279.0, 176.0, -29.0], "sv_exact": [363.0, -279.0, 176.0, -29.0], "sv_shortst_cube": [468.0, 99.0, -19.0, -512.0]}, {"B": [[205, -601, 698, -758], [-52, -376, -116, -817], [-444, 181, -441, 528], [855, 299, 417, 165]], "G": [[1464994, 753634, -907843, 161572], [753634, 825025, -425188, -340061], [-907843, -425188, 703162, -422278], [161572, -340061, -422278, 1021540]], "lincomb_exact": [0.0, 1.0, 1.0, 1.0], "lincomb_LLL": [0.0, 1.0, 1.0, 1.0], "lincomb_cube": [0.9160795211791992, 1.0, 2.5278549194335938, 1.2329483032226562], "lincomb_cube_shortest": [1.0, 1.0, 2.0, 1.0], "exact.norm": 417.93896484375, "LLL.norm": 417.93896484375, "shortest_cube.norm": 503.25048828125, "sv_LLL": [359.0, 104.0, -140.0, -124.0], "sv_exact": [359.0, 104.0, -140.0, -124.0], "sv_shortst_cube": [120.0, -316.0, 117.0, -354.0]}, {"B": [[773, 275, -368, 135], [225, 881, 994, 945], [588, -353, -353, -143], [787, 512, -135, 779]], "G": [[826803, 177983, 468048, 903996], [177983, 2707847, -664710, 1230112], [468048, -664710, 615411, 218278], [903996, 1230112, 218278, 1506579]], "lincomb_exact": [-2.0, 0.0, 1.0, 1.0], "lincomb_LLL": [-2.0, 0.0, 1.0, 1.0], "lincomb_cube": [-0.5978689193725586, 0.2982454299926758, 1.0, -0.029658257961273193], "lincomb_cube_shortest": [-1.0, 0.0, 1.0, 0.0], "exact.norm": 614.4765625, "LLL.norm": 614.4765625, "shortest_cube.norm": 711.419921875, "sv_LLL": [-171.0, -391.0, 248.0, 366.0], "sv_exact": [-171.0, -391.0, 248.0, 366.0], "sv_shortst_cube": [-185.0, -628.0, 15.0, -278.0]}, {"B": [[-170, -524, -833, -532], [-979, 876, 988, 36], [700, -398, 409, 984], [912, 203, -305, -348]], "G": [[1280389, -1134750, -774633, 177789], [-1134750, 2703257, -594432, -1028888], [-774633, -594432, 1783941, 90429], [177789, -1028888, 90429, 1087082]], "lincomb_exact": [3.0, 2.0, 2.0, 1.0], "lincomb_LLL": [3.0, 2.0, 2.0, 1.0], "lincomb_cube": [1.9944095611572266, 1.5075550079345703, 1.3176708221435547, 1.0], "lincomb_cube_shortest": [1.0, 1.0, 1.0, 1.0], "exact.norm": 451.908203125, "LLL.norm": 451.908203125, "shortest_cube.norm": 570.7001953125, "sv_LLL": [-156.0, -413.0, -10.0, 96.0], "sv_exact": [-156.0, -413.0, -10.0, 96.0], "sv_shortst_cube": [463.0, 157.0, 259.0, 140.0]}, {"B": [[133, 48, 186, -452], [573, -293, -337, -778], [-717, 368, 845, -360], [738, 937, 605, 73]], "G": [[258893, 351119, 242193, 222664], [351119, 1133031, -523350, -112346], [242193, -523350, 1493138, 300615], [222664, -112346, 300615, 1793967]], "lincomb_exact": [-2.0, 1.0, 1.0, 0.0], "lincomb_LLL": [-2.0, 1.0, 1.0, 0.0], "lincomb_cube": [-3.2636146545410156, 1.5061779022216797, 1.0, 0.33182716369628906], "lincomb_cube_shortest": [-3.0, 1.0, 1.0, 0.0], "exact.norm": 491.724609375, "LLL.norm": 491.724609375, "shortest_cube.norm": 591.298828125, "sv_LLL": [-410.0, -21.0, 136.0, -234.0], "sv_exact": [-410.0, -21.0, 136.0, -234.0], "sv_shortst_cube": [-543.0, -69.0, -50.0, 218.0]}, {"B": [[26, 657, -637, -601], [-933, -131, 495, 189], [-242, -162, -255, 33], [615, -621, 559, 801]], "G": [[1199295, -539229, 29876, -1229491], [-539229, 1168396, 127020, -64350], [29876, 127020, 150922, -164340], [-1229491, -64350, -164340, 1717948]], "lincomb_exact": [0.0, 0.0, 1.0, 0.0], "lincomb_LLL": [0.0, 0.0, 1.0, 0.0], "lincomb_cube": [1.05780029296875, 0.4273195266723633, 1.0, 0.8687076568603516], "lincomb_cube_shortest": [1.0, 0.0, 1.0, 1.0], "exact.norm": 388.48681640625, "LLL.norm": 388.48681640625, "shortest_cube.norm": 583.3134765625, "sv_LLL": [-242.0, -162.0, -255.0, 33.0], "sv_exact": [-242.0, -162.0, -255.0, 33.0], "sv_shortst_cube": [399.0, -126.0, -333.0, 233.0]}, {"B": [[-92, -163, -277, -76], [594, 664, 723, -216], [-198, 459, 608, -862], [564, 105, -144, -620]], "G": [[117538, -346735, -159505, 18005], [-346735, 1363117, 812940, 434544], [-159505, 812940, 1362593, 383411], [18005, 434544, 383411, 734257]], "lincomb_exact": [-3.0, -1.0, 0.0, 1.0], "lincomb_LLL": [-3.0, -1.0, 0.0, 1.0], "lincomb_cube": [-4.547798156738281, -1.5372810363769531, 0.10341238975524902, 1.0], "lincomb_cube_shortest": [-4.0, -1.0, 0.0, 1.0], "exact.norm": 312.55078125, "LLL.norm": 312.55078125, "shortest_cube.norm": 437.005859375, "sv_LLL": [246.0, -70.0, -36.0, -176.0], "sv_exact": [246.0, -70.0, -36.0, -176.0], "sv_shortst_cube": [338.0, 93.0, 241.0, -100.0]}, {"B": [[450, 755, 954, -175], [-277, 252, 859, -806], [889, -720, 265, 526], [-965, -160, 197, -912]], "G": [[1713266, 1026146, 17210, -207512], [1026146, 1527750, -624014, 1131280], [17210, -624014, 1655622, -1170192], [-207512, 1131280, -1170192, 1827378]], "lincomb_exact": [4.0, -6.0, 1.0, 5.0], "lincomb_LLL": [4.0, -6.0, 1.0, 5.0], "lincomb_cube": [3.2591705322265625, -4.669410705566406, 1.0, 3.901172637939453], "lincomb_cube_shortest": [3.0, -5.0, 1.0, 4.0], "exact.norm": 492.91796875, "LLL.norm": 492.91796875, "shortest_cube.norm": 687.611328125, "sv_LLL": [-474.0, -12.0, -88.0, 102.0], "sv_exact": [-474.0, -12.0, -88.0, 102.0], "sv_shortst_cube": [-236.0, -355.0, -380.0, 383.0]}, {"B": [[493, 361, -717, 396], [-317, -712, -472, 75], [215, 824, 756, 809], [159, -119, -771, 204]], "G": [[1044275, -45189, 181771, 669019], [-45189, 835842, -951000, 413537], [181771, -951000, 1951218, -481711], [669019, 413537, -481711, 675499]], "lincomb_exact": [-4.0, -2.0, 1.0, 6.0], "lincomb_LLL": [-4.0, -2.0, 1.0, 6.0], "lincomb_cube": [-5.487739562988281, -3.156982421875, 1.0, 8.080902099609375], "lincomb_cube_shortest": [-6.0, -4.0, 1.0, 9.0], "exact.norm": 359.75830078125, "LLL.norm": 359.75830078125, "shortest_cube.norm": 438.373046875, "sv_LLL": [-169.0, 90.0, -58.0, 299.0], "sv_exact": [-169.0, 90.0, -58.0, 299.0], "sv_shortst_cube": [-44.0, 435.0, 7.0, -31.0]}, {"B": [[-368, 863, -866, 757], [-821, 903, -326, -827], [43, -538, 542, 42], [-561, -679, 373, 144]], "G": [[2203198, 737694, -917696, -593539], [737694, 2279655, -732543, -393242], [-917696, -732543, 586821, 549393], [-593539, -393242, 549393, 935627]], "lincomb_exact": [0.0, 0.0, -1.0, 1.0], "lincomb_LLL": [0.0, 0.0, -1.0, 1.0], "lincomb_cube": [-0.5463342666625977, -0.37754249572753906, -2.2618942260742188, 1.0], "lincomb_cube_shortest": [-1.0, 0.0, -3.0, 1.0], "exact.norm": 650.8935546875, "LLL.norm": 650.8935546875, "shortest_cube.norm": 897.0830078125, "sv_LLL": [-604.0, -141.0, -169.0, 102.0], "sv_exact": [-604.0, -141.0, -169.0, 102.0], "sv_shortst_cube": [-322.0, 72.0, -387.0, -739.0]}, {"B": [[76, 562, -502, -160], [-97, -209, 151, 136], [595, -795, -628, -495], [455, 846, -939, -730]], "G": [[599224, -222392, -7114, 1098210], [-222392, 94387, -53708, -462018], [-7114, -53708, 1625459, 549197], [1098210, -462018, 549197, 2337362]], "lincomb_exact": [0.0, 5.0, 0.0, 1.0], "lincomb_LLL": [0.0, 5.0, 0.0, 1.0], "lincomb_cube": [-0.5249080657958984, 3.5309829711914062, -0.22349929809570312, 1.0], "lincomb_cube_shortest": [0.0, 4.0, 0.0, 1.0], "exact.norm": 277.23095703125, "LLL.norm": 277.23095703125, "shortest_cube.norm": 389.1142578125, "sv_LLL": [-30.0, -199.0, -184.0, -50.0], "sv_exact": [-30.0, -199.0, -184.0, -50.0], "sv_shortst_cube": [67.0, 10.0, -335.0, -186.0]}, {"B": [[-842, 131, 257, -294], [-522, 631, 730, 469], [-84, -936, -524, -902], [828, 165, -11, 864]], "G": [[878610, 571909, 78632, -932404], [571909, 1423506, -1352326, 69085], [78632, -1352326, 1971332, -997556], [-932404, 69085, -997556, 1459426]], "lincomb_exact": [2.0, 0.0, 1.0, 2.0], "lincomb_LLL": [2.0, 0.0, 1.0, 2.0], "lincomb_cube": [-0.4725499153137207, 1.123910903930664, 1.0, 0.3284187316894531], "lincomb_cube_shortest": [-1.0, 1.0, 1.0, 0.0], "exact.norm": 434.22119140625, "LLL.norm": 434.22119140625, "shortest_cube.norm": 517.41015625, "sv_LLL": [-112.0, -344.0, -32.0, 238.0], "sv_exact": [-112.0, -344.0, -32.0, 238.0], "sv_shortst_cube": [236.0, -436.0, -51.0, -139.0]}, {"B": [[-920, -689, 49, 474], [-463, -260, -753, 355], [-619, 463, -596, 894], [-932, 848, 500, 787]], "G": [[1548198, 736473, 645025, 670706], [736473, 975003, 932375, 113921], [645025, 932375, 1751982, 1375110], [670706, 113921, 1375110, 2457097]], "lincomb_exact": [-1.0, 3.0, -2.0, 1.0], "lincomb_LLL": [-1.0, 3.0, -2.0, 1.0], "lincomb_cube": [-0.6801328659057617, 1.8490028381347656, -1.5184917449951172, 1.0], "lincomb_cube_shortest": [-1.0, 2.0, -1.0, 1.0], "exact.norm": 776.328125, "LLL.norm": 776.328125, "shortest_cube.norm": 797.4951171875, "sv_LLL": [-163.0, -169.0, -616.0, -410.0], "sv_exact": [-163.0, -169.0, -616.0, -410.0], "sv_shortst_cube": [-319.0, 554.0, -459.0, 129.0]}, {"B": [[-932, 874, 41, -222], [414, -822, -301, 379], [-681, 743, -5, -722], [746, 10, 946, -694]], "G": [[1683465, -1200755, 1444153, -493678], [-1200755, 1081322, -1164813, -247148], [1444153, -1164813, 1537119, -4258], [-493678, -247148, -4258, 1933168]], "lincomb_exact": [0.0, 1.0, 1.0, 0.0], "lincomb_LLL": [0.0, 1.0, 1.0, 0.0], "lincomb_cube": [-1.1199531555175781, -0.23826932907104492, 1.0, -0.31426429748535156], "lincomb_cube_shortest": [-1.0, 0.0, 1.0, 0.0], "exact.norm": 537.4150390625, "LLL.norm": 537.4150390625, "shortest_cube.norm": 576.435546875, "sv_LLL": [-267.0, -79.0, -306.0, -343.0], "sv_exact": [-267.0, -79.0, -306.0, -343.0], "sv_shortst_cube": [251.0, -131.0, -46.0, -500.0]}, {"B": [[748, 761, 13, 886], [539, 229, -973, 386], [-285, 71, 666, -111], [711, 269, -99, 68]], "G": [[1923790, 906788, -248837, 795498], [906788, 1438687, -828220, 567405], [-248837, -828220, 542143, -257018], [795498, 567405, -257018, 592307]], "lincomb_exact": [-1.0, 2.0, 3.0, 1.0], "lincomb_LLL": [-1.0, 2.0, 3.0, 1.0], "lincomb_cube": [-0.6980104446411133, 1.1118927001953125, 1.852315902709961, 1.0], "lincomb_cube_shortest": [-1.0, 1.0, 2.0, 1.0], "exact.norm": 462.46923828125, "LLL.norm": 462.46923828125, "shortest_cube.norm": 712.734375, "sv_LLL": [186.0, 179.0, -60.0, -379.0], "sv_exact": [186.0, 179.0, -60.0, -379.0], "sv_shortst_cube": [-68.0, -121.0, 247.0, -654.0]}, {"B": [[-587, 854, -478, 468], [534, -541, -983, -411], [836, -623, -572, -221], [-618, -445, -934, -772]], "G": [[1521393, -497946, -852786, 67892], [-497946, 1713047, 1436574, 1146147], [-852786, 1436574, 1463050, 465447], [67892, 1146147, 465447, 2048289]], "lincomb_exact": [1.0, -3.0, 3.0, 1.0], "lincomb_LLL": [1.0, -3.0, 3.0, 1.0], "lincomb_cube": [1.0, -4.117485046386719, 4.2075958251953125, 1.3147258758544922], "lincomb_cube_shortest": [1.0, -4.0, 4.0, 1.0], "exact.norm": 467.7255859375, "LLL.norm": 467.7255859375, "shortest_cube.norm": 518.005859375, "sv_LLL": [-299.0, 163.0, -179.0, 266.0], "sv_exact": [-299.0, 163.0, -179.0, 266.0], "sv_shortst_cube": [3.0, 81.0, 232.0, 456.0]}, {"B": [[883, -500, -677, -797], [-197, 95, -794, -201], [447, -149, -160, -404], [-414, 807, 692, -152]], "G": [[2123227, 476284, 899509, -1116402], [476284, 718671, 106030, -360673], [899509, 106030, 410826, -354613], [-1116402, -360673, -354613, 1324613]], "lincomb_exact": [4.0, -1.0, -8.0, 1.0], "lincomb_LLL": [4.0, -1.0, -8.0, 1.0], "lincomb_cube": [3.6270294189453125, -0.8915233612060547, -6.8481597900390625, 1.0], "lincomb_cube_shortest": [4.0, -1.0, -7.0, 1.0], "exact.norm": 298.9150390625, "LLL.norm": 298.9150390625, "shortest_cube.norm": 449.16162109375, "sv_LLL": [-261.0, -96.0, 58.0, 93.0], "sv_exact": [-261.0, -96.0, 58.0, 93.0], "sv_shortst_cube": [186.0, -245.0, -102.0, -311.0]}, {"B": [[-804, -777, 954, 466], [-509, 228, 248, -427], [-268, 355, -174, -353], [788, -553, -749, 849]], "G": [[2377417, 269690, -390857, -522783], [269690, 554898, 324931, -1075451], [-390857, 324931, 352734, -576870], [-522783, -1075451, -576870, 2208555]], "lincomb_exact": [0.0, 2.0, 0.0, 1.0], "lincomb_LLL": [0.0, 2.0, 0.0, 1.0], "lincomb_cube": [-0.4546661376953125, 3.2489891052246094, -1.8612785339355469, 1.0], "lincomb_cube_shortest": [0.0, 3.0, -1.0, 1.0], "exact.norm": 355.44775390625, "LLL.norm": 355.44775390625, "shortest_cube.norm": 553.912109375, "sv_LLL": [-230.0, -97.0, -253.0, -5.0], "sv_exact": [-230.0, -97.0, -253.0, -5.0], "sv_shortst_cube": [-471.0, -224.0, 169.0, -79.0]}, {"B": [[-978, 303, 264, -923], [269, -633, 891, 243], [-329, 278, -652, -686], [868, -542, -566, 614]], "G": [[1969918, -443946, 867046, -1729276], [-443946, 1325980, -1012105, 221474], [867046, -1012105, 1081225, -488420], [-1729276, 221474, -488420, 1744540]], "lincomb_exact": [1.0, 0.0, 0.0, 1.0], "lincomb_LLL": [1.0, 0.0, 0.0, 1.0], "lincomb_cube": [1.2083072662353516, -0.5508489608764648, -1.0328598022460938, 1.0], "lincomb_cube_shortest": [1.0, -1.0, -1.0, 1.0], "exact.norm": 505.87109375, "LLL.norm": 505.87109375, "shortest_cube.norm": 571.4833984375, "sv_LLL": [-110.0, -239.0, -302.0, -309.0], "sv_exact": [-110.0, -239.0, -302.0, -309.0], "sv_shortst_cube": [-50.0, 116.0, -541.0, 134.0]}, {"B": [[31, -402, 50, -557], [-465, 21, 805, 876], [459, 606, -33, 556], [-321, 308, -816, 701]], "G": [[475314, -470539, -540725, -565024], [-470539, 1632067, 259782, 112929], [-540725, 259782, 888142, 455993], [-565024, 112929, 455993, 1355162]], "lincomb_exact": [1.0, 0.0, 1.0, 0.0], "lincomb_LLL": [1.0, 0.0, 1.0, 0.0], "lincomb_cube": [2.2652244567871094, 0.45446205139160156, 1.0, 0.5701093673706055], "lincomb_cube_shortest": [3.0, 1.0, 1.0, 1.0], "exact.norm": 531.04296875, "LLL.norm": 531.04296875, "shortest_cube.norm": 594.0341796875, "sv_LLL": [490.0, 204.0, 17.0, -1.0], "sv_exact": [490.0, 204.0, 17.0, -1.0], "sv_shortst_cube": [-234.0, -271.0, 106.0, 462.0]}, {"B": [[970, 468, 605, -342], [33, 259, -348, 497], [563, -16, 961, -432], [274, 927, -234, -337]], "G": [[1642913, -227292, 1267771, 673300], [-227292, 436283, -534697, 163078], [1267771, -534697, 1427370, 60140], [673300, 163078, 60140, 1102730]], "lincomb_exact": [-2.0, 1.0, 2.0, 1.0], "lincomb_LLL": [-2.0, 1.0, 2.0, 1.0], "lincomb_cube": [-0.8533029556274414, 1.0, 1.1193466186523438, 0.3120737075805664], "lincomb_cube_shortest": [-1.0, 1.0, 1.0, 0.0], "exact.norm": 567.3388671875, "LLL.norm": 567.3388671875, "shortest_cube.norm": 596.8369140625, "sv_LLL": [-507.0, 218.0, 130.0, -20.0], "sv_exact": [-507.0, 218.0, 130.0, -20.0], "sv_shortst_cube": [-374.0, -225.0, 8.0, 407.0]}, {"B": [[-914, 544, -590, -828], [-312, -498, 372, 242], [61, -346, 310, 690], [280, 675, -120, 555]], "G": [[2165016, -405600, -998198, -277460], [-405600, 542296, 435576, -333840], [-998198, 435576, 695637, 129280], [-277460, -333840, 129280, 856450]], "lincomb_exact": [0.0, 1.0, -1.0, 1.0], "lincomb_LLL": [0.0, 1.0, -1.0, 1.0], "lincomb_cube": [-0.44345951080322266, 1.899759292602539, -2.0117225646972656, 1.0], "lincomb_cube_shortest": [-1.0, 2.0, -3.0, 1.0], "exact.norm": 544.96875, "LLL.norm": 544.96875, "shortest_cube.norm": 549.1474609375, "sv_LLL": [-93.0, 523.0, -58.0, 107.0], "sv_exact": [-93.0, 523.0, -58.0, 107.0], "sv_shortst_cube": [387.0, 173.0, 284.0, -203.0]}, {"B": [[-237, -474, 701, 862], [411, 144, -729, -407], [-409, 140, 101, 600], [-688, 630, -293, -319]], "G": [[1515290, -1027526, 618574, -615935], [-1027526, 886747, -465768, 151382], [618574, -465768, 557082, 148599], [-615935, 151382, 148599, 1057854]], "lincomb_exact": [-2.0, -2.0, 1.0, -1.0], "lincomb_LLL": [-2.0, -2.0, 1.0, -1.0], "lincomb_cube": [-1.2901668548583984, -0.8379878997802734, 1.0, -0.7717533111572266], "lincomb_cube_shortest": [-1.0, 0.0, 1.0, -1.0], "exact.norm": 486.04736328125, "LLL.norm": 486.04736328125, "shortest_cube.norm": 603.33203125, "sv_LLL": [-69.0, 170.0, 450.0, 9.0], "sv_exact": [-69.0, 170.0, 450.0, 9.0], "sv_shortst_cube": [516.0, -16.0, -307.0, 57.0]}, {"B": [[-957, 849, 965, -390], [-600, -513, 782, 294], [-490, 270, 675, 238], [-869, -55, 792, -984]], "G": [[2719975, 778633, 1256715, 1932978], [778633, 1321129, 753312, 879663], [1256715, 753312, 825269, 711368], [1932978, 879663, 711368, 2353706]], "lincomb_exact": [-2.0, -2.0, 4.0, 1.0], "lincomb_LLL": [-2.0, -2.0, 4.0, 1.0], "lincomb_cube": [-1.66192626953125, -1.3303089141845703, 2.8831024169921875, 1.0], "lincomb_cube_shortest": [-2.0, -1.0, 3.0, 1.0], "exact.norm": 481.080078125, "LLL.norm": 481.080078125, "shortest_cube.norm": 522.69140625, "sv_LLL": [285.0, 353.0, -2.0, 160.0], "sv_exact": [285.0, 353.0, -2.0, 160.0], "sv_shortst_cube": [175.0, -430.0, 105.0, 216.0]}, {"B": [[659, -443, -367, 212], [-198, -167, 523, -59], [-700, 905, -471, -27], [186, -774, 125, 116]], "G": [[810163, -260950, -695082, 444173], [-260950, 344103, -257275, 150961], [-695082, -257275, 1531595, -892677], [444173, 150961, -892677, 662753]], "lincomb_exact": [-1.0, -1.0, 0.0, 1.0], "lincomb_LLL": [-1.0, -1.0, 0.0, 1.0], "lincomb_cube": [-1.9601707458496094, -2.464000701904297, -0.7206392288208008, 1.0], "lincomb_cube_shortest": [-2.0, -3.0, -1.0, 1.0], "exact.norm": 323.80712890625, "LLL.norm": 323.80712890625, "shortest_cube.norm": 423.609375, "sv_LLL": [-275.0, -164.0, -31.0, -37.0], "sv_exact": [-275.0, -164.0, -31.0, -37.0], "sv_shortst_cube": [162.0, -292.0, -239.0, -104.0]}, {"B": [[379, 726, 122, -658], [327, 972, 267, -420], [-268, 199, 479, 383], [-200, -597, -262, -432]], "G": [[1118565, 1138539, -150674, -256930], [1138539, 1299402, 72825, -534198], [-150674, 72825, 487555, -356157], [-256930, -534198, -356157, 651677]], "lincomb_exact": [-4.0, 4.0, -1.0, 1.0], "lincomb_LLL": [-4.0, 4.0, -1.0, 1.0], "lincomb_cube": [-2.5719261169433594, 2.6907691955566406, -0.4662466049194336, 1.0], "lincomb_cube_shortest": [-2.0, 2.0, 0.0, 1.0], "exact.norm": 315.6484375, "LLL.norm": 315.6484375, "shortest_cube.norm": 325.82373046875, "sv_LLL": [-140.0, 188.0, -161.0, 137.0], "sv_exact": [-140.0, 188.0, -161.0, 137.0], "sv_shortst_cube": [-304.0, -105.0, 28.0, 44.0]}, {"B": [[-51, 371, -211, 840], [-460, 162, -84, 540], [-736, -609, -35, 70], [-36, 2, -287, 505]], "G": [[890363, 554886, -122218, 487335], [554886, 536500, 280642, 313692], [-122218, 280642, 918702, 70673], [487335, 313692, 70673, 338694]], "lincomb_exact": [-2.0, 2.0, -1.0, 1.0], "lincomb_LLL": [-2.0, 2.0, -1.0, 1.0], "lincomb_cube": [-1.1762332916259766, 0.8973236083984375, -0.5075168609619141, 1.0], "lincomb_cube_shortest": [-1.0, 0.0, 0.0, 1.0], "exact.norm": 280.00341796875, "LLL.norm": 280.00341796875, "shortest_cube.norm": 504.3681640625, "sv_LLL": [-118.0, 193.0, 2.0, -165.0], "sv_exact": [-118.0, 193.0, 2.0, -165.0], "sv_shortst_cube": [15.0, -369.0, -76.0, -335.0]}, {"B": [[-796, -862, -8, -859], [-416, -911, 440, -890], [26, 559, -773, 562], [-5, 409, -225, -104]], "G": [[2114605, 1877408, -979128, -257442], [1877408, 1988677, -1360365, -376959], [-979128, -1360365, 1226530, 343978], [-257442, -376959, 343978, 228747]], "lincomb_exact": [-1.0, 2.0, 1.0, 1.0], "lincomb_LLL": [-1.0, 2.0, 1.0, 1.0], "lincomb_cube": [-0.3484492301940918, 0.5651998519897461, 0.06826019287109375, 1.0], "lincomb_cube_shortest": [0.0, 0.0, 0.0, 1.0], "exact.norm": 476.19091796875, "LLL.norm": 476.19091796875, "shortest_cube.norm": 478.27490234375, "sv_LLL": [-15.0, 8.0, -110.0, -463.0], "sv_exact": [-15.0, 8.0, -110.0, -463.0], "sv_shortst_cube": [-5.0, 409.0, -225.0, -104.0]}, {"B": [[600, -305, -335, -10], [178, 824, -718, -800], [866, 979, -412, -710], [-774, -737, -576, 907]], "G": [[565350, 104010, 366125, -55725], [104010, 1866184, 1824660, -1057092], [366125, 1824660, 2382241, -1798465], [-55725, -1057092, -1798465, 2296670]], "lincomb_exact": [1.0, 0.0, 0.0, 0.0], "lincomb_LLL": [1.0, 0.0, 0.0, 0.0], "lincomb_cube": [1.0, 0.7007265090942383, -1.048379898071289, -0.47417306900024414], "lincomb_cube_shortest": [1.0, 1.0, -1.0, 0.0], "exact.norm": 751.8984375, "LLL.norm": 751.8984375, "shortest_cube.norm": 800.140625, "sv_LLL": [600.0, -305.0, -335.0, -10.0], "sv_exact": [600.0, -305.0, -335.0, -10.0], "sv_shortst_cube": [-88.0, -460.0, -641.0, -100.0]}]