{
 "cells": [
  {
   "cell_type": "code",
   "execution_count": 1,
   "id": "2228db58",
   "metadata": {
    "slideshow": {
     "slide_type": "slide"
    }
   },
   "outputs": [],
   "source": [
    "d = 7\n",
    "runs = 1000\n",
    "\n",
    "from generate_matrices_tools import *\n"
   ]
  },
  {
   "cell_type": "code",
   "execution_count": 2,
   "id": "f81895cf",
   "metadata": {},
   "outputs": [
    {
     "name": "stdout",
     "output_type": "stream",
     "text": [
      "B: [ -97   69   78   44  100  -68  -67]\n",
      "[  17   56   58  -60   24   78  -93]\n",
      "[ -99  -35   44   88   91   -3    6]\n",
      "[  93   45   63  -71 -100   61   14]\n",
      "[  48  -94  -93  -64   77  -23   -6]\n",
      "[  -2  -52   88   -1  -18  -97   88]\n",
      "[ -21   65   85   85  -94  -70    5]\n",
      "G: [ 41303   7426  23394 -19212 -11546   2326  11917]\n",
      "[  7426  25698  -4979  13071  -5390 -13964  -5068]\n",
      "[ 23394  -4979  29032 -23457  -4146   4983   2710]\n",
      "[-19212  13071 -23457  33601 -10268    204   5492]\n",
      "[-11546  -5390  -4146 -10268  30379  -3011 -26121]\n",
      "[  2326 -13964   4983    204  -3011  27930  12979]\n",
      "[ 11917  -5068   2710   5492 -26121  12979  32877]\n",
      "lincomb_LLL: (1, -1, 1, 2, 2, -1, 1)\n",
      "lincomb_cube: (1.0000, -1.3527, 0.61462, 1.7513, 0.68517, -0.77923, -0.062206)\n",
      "sv_LLL: (50, -3, 1, 8, 45, -46, -35)\n",
      "sv_cube: (17.782, 22.619, -0.65874, 6.5445, 20.968, -4.3398, 14.009)\n",
      "lincomb_diff: (0.00000, 0.35266, 0.38538, 0.24869, 1.3148, -0.22077, 1.0622)\n",
      "LLL.norm: 89.106689453125\n",
      "cube.norm: 39.0615234375\n",
      "\n",
      "B: [ 46  59   4 -89 -75 -83  75]\n",
      "[-14 -74  43 -80 -17 -43 -35]\n",
      "[ 33 -61  37 -71 -48   6  22]\n",
      "[ 95 -86 -72 -17 -80 -51  58]\n",
      "[ 99  37 -62   2 -62  44  -2]\n",
      "[ 73 -85 -35 -94 -89  38 -69]\n",
      "[-70  70 -56 -44  20  21 -71]\n",
      "G: [ 31673   4501   9138  15104   7159   4915  -3966]\n",
      "[  4501  17284  11111   4821  -7718  13577  -1846]\n",
      "[  9138  11111  14044  11734   1770  15955  -7924]\n",
      "[ 15104   4821  11734  34259  13253  19543 -14679]\n",
      "[  7159  -7718   1770  13253  20802  13392  -1130]\n",
      "[  4915  13577  15955  19543  13392  36741  -1047]\n",
      "[ -3966  -1846  -7924 -14679  -1130  -1047  20754]\n",
      "lincomb_LLL: (2, -5, -3, -1, -5, 5, -2)\n",
      "lincomb_cube: (1.7522, -3.7298, -2.4759, -1.0000, -3.8801, 4.1182, -1.6530)\n",
      "sv_LLL: (-22, 7, 1, 60, -16, 10, 8)\n",
      "sv_cube: (-11.678, 7.0989, 16.017, 13.094, -28.176, 2.1446, -9.5381)\n",
      "lincomb_diff: (0.24777, -1.2702, -0.52406, 0.00000, -1.1199, 0.88181, -0.34696)\n",
      "LLL.norm: 67.4833984375\n",
      "cube.norm: 38.78472900390625\n",
      "\n",
      "B: [ 24   3  65   4  35 -38  38]\n",
      "[ 60  73  36  -7 -31  50  33]\n",
      "[-64  82 -30   9 -21 -24 -34]\n",
      "[ -2  86 -46  43 -46  23 -56]\n",
      "[-97 -42 -76  87  35  86 -15]\n",
      "[ 88  81 -59  50 -84 -15 -51]\n",
      "[ 76 -83  67  94  22 -95  52]\n",
      "G: [  8939   2240  -4319  -7220  -9659  -5588  12662]\n",
      "[  2240  14824   -668   4929  -9511   8890  -3461]\n",
      "[ -4319   -668  13974  11265   3538   7088 -12784]\n",
      "[ -7220   4929  11265  17146   5027  18029 -12439]\n",
      "[ -9659  -9511   3538   5027  33364  -6569  -8980]\n",
      "[ -5588   8890   7088  18029  -6569  30168  -2363]\n",
      "[ 12662  -3461 -12784 -12439  -8980  -2363  38203]\n",
      "lincomb_LLL: (-2, 0, -1, 3, -1, -2, 1)\n",
      "lincomb_cube: (-2.0000, 0.59492, 0.31647, 0.70337, -0.53210, -1.0890, 0.85926)\n",
      "sv_LLL: (7, -33, 23, 19, -32, 18, -41)\n",
      "sv_cube: (-12.883, -13.312, 11.831, 0.95520, -35.684, 3.2737, 1.6876)\n",
      "lincomb_diff: (0.00000, -0.59492, -1.3165, 2.2966, -0.46790, -0.91097, 0.14074)\n",
      "LLL.norm: 71.112548828125\n",
      "cube.norm: 42.08343505859375\n",
      "\n",
      "B: [-52  84  54  25  39  89 -33]\n",
      "[ 38  79   3 -79 -16  41 -62]\n",
      "[-14  96 -53  95 -27  21  44]\n",
      "[-79 -96  48 -34   7 -67  53]\n",
      "[-63 -15  28 -75   8  49 -45]\n",
      "[ 86 -98 -48  13 -82 -27  50]\n",
      "[-70  38  39   2 -11  69  73]\n",
      "G: [ 23832   7918   7669  -9653   7811 -22222  12291]\n",
      "[  7918  19716  -2047 -13901   7101  -8540  -1220]\n",
      "[  7669  -2047  24352 -13148 -10334  -2986   7709]\n",
      "[ -9653 -13901 -13148  26264   4699   3753   2855]\n",
      "[  7811   7101 -10334   4699  15093 -10496   4790]\n",
      "[-22222  -8540  -2986   3753 -10496  29426  -8901]\n",
      "[ 12291  -1220   7709   2855   4790  -8901  18080]\n",
      "lincomb_LLL: (1, 0, 0, 0, 0, 1, 0)\n",
      "lincomb_cube: (1.4447, 0.71943, 0.62779, 1.1882, -0.050541, 1.0000, -0.88322)\n",
      "sv_LLL: (34, -14, 6, 38, -43, 62, 17)\n",
      "sv_cube: (0.56281, -6.4108, 20.075, 13.549, -36.487, 1.2337, -13.884)\n",
      "lincomb_diff: (-0.44475, -0.71943, -0.62779, -1.1882, 0.050541, 0.00000, 0.88322)\n",
      "LLL.norm: 93.8829345703125\n",
      "cube.norm: 46.4071044921875\n",
      "\n",
      "B: [ 48 -49  72 -44  -9 -83  80]\n",
      "[ 91  74  95  35  64  43 -68]\n",
      "[ 15 -90  32  54  38  19  53]\n",
      "[-32  26 -79 -94 -56  47 -41]\n",
      "[ 47  18 -55 -10  -9 -88 -65]\n",
      "[ 48 -87  72   9  23  43 -91]\n",
      "[-90  52  43 -94 -70  84 -31]\n",
      "G: [ 25195  -3543   7379 -11039     39    299  -8458]\n",
      "[ -3543  34576   -720 -10558     94  14594  -2307]\n",
      "[  7379   -720  16879 -13832  -8674   8208 -12437]\n",
      "[-11039 -10558 -13832  23803   3282  -5868  18810]\n",
      "[    39     94  -8674   3282  17708  -1436  -9466]\n",
      "[   299  14594   8208  -5868  -1436  25797  -1771]\n",
      "[ -8458  -2307 -12437  18810  -9466  -1771  34406]\n",
      "lincomb_LLL: (1, -3, -14, -1, -10, 5, -7)\n",
      "lincomb_cube: (0.94551, -3.2612, -15.287, -1.0000, -10.978, 5.3301, -7.7114)\n",
      "sv_LLL: (-3, -16, 27, -8, 18, -18, -5)\n",
      "sv_cube: (-14.774, -0.12109, 4.0146, -4.6377, 19.045, -8.7002, -4.2563)\n",
      "lincomb_diff: (0.054487, 0.26123, 1.2872, 0.00000, 0.97758, -0.33008, 0.71136)\n",
      "LLL.norm: 41.60528564453125\n",
      "cube.norm: 26.691619873046875\n",
      "\n",
      "B: [  89   50  -60   86   52   -5   31]\n",
      "[  95  -69  -94 -100   61   77   29]\n",
      "[  96   18    2   32   58   29  -25]\n",
      "[  -7   51  -58  -38   86  -50   28]\n",
      "[  77   83  -31  -79  -96   57   84]\n",
      "[  71   93   -7   82  -16   45   86]\n",
      "[ -11  -88   22   97  -39   15   88]\n",
      "G: [ 25107   5731  14172   7729   3396  20050   2268]\n",
      "[  5731  43113   9536   7276  13371  -2231  -5413]\n",
      "[ 14172   9536  15398   1752    281   9327  -3519]\n",
      "[  7729   7276   1752  18138   -260    318 -11013]\n",
      "[  3396  13371    281   -260  39541  18250  -4505]\n",
      "[ 20050  -2231   9327    318  18250  30140   7702]\n",
      "[  2268  -5413  -3519 -11013  -4505   7702  27248]\n",
      "lincomb_LLL: (1, 0, -1, -1, 0, 0, -1)\n",
      "lincomb_cube: (0.22946, 0.59730, -1.3494, -0.84493, -0.82763, 1.0747, -1.0000)\n",
      "sv_LLL: (11, 69, -26, -5, -53, 1, -60)\n",
      "sv_cube: (-22.883, 22.136, -27.474, 5.4412, -1.3049, 34.147, -30.581)\n",
      "lincomb_diff: (0.77054, -0.59730, 0.34939, -0.15507, 0.82763, -1.0747, 0.00000)\n",
      "LLL.norm: 109.5125732421875\n",
      "cube.norm: 62.4578857421875\n",
      "\n",
      "B: [  2  75 -28 -48 -84  37 -25]\n",
      "[ 87   7 -98 -89 -92  19 -28]\n",
      "[-66 -29  55 -57  63 -32  89]\n",
      "[ 49 -94 -30 -45 -56   3  58]\n",
      "[ 23  17  99 -43 -42 -90  24]\n",
      "[ 69  84  62 -70 -38 -44 -76]\n",
      "[-15  26  -7 -91  67 -86  20]\n",
      "G: [ 17767  16846  -9812   -587    211  11526  -2826]\n",
      "[ 16846  34752 -15158  14135  -2273  11533   -696]\n",
      "[ -9812 -15158  24385   1945   8255  -7340  13791]\n",
      "[  -587  14135   1945  20671   1968  -5637  -1724]\n",
      "[   211  -2273   8255   1968  22908  15895   8723]\n",
      "[ 11526  11533  -7340  -5637  15895  29717   6803]\n",
      "[ -2826   -696  13791  -1724   8723   6803  21516]\n",
      "lincomb_LLL: (1, -2, -1, 2, -1, 1, 1)\n",
      "lincomb_cube: (1.8839, -3.2756, -1.7397, 2.9986, -1.3203, 1.0000, 1.7160)\n",
      "sv_LLL: (23, -5, 9, -21, -4, -3, -22)\n",
      "sv_cube: (-6.5594, -6.8771, 1.8886, -4.0532, -2.0001, -0.60693, -9.6714)\n",
      "lincomb_diff: (-0.88392, 1.2756, 0.73974, -0.99856, 0.32031, 0.00000, -0.71596)\n",
      "LLL.norm: 39.81207275390625\n",
      "cube.norm: 14.429840087890625\n",
      "\n",
      "B: [-72  -8 -93 -94  75 -20  12]\n",
      "[ 14  42  24 -23 -50   2 -37]\n",
      "[-44  42 -97 -26 -76 -21 -93]\n",
      "[ 48 -63 -40 -22  67  23 -10]\n",
      "[-56  -9 -55 100 -77 -44 -82]\n",
      "[-96  80  82 -65 -98  -6 -60]\n",
      "[-37  -8  73  28  32  35  66]\n",
      "G: [ 28902  -5648   7901   7281  -6060  -3194  -4201]\n",
      "[ -5648   6938   6617  -5362   2014  12587  -3718]\n",
      "[  7901   6617  28651  -4951  19223  14474 -15822]\n",
      "[  7281  -5362  -4951  13475  -7472 -17602  -2519]\n",
      "[ -6060   2014  19223  -7472  30831   6376  -8487]\n",
      "[ -3194  12587  14474 -17602   6376  39805   -228]\n",
      "[ -4201  -3718 -15822  -2519  -8487   -228  14151]\n",
      "lincomb_LLL: (1, 4, -1, 0, 1, -1, 1)\n",
      "lincomb_cube: (1.0000, 2.9978, -0.77341, 0.086477, 0.84579, -0.67954, 0.73148)\n",
      "sv_LLL: (31, 21, 36, 33, 4, 6, 1)\n",
      "sv_cube: (-1.0422, 12.150, 1.6668, 4.4870, 14.558, -3.3095, -8.1620)\n",
      "lincomb_diff: (0.00000, 1.0022, -0.22659, -0.086477, 0.15421, -0.32046, 0.26852)\n",
      "LLL.norm: 61.96771240234375\n",
      "cube.norm: 21.4739990234375\n",
      "\n",
      "B: [ 66  41 -78 -48 -94 -71  88]\n",
      "[ 46  46  82  30 -63 -32 -14]\n",
      "[ 95  16 -53  67 -41  36 -69]\n",
      "[-22 -36  67 -24  75 -93 -77]\n",
      "[ 94 -43 -36   8  83 -97  28]\n",
      "[-86 -16 -18 -74 -98  70  64]\n",
      "[-15  84  14  81 100  92  41]\n",
      "G: [ 36046   4048   3070 -14225   8414   8498 -14850]\n",
      "[  4048  17045   5167   1435  -2883  -5350  -3066]\n",
      "[  3070   5167  24317  -8935   1859 -10308    987]\n",
      "[-14225   1435  -8935  27048   9966 -15750  -7913]\n",
      "[  8414  -2883   1859   9966  29127 -20472  -4354]\n",
      "[  8498  -5350 -10308 -15750 -20472  32052  -7036]\n",
      "[-14850  -3066    987  -7913  -4354  -7036  34183]\n",
      "lincomb_LLL: (-1, 0, -2, -3, -1, -3, -2)\n",
      "lincomb_cube: (-0.18739, -0.44933, -1.2632, -1.6520, -1.0000, -2.1079, -1.0289)\n",
      "sv_LLL: (4, -42, 45, 38, -38, -19, -21)\n",
      "sv_cube: (-13.984, 1.2067, -6.4238, 15.172, -5.5004, -9.3700, -0.92761)\n",
      "lincomb_diff: (-0.81261, 0.44933, -0.73680, -1.3480, 0.00000, -0.89210, -0.97110)\n",
      "LLL.norm: 86.5736083984375\n",
      "cube.norm: 24.235870361328125\n",
      "\n",
      "B: [ 70   7  35   9  61  -1 -72]\n",
      "[100 -25  60  93  10  55 -34]\n",
      "[-29 -96  13  98  67  83 -11]\n",
      "[-40  78  50 -87 -96  31 -42]\n",
      "[-27 -25  81 -33  78 -56 -77]\n",
      "[ 96  18  69   5 -24 -97  76]\n",
      "[-39  12  -2 -53  26 -30  -7]\n",
      "G: [ 15161  12765   3431  -4150  10831   2467  -1073]\n",
      "[ 12765  27155  15003  -8868     34   5596 -10401]\n",
      "[  3431  15003  31329 -17601   2427 -13620  -5912]\n",
      "[ -4150  -8868 -17601  29694     61  -3316   3875]\n",
      "[ 10831     34   2427     61  24153     90   6587]\n",
      "[  2467   5596 -13620  -3316     90  30087  -2177]\n",
      "[ -1073 -10401  -5912   3875   6587  -2177   6103]\n",
      "lincomb_LLL: (-29, 39, -18, -10, 3, -11, 43)\n",
      "lincomb_cube: (-29.257, 40.050, -18.115, -10.000, 2.6534, -11.098, 45.089)\n",
      "sv_LLL: (-22, 13, -11, 39, -9, -21, 12)\n",
      "sv_cube: (-13.207, 27.965, 2.4880, 23.262, 7.7832, -6.3125, 0.66943)\n",
      "lincomb_diff: (0.25674, -1.0497, 0.11490, 0.00000, 0.34660, 0.098007, -2.0895)\n",
      "LLL.norm: 54.41510009765625\n",
      "cube.norm: 40.05780029296875\n",
      "\n",
      "B: [ -39  -91  -57   87  -59  -83  -51]\n",
      "[ -56   -7   77  -42   29   64   88]\n",
      "[ -13    6  -67   33   24 -100  -98]\n",
      "[ -80  -53  -31   54  -90   53  -56]\n",
      "[  74  -90   52  -24   49  -60  -12]\n",
      "[  97   31  -68  -15   35  -44   95]\n",
      "[ -48   55  -32   77   -3   49  -22]\n",
      "G: [ 33591 -16733  18533  18175   2953  -7291   2622]\n",
      "[-16733  23559 -20187  -3950  -1977  -3696  -2282]\n",
      "[ 18533 -20187  25963   2609   2574  -1084   2823]\n",
      "[ 18175  -3950   2609  27131 -10976 -18907  10174]\n",
      "[  2953  -1977   2574 -10976  23001   4427 -14837]\n",
      "[ -7291  -3696  -1084 -18907   4427  27405  -6281]\n",
      "[  2622  -2282   2823  10174 -14837  -6281  15176]\n",
      "lincomb_LLL: (0, 0, 0, 0, 1, 0, 1)\n",
      "lincomb_cube: (-0.70839, 0.42323, 0.58849, 1.1037, 1.0000, 0.62293, 0.57212)\n",
      "sv_LLL: (26, -35, 20, 53, 46, -11, -34)\n",
      "sv_cube: (14.943, -32.686, -9.3433, 10.324, 37.946, 26.155, -11.515)\n",
      "lincomb_diff: (0.70839, -0.42323, -0.58849, -1.1037, 0.00000, -0.62293, 0.42788)\n",
      "LLL.norm: 92.211669921875\n",
      "cube.norm: 61.173095703125\n",
      "\n",
      "B: [-39 -51  86 -70  68 -78  73]\n",
      "[ 27  71  -5  55  15 -64 -38]\n",
      "[ 52 -34  22 -97 -38 -20  46]\n",
      "[ 86  72 -72   2   0 -63  45]\n",
      "[-76 -35 -44  22 -68 -80 -89]\n",
      "[-98  23   9  71  93 -25 -57]\n",
      "[-79  26 -79  21  80 -39  91]\n",
      "G: [ 32455  -5716  10722  -5159  -5456   2566   8616]\n",
      "[ -5716  14585  -7493  10226   4375   8008   1501]\n",
      "[ 10722  -7493  17713   3576  -5774 -18223  -6841]\n",
      "[ -5159  10226   3576  23762  -4809  -8268   7360]\n",
      "[ -5456   4375  -5774  -4809  28366   8558  -1387]\n",
      "[  2566   8008 -18223  -8268   8558  27778  12348]\n",
      "[  8616   1501  -6841   7360  -1387  12348  29801]\n",
      "lincomb_LLL: (0, 1, 0, -1, 0, -1, 1)\n",
      "lincomb_cube: (-0.72411, 1.7174, 1.4961, -1.5789, -0.23089, -0.29008, 1.0000)\n",
      "sv_LLL: (-40, 2, -21, 3, 2, -15, 65)\n",
      "sv_cube: (-16.398, 21.731, 4.2797, -7.8079, -11.607, 2.8340, 7.7324)\n",
      "lincomb_diff: (0.72411, -0.71744, -1.4961, 0.57886, 0.23089, -0.70992, 0.00000)\n",
      "LLL.norm: 80.672119140625\n",
      "cube.norm: 31.98419189453125\n",
      "\n",
      "B: [ 40 -60 -46  31  39  79 -36]\n",
      "[ 33 -12 -17 -38 -44 -30   7]\n",
      "[ 42 -47  80   4 -26 -34  61]\n",
      "[-40 -65 -98  82   3  49 -43]\n",
      "[-54  78   9 -36  -1 -27  74]\n",
      "[ 94  17   8   7  42  47  76]\n",
      "[  8  -2 -39 -82 -47  75  91]\n",
      "G: [ 17335  -2694  -4952  14886 -13206   5204    508]\n",
      "[ -2694   5851   3029  -3893   -131   -230   4522]\n",
      "[ -4952   3029  15942 -10504    100   5763   1205]\n",
      "[ 14886  -3893 -10504  26412 -11252  -5914  -3471]\n",
      "[-13206   -131    100 -11252  16583    383   6769]\n",
      "[  5204   -230   5763  -5914    383  18987   8299]\n",
      "[   508   4522   1205  -3471   6769   8299  24428]\n",
      "lincomb_LLL: (0, 1, 0, 0, 0, 0, 0)\n",
      "lincomb_cube: (1.5009, 1.0000, 0.33300, -0.15489, 1.3063, -0.35859, -0.49492)\n",
      "sv_LLL: (33, -12, -17, -38, -44, -30, 7)\n",
      "sv_cube: (5.0076, -10.848, -16.031, -11.796, 12.305, -19.586, 4.3195)\n",
      "lincomb_diff: (-1.5009, 0.00000, -0.33300, 0.15489, -1.3063, 0.35859, 0.49492)\n",
      "LLL.norm: 76.4918212890625\n",
      "cube.norm: 33.0545654296875\n",
      "\n",
      "B: [-99  84 -14 -83  44  79   0]\n",
      "[ 82  -6 -77   6  78  49  38]\n",
      "[ 61 -32 -46 -18   4 -32 -48]\n",
      "[ 57  32  57   6  35  67  56]\n",
      "[ 76 -10  71 -31  36 -89  37]\n",
      "[ 70 -54  56  90  68  67  37]\n",
      "[ 35  57   4 -42  79  80  84]\n",
      "G: [ 32119   -739  -8941   2582 -12232 -11435  14549]\n",
      "[  -739  22654   5548   8270    492  12285  15242]\n",
      "[ -8941   5548  10529  -4969   3464  -1846  -5393]\n",
      "[  2582   8270  -4969  16408   5242  14935  16624]\n",
      "[-12232    492   3464   5242  22464   4900   2508]\n",
      "[-11435  12285  -1846  14935   4900  29534   9656]\n",
      "[ 14549  15242  -5393  16624   2508   9656  25951]\n",
      "lincomb_LLL: (-1, -3, 2, -2, -1, 1, 4)\n",
      "lincomb_cube: (-1.0000, -1.7970, 1.0722, -1.5834, -0.70556, 0.44395, 2.7562)\n",
      "sv_LLL: (-5, -10, 40, -30, 8, 52, 14)\n",
      "sv_cube: (0.71533, -18.009, -1.4100, -10.514, -12.769, 5.5864, 13.421)\n",
      "lincomb_diff: (0.00000, -1.2030, 0.92783, -0.41664, -0.29444, 0.55605, 1.2438)\n",
      "LLL.norm: 74.7596435546875\n",
      "cube.norm: 28.49139404296875\n",
      "\n",
      "B: [ 11 -36  25 -35  71  90  81]\n",
      "[ -2 -49 -46  -6  26  39 -66]\n",
      "[  1  70 -78 -62  20  46  37]\n",
      "[-13 -78  -6  80 -76   7  50]\n",
      "[  7  66 -57 -92  81 100  90]\n",
      "[ 31 -92  15 -16  65 -34 -18]\n",
      "[-69 -72 -77  76  63  12  95]\n",
      "G: [ 22969    812   6268  -1001  21537   4685  10496]\n",
      "[   812  11110    400  -1359     -8   5404   2588]\n",
      "[  6268    400  18714  -9313  24327  -7517   1512]\n",
      "[ -1001  -1359  -9313  21014 -13213   -675  13101]\n",
      "[ 21537     -8  24327 -13213  40779  -4993   7015]\n",
      "[  4685   5404  -7517   -675  -4993  15611   4091]\n",
      "[ 10496   2588   1512  13101   7015   4091  34788]\n",
      "lincomb_LLL: (8, -1, 11, -3, -12, -1, 1)\n",
      "lincomb_cube: (6.2897, -1.0000, 9.0461, -2.1650, -9.5826, -0.49861, 0.58980)\n",
      "sv_LLL: (-44, -7, -2, 0, 16, 12, 4)\n",
      "sv_cube: (-14.853, -4.3784, 3.9494, -13.799, -5.4088, -6.1826, 4.5016)\n",
      "lincomb_diff: (1.7103, 0.00000, 1.9539, -0.83504, -2.4174, -0.50139, 0.41020)\n",
      "LLL.norm: 49.040771484375\n",
      "cube.norm: 23.09869384765625\n",
      "\n",
      "B: [  90  -42  -85    4  -10   39  -90]\n",
      "[ -45   70  -74   96   34  -66  -16]\n",
      "[ -21  -93  -97  -68   46  -93  -86]\n",
      "[ -93  -25  -42   14  -19  -55    6]\n",
      "[ -22  -82   43    7   92   25   23]\n",
      "[  13  -13  -91   24  -32    8   37]\n",
      "[  76   50  -19  -22 -100   28   11]\n",
      "G: [ 26826  -1790  13642  -6189  -4178   6849   7369]\n",
      "[ -1790  27385   4163   9775  -6150   5335  -6050]\n",
      "[ 13642   4163  41284  11125   3370   2733 -11057]\n",
      "[ -6189   9775  11125  14656   -597   3664  -7402]\n",
      "[ -4178  -6150   3370   -597  18724  -4858 -14990]\n",
      "[  6849   5335   2733   3664  -4858  11652   5370]\n",
      "[  7369  -6050 -11057  -7402 -14990   5370  20026]\n",
      "lincomb_LLL: (0, 0, 0, 1, 1, 0, 1)\n",
      "lincomb_cube: (0.13382, 0.76864, 0.14807, 1.0000, 1.8652, -1.0702, 2.3175)\n",
      "sv_LLL: (-39, -57, -18, -1, -27, -2, 40)\n",
      "sv_cube: (2.5269, -13.748, 8.9402, 14.644, -13.296, -11.323, -2.2797)\n",
      "lincomb_diff: (-0.13382, -0.76864, -0.14807, 0.00000, -0.86522, 1.0702, -1.3175)\n",
      "LLL.norm: 86.185791015625\n",
      "cube.norm: 28.283660888671875\n",
      "\n",
      "B: [-61   1  95 -41  28  72  44]\n",
      "[-98  73  66 -10  10 -43  -2]\n",
      "[ 78  29  64 -18  70 -82  -5]\n",
      "[ -8 -25  97  22  95  50  89]\n",
      "[-63  59 -67 -73 -10 -37  42]\n",
      "[-24 -28 -34  67  96  14  83]\n",
      "[-90  19 -95  90   8  16 -24]\n",
      "G: [ 22332   9827  -2075  18952   -566   2807  -6886]\n",
      "[  9827  21342   3113   3763   8196  -2414   2477]\n",
      "[ -2075   3113  22994   6568  -4053   -909 -14801]\n",
      "[ 18952   3763   6568  30028  -8138  16275  -7566]\n",
      "[  -566   8196  -4053  -8138  20501   -745   4906]\n",
      "[  2807  -2414   -909  16275   -745  23306   9888]\n",
      "[ -6886   2477 -14801  -7566   4906   9888  26482]\n",
      "lincomb_LLL: (-3, 0, -1, 4, 1, -3, 1)\n",
      "lincomb_cube: (-1.5117, 0.56525, -1.0000, 1.2767, 0.14063, -0.47861, -0.48745)\n",
      "sv_LLL: (-8, 30, -21, 45, -64, 3, -2)\n",
      "sv_cube: (-4.8981, -8.7286, 6.6931, 16.210, -36.643, -7.0162, 28.861)\n",
      "lincomb_diff: (-1.4883, -0.56525, 0.00000, 2.7233, 0.85937, -2.5214, 1.4875)\n",
      "LLL.norm: 86.827392578125\n",
      "cube.norm: 51.3087158203125\n",
      "\n",
      "B: [ 17 -73  10 -65  23 -70  51]\n",
      "[ 88 -91 100  54  96 -52 -15]\n",
      "[ 90  -6 -76 -29 -70  13  52]\n",
      "[ 35 -60  73 -97  64 -47  19]\n",
      "[ 55  54 -59 -66 -81  32  82]\n",
      "[-50 -25 -85  66  18   6 -24]\n",
      "[-23  56  97   7 -80  -5  98]\n",
      "G: [ 17973  10712   3225  17741    772  -5395   -456]\n",
      "[ 10712  41086  -8876  18905 -20208  -5285  -5932]\n",
      "[  3225  -8876  22526  -3328  21374  -2234    650]\n",
      "[ 17741  18905  -3328  26229  -4350 -12443   -786]\n",
      "[   772 -20208  21374  -4350  28087  -6675   9930]\n",
      "[ -5395  -5285  -2234 -12443  -6675  15642 -11855]\n",
      "[  -456  -5932    650   -786   9930 -11855  29152]\n",
      "lincomb_LLL: (-1, -1, 2, 2, -2, 1, 1)\n",
      "lincomb_cube: (-1.0000, -0.23012, 0.80389, 1.2685, -0.52134, 0.83603, 0.47137)\n",
      "sv_LLL: (-38, -45, 14, -36, -31, -9, 16)\n",
      "sv_cube: (-1.8186, -9.6502, 3.9141, -0.90064, -0.61127, 18.773, 1.7364)\n",
      "lincomb_diff: (0.00000, -0.76988, 1.1961, 0.73147, -1.4787, 0.16397, 0.52863)\n",
      "LLL.norm: 79.1138916015625\n",
      "cube.norm: 21.64178466796875\n",
      "\n",
      "B: [-31 -25 -89 -66 -69 -37  90]\n",
      "[-51  91  70  87 -37  22 -44]\n",
      "[-84  10  70  58  30   7 -96]\n",
      "[-20  33 -92  67 -57  93  25]\n",
      "[-73  15  60  20 100  48 -34]\n",
      "[ 62 -68 -72 -82  63  11 -66]\n",
      "[-97  88  83  46  89  68 -66]\n",
      "G: [ 28093 -14887 -18673   6303 -16508    904 -24213]\n",
      "[-14887  27140  18408   6467   9880 -20709  23874]\n",
      "[-18673  18408  25585  -4003  18242  -7381  26988]\n",
      "[  6303   6467  -4003  26965  -4311  -6572   -109]\n",
      "[-16508   9880  18242  -4311  23014  -2434  28709]\n",
      "[   904 -20709  -7381  -6572  -2434  28822 -11035]\n",
      "[-24213  23874  26988   -109  28709 -11035  43059]\n",
      "lincomb_LLL: (-2, -8, 3, 1, -8, -3, 6)\n",
      "lincomb_cube: (-2.2017, -9.8461, 3.5573, 1.0000, -9.8758, -3.7877, 7.6079)\n",
      "sv_LLL: (14, -3, -30, 39, 12, 3, -17)\n",
      "sv_cube: (-0.27832, 6.5381, -24.643, 25.063, 16.843, -15.618, 2.2212)\n",
      "lincomb_diff: (0.20172, 1.8461, -0.55731, 0.00000, 1.8758, 0.78773, -1.6079)\n",
      "LLL.norm: 55.3895263671875\n",
      "cube.norm: 42.55322265625\n",
      "\n",
      "B: [-49  31 -41 -53 -77  -6  22]\n",
      "[-34 -53 -32  65  -3 -20  51]\n",
      "[-26  28  -3  52 -33  60  48]\n",
      "[-63 -42  46   3 -75 -38 -74]\n",
      "[-76 -43 -56 -20   9 -38 -40]\n",
      "[-99  94  37  86  60  69 -59]\n",
      "[-96  66 -24  28  58 -53  83]\n",
      "G: [14301  -637  2746  4115  4402 -4642  3928]\n",
      "[ -637 12224  4223   302  4048 -1779  7473]\n",
      "[ 2746  4223 11166 -2877 -4597  8895  4762]\n",
      "[ 4115   302 -2877 20403  7687  1493 -6222]\n",
      "[ 4402  4048 -4597  7687 14286   -32  4458]\n",
      "[-4642 -1779  8895  1493   -32 39244 12154]\n",
      "[ 3928  7473  4762 -6222  4458 12154 27994]\n",
      "lincomb_LLL: (-2, -2, 2, 1, 1, -1, 1)\n",
      "lincomb_cube: (-2.6339, -3.0903, 3.7283, 1.0000, 1.9672, -1.7082, 1.2109)\n",
      "sv_LLL: (-22, -13, 69, 5, 26, -26, -22)\n",
      "sv_cube: (-22.453, -20.706, 39.267, -16.740, -0.50928, 6.5149, 12.012)\n",
      "lincomb_diff: (0.63385, 1.0903, -1.7283, 0.00000, -0.96716, 0.70816, -0.21092)\n",
      "LLL.norm: 85.2935791015625\n",
      "cube.norm: 54.2401123046875\n",
      "\n",
      "B: [-63 -72  99  82 -68   0   3]\n",
      "[ 47   3  81 -50 -76 -18  93]\n",
      "[ -2  44 -79  89  19 -62 -78]\n",
      "[ 36 -32  61 -91   7 -80 -29]\n",
      "[-62 -92   6  24 -78  74   1]\n",
      "[-12  -6  94 -99  20 -38  22]\n",
      "[ 79 -88 -33 -41 -20  49 -55]\n",
      "G: [ 30311   6189  -5091  -1950  18399   1082  -4075]\n",
      "[  6189  26028 -18393   9298    785  13192  -1651]\n",
      "[ -5091 -18393  26391  -7043  -8410 -15457  -4200]\n",
      "[ -1950   9298  -7043  21612  -7601  17045   4913]\n",
      "[ 18399    785  -8410  -7601  24481  -4866   7147]\n",
      "[  1082  13192 -15457  17045  -4866  21145  -2935]\n",
      "[ -4075  -1651  -4200   4913   7147  -2935  22581]\n",
      "lincomb_LLL: (0, -1, -3, 4, 0, -5, -2)\n",
      "lincomb_cube: (0.089419, -1.0000, -2.3630, 2.6939, -0.29205, -3.5483, -1.4514)\n",
      "sv_LLL: (5, -57, -4, -4, -13, -24, 25)\n",
      "sv_cube: (-4.8976, -23.737, -8.5369, 5.6553, 24.721, -8.9008, 14.931)\n",
      "lincomb_diff: (-0.089419, 0.00000, -0.63697, 1.3061, 0.29205, -1.4517, -0.54861)\n",
      "LLL.norm: 68.3812255859375\n",
      "cube.norm: 40.069580078125\n",
      "\n",
      "B: [-32  82 -61 -88  61  17   9]\n",
      "[ 84  13 -78   7  71  -9  46]\n",
      "[100 -30  34  22 -99  34 -70]\n",
      "[-91  81 -84 -64 -84  54 -22]\n",
      "[ 40   5 -27  -9 -31 -71 -90]\n",
      "[-29 -11  57  15  -3  -3 -82]\n",
      "[ 89 -16  35  13  18 -24 -66]\n",
      "G: [ 23304   7112 -15761  15906  -2339  -5743  -7343]\n",
      "[  7112  20596  -5043  -7949   -234 -10878   3087]\n",
      "[-15761  -5043  28397  -4102   9689   5633  12878]\n",
      "[ 15906  -7949  -4102  36450    359  -2106 -14523]\n",
      "[ -2339   -234   9689    359  16537   4797   9504]\n",
      "[ -5743 -10878   5633  -2106   4797  11178   5215]\n",
      "[ -7343   3087  12878 -14523   9504   5215  14827]\n",
      "lincomb_LLL: (-2, 0, -2, 2, -1, -1, 4)\n",
      "lincomb_cube: (-0.85401, -0.45119, -1.0622, 1.0213, -0.56225, -1.0000, 2.3060)\n",
      "sv_LLL: (27, 0, -4, 50, 14, -16, -14)\n",
      "sv_cube: (2.0193, 9.9890, 4.2756, 3.3017, -2.8259, -3.8456, 3.8467)\n",
      "lincomb_diff: (-1.1460, 0.45119, -0.93783, 0.97869, -0.43775, 0.00000, 1.6940)\n",
      "LLL.norm: 62.3939208984375\n",
      "cube.norm: 13.06182861328125\n",
      "\n",
      "B: [ 57  43  38  95  41  34  55]\n",
      "[-30 -19 -47 -12 -37 -62 -26]\n",
      "[ -1 -63  71   3  82  95  39]\n",
      "[-35 -43  93  12   6 -10  73]\n",
      "[ 72 -74  52  98  50 -67  33]\n",
      "[-35  18  55  79  60  -7 -59]\n",
      "[-26 -62  49  50  -4 -87 -63]\n",
      "G: [ 21429 -10508   8954   4751  13795   7351  -4123]\n",
      "[-10508   9503 -12084  -4148  -2928  -3077   6235]\n",
      "[  8954 -12084  26290  11772   7598   4997  -3489]\n",
      "[  4751  -4148  11772  17332  10053   2637   4980]\n",
      "[ 13795  -2928   7598  10053  31046   8272  13714]\n",
      "[  7351  -3077   4997   2637   8272  17945  10525]\n",
      "[ -4123   6235  -3489   4980  13714  10525  20975]\n",
      "lincomb_LLL: (2, 2, 1, 0, -1, -1, 1)\n",
      "lincomb_cube: (1.3354, 0.65256, 0.61341, -0.29652, -1.0000, -0.88739, 1.3401)\n",
      "sv_LLL: (-10, -21, -5, 42, -24, 26, 60)\n",
      "sv_cube: (-9.4759, -5.9272, 0.90820, 16.215, -29.475, 22.811, -6.3097)\n",
      "lincomb_diff: (0.66458, 1.3474, 0.38659, 0.29652, 0.00000, -0.11261, -0.34007)\n",
      "LLL.norm: 84.7467041015625\n",
      "cube.norm: 42.6337890625\n",
      "\n",
      "B: [-22  21  88 -30  18  20 -21]\n",
      "[-36 -11  72  96 -99 -49 -72]\n",
      "[-58 -90 -31 -77  63 -90 -44]\n",
      "[ 48 -41  10  33 -80  -2  29]\n",
      "[-93  18 -65 -13   8  -3 -47]\n",
      "[ 31 -83  45 -24  61 -74 -18]\n",
      "[ 28  35  42  91  37  86 -51]\n",
      "G: [ 10734   2767   -774  -4116  -1835   2251   4542]\n",
      "[  2767  33203  -5205   8541    -39   -384   6162]\n",
      "[  -774  -5205  32359  -8081   9632  17420 -16248]\n",
      "[ -4116   8541  -8081  12419  -8278   -705  -1279]\n",
      "[ -1835    -39   9632  -8278  15649  -5434  -3452]\n",
      "[  2251   -384  17420   -705  -5434  19972  -5520]\n",
      "[  4542   6162 -16248  -1279  -3452  -5520  23420]\n",
      "lincomb_LLL: (-2, 2, 9, -4, -11, -10, 2)\n",
      "lincomb_cube: (-2.1501, 2.3593, 9.9340, -4.4277, -12.184, -11.295, 2.0000)\n",
      "sv_LLL: (27, -8, -2, -8, 29, 5, -19)\n",
      "sv_cube: (12.609, 4.5850, -3.9111, -8.5532, -4.7100, 0.60449, -16.256)\n",
      "lincomb_diff: (0.15007, -0.35929, -0.93396, 0.42766, 1.1838, 1.2954, 0.00000)\n",
      "LLL.norm: 45.69464111328125\n",
      "cube.norm: 23.5640869140625\n",
      "\n",
      "B: [ 91   7  43  61  19  26 -87]\n",
      "[ 98  53  66  57  43 -73 -95]\n",
      "[ 88 -29 -57  56 -92  89 -16]\n",
      "[ 42 -64 -51  90  22  -5   8]\n",
      "[ 39  78  88  -6 -97  94 -97]\n",
      "[  2 -18 -68 -82 -85 -81  84]\n",
      "[  6 -96 -44 -85  29  96   3]\n",
      "G: [ 22506  22788  10728   6263  16553 -18899  -4417]\n",
      "[ 22788  36221  -2416   3039  11604 -15642 -18295]\n",
      "[ 10728  -2416  31611  10902  14660   -751   6888]\n",
      "[  6263   3039  10902  17134 -11762  -3469   1172]\n",
      "[ 16553  11604  14660 -11762  43039 -14335  -4696]\n",
      "[-18899 -15642   -751  -3469 -14335  32518   1713]\n",
      "[ -4417 -18295   6888   1172  -4696   1713  28479]\n",
      "lincomb_LLL: (-5, 3, 1, 1, 1, -1, 1)\n",
      "lincomb_cube: (-2.2499, 1.4330, 1.0000, -0.34615, -0.15670, -0.72028, 0.36147)\n",
      "sv_LLL: (12, 31, -13, 3, -19, 6, -36)\n",
      "sv_cube: (3.7672, 19.394, -22.232, -1.4409, 6.1612, 5.9372, -3.3776)\n",
      "lincomb_diff: (-2.7501, 1.5670, 0.00000, 1.3461, 1.1567, -0.27972, 0.63853)\n",
      "LLL.norm: 54.552734375\n",
      "cube.norm: 31.164947509765625\n",
      "\n",
      "B: [ 52  49  78  -8  45 -79 -90]\n",
      "[-15  46 -45 -97  76 -53  54]\n",
      "[ 16  28 -23  80 -81  91  91]\n",
      "[-96   1  45 -81 -56  -5 -37]\n",
      "[  6 -65 -32 -56  67   2 -56]\n",
      "[-75  19  84  88 -44 -69 -89]\n",
      "[  5 -44  35  41  -7 -55 -13]\n",
      "G: [ 27619   1487 -19254    420   2976  14360   5706]\n",
      "[  1487  25276 -11742   1329   5754 -14810  -5970]\n",
      "[-19254 -11742  31092  -8309 -15809  -6374  -4298]\n",
      "[   420   1329  -8309  22333    765   9973  -1122]\n",
      "[  2976   5754 -15809    765  16050  -7403   -377]\n",
      "[ 14360 -14810  -6374   9973  -7403  35404  10597]\n",
      "[  5706  -5970  -4298  -1122   -377  10597   8110]\n",
      "lincomb_LLL: (-3, -3, -7, -2, -6, -1, -3)\n",
      "lincomb_cube: (-3.2127, -3.5787, -8.0727, -2.0000, -6.7564, -1.5230, -3.2529)\n",
      "sv_LLL: (-7, 20, -25, 42, -21, -9, 9)\n",
      "sv_cube: (6.8814, 3.2788, -19.460, -0.023682, -13.555, -10.659, -8.5245)\n",
      "lincomb_diff: (0.21270, 0.57866, 1.0727, 0.00000, 0.75642, 0.52305, 0.25289)\n",
      "LLL.norm: 58.6600341796875\n",
      "cube.norm: 28.404632568359375\n",
      "\n",
      "B: [ -9 -91 -82  26 -39  99 -35]\n",
      "[-70  94 -87  54  63  79 -26]\n",
      "[ 42 -95   7  52 -59  75  83]\n",
      "[ 79 -54  61 -32   3 -31  35]\n",
      "[-69 -85  13 -27 -77  94  59]\n",
      "[-60 -48 -24  36 -96 -10 -22]\n",
      "[ 12  55  32  75  82 -50  22]\n",
      "G: [ 28309   6888  15866  -6042  16832  11336 -14705]\n",
      "[  6888  35107  -9621 -20811  -4708  -2546   6240]\n",
      "[ 15866  -9621  29537   7614  20354   6832  -7359]\n",
      "[ -6042 -20811   7614  16097   -284  -5512     96]\n",
      "[ 16832  -4708  20354   -284  31130  12090 -16828]\n",
      "[ 11336  -2546   6832  -5512  12090  17576  -9284]\n",
      "[-14705   6240  -7359     96 -16828  -9284  19526]\n",
      "lincomb_LLL: (-7, 33, -6, 51, 0, 24, -7)\n",
      "lincomb_cube: (-7.0000, 34.235, -6.5597, 53.305, 0.42591, 24.883, -6.7485)\n",
      "sv_LLL: (6, 18, -28, -5, -19, -7, -8)\n",
      "sv_cube: (-1.2618, -1.9141, -6.4114, -2.0054, 1.8145, -4.2041, 5.3240)\n",
      "lincomb_diff: (0.00000, -1.2352, 0.55970, -2.3045, -0.42591, -0.88293, -0.25146)\n",
      "LLL.norm: 40.533935546875\n",
      "cube.norm: 9.984710693359375\n",
      "\n",
      "B: [-81  47  49  81  47  42 -17]\n",
      "[ 88   4 -69 -51 -68 -82 -24]\n",
      "[-72 -30  12  71 -71 -22 -28]\n",
      "[ 32  -1 -67  66  26 -98  42]\n",
      "[-73 -53  50 -52  59  86  -9]\n",
      "[ 43  83   0  53 -44  11 -44]\n",
      "[-21   7  30   9 -96  77  11]\n",
      "G: [ 21994 -20684   6976  -4184   8198   3853   2764]\n",
      "[-20684  27046  -3601   9329 -18282   4559  -4399]\n",
      "[  6976  -3601  17578    742  -2075   2291   7115]\n",
      "[ -4184   9329    742  21914 -16337    721 -11675]\n",
      "[  8198 -18282  -2075 -16337  24300 -11548   3053]\n",
      "[  3853   4559   2291    721 -11548  15540   4742]\n",
      "[  2764  -4399   7115 -11675   3053   4742  16737]\n",
      "lincomb_LLL: (0, -1, 0, -1, -2, -1, 0)\n",
      "lincomb_cube: (-0.88900, -1.0000, 0.27598, -0.43436, -0.53951, 0.24736, -0.50800)\n",
      "sv_LLL: (-17, 20, 36, 36, -32, -3, 44)\n",
      "sv_cube: (10.927, -8.0596, 15.637, 6.5104, 1.3824, -1.6352, 1.5263)\n",
      "lincomb_diff: (0.88900, 0.00000, -0.27598, -0.56564, -1.4605, -1.2474, 0.50800)\n",
      "LLL.norm: 79.056884765625\n",
      "cube.norm: 21.8675537109375\n",
      "\n",
      "B: [ 45  53  18   9  98 -36 -87]\n",
      "[-59  37  33  17 -63 -67  96]\n",
      "[-81  76 -10  46   0  40   7]\n",
      "[ 66 -90  72  18  82  36  84]\n",
      "[-24 -20  14 -15 -99 -36  29]\n",
      "[-94 100  29  39 -36  11  -9]\n",
      "[-20  95  13  26 -60  94 -38]\n",
      "G: [ 23708 -12061  -1432   -910 -12952  -1198  -1355]\n",
      "[-12061  23902   6035  -4056  12316  11533   -600]\n",
      "[ -1432   6035  16202 -10050  -1643  17095  13400]\n",
      "[  -910  -4056 -10050  33040  -6024 -15726 -13194]\n",
      "[-12952  12316  -1643  -6024  13335   2984   -174]\n",
      "[ -1198  11533  17095 -15726   2984  22696  16307]\n",
      "[ -1355   -600  13400 -13194   -174  16307  24150]\n",
      "lincomb_LLL: (0, 0, -1, 0, 0, 1, 0)\n",
      "lincomb_cube: (-0.60175, 0.065130, -1.2532, -0.15509, -1.0942, 1.0000, -0.10466)\n",
      "sv_LLL: (-13, 24, 39, -7, -36, -29, -16)\n",
      "sv_cube: (-5.2966, 1.1764, 5.0031, -12.054, 2.8154, 2.1434, 0.049591)\n",
      "lincomb_diff: (0.60175, -0.065130, 0.25317, 0.15509, 1.0942, 0.00000, 0.10466)\n",
      "LLL.norm: 68.6148681640625\n",
      "cube.norm: 14.5699462890625\n",
      "\n",
      "B: [ 87  88 -19  53 -27  71 -23]\n",
      "[  3  33 -93  -8 -14  -4  16]\n",
      "[-94  58 -35  49 -77   3  -8]\n",
      "[ 11  47  14 -57 -80  32  65]\n",
      "[ 29  72  -3  19  -2  48  28]\n",
      "[-49  87 -87  34  80  24  17]\n",
      "[ 95  55 -21  20 -48  51  14]\n",
      "G: [24782  4234  2664  4743 12741  6001 19159]\n",
      "[ 4234 10279  5433  2770  2874  9599  4585]\n",
      "[ 2664  5433 21828  4145  2560  8139  -288]\n",
      "[ 4743  2770  4145 17424  6094 -4133  8578]\n",
      "[12741  2874  2560  6094  9487  7218 10094]\n",
      "[ 6001  9599  8139 -4133  7218 25960   259]\n",
      "[19159  4585  -288  8578 10094   259 17992]\n",
      "lincomb_LLL: (0, 2, 0, -1, 4, -2, -2)\n",
      "lincomb_cube: (0.40561, 1.5639, -0.12046, -0.60744, 2.6293, -1.4421, -2.0000)\n",
      "sv_LLL: (19, 23, 4, 9, -20, 2, 17)\n",
      "sv_cube: (1.5356, 5.6171, 2.1342, -1.3663, 0.39697, -7.6589, -1.7202)\n",
      "lincomb_diff: (-0.40561, 0.43606, 0.12046, -0.39256, 1.3707, -0.55789, 0.00000)\n",
      "LLL.norm: 40.98779296875\n",
      "cube.norm: 10.10479736328125\n",
      "\n",
      "B: [  49   36  -59   50   79  -21   -8]\n",
      "[-100    4  -25  -38   32   12   80]\n",
      "[  16  -75   25  -10   21  -85    0]\n",
      "[ -71   61  -94   99   21   40  -54]\n",
      "[ -26   79   46  -59    3   65   62]\n",
      "[  44  -71   -1  -98   41  -81   28]\n",
      "[ -18  -53   79   12  -19  -35   25]\n",
      "G: [ 16424  -3545   -447  10464  -5718   -525  -7817]\n",
      "[ -3545  19653  -2493   2764   9844   1645    129]\n",
      "[  -447  -2493  14272 -12010 -10063  14730   8118]\n",
      "[ 10464   2764 -12010  32356  -4185 -20954 -11342]\n",
      "[ -5718   9844 -10063  -4185  20592  -4423  -1575]\n",
      "[  -525   1645  14730 -20954  -4423  25608   4472]\n",
      "[ -7817    129   8118 -11342  -1575   4472  11729]\n",
      "lincomb_LLL: (-1, 2, 11, -4, 1, -8, -9)\n",
      "lincomb_cube: (-0.51770, 2.0000, 8.4530, -3.7251, 0.27404, -6.7426, -7.2121)\n",
      "sv_LLL: (-5, 27, 3, -15, -22, -22, -3)\n",
      "sv_cube: (0.37915, 10.778, -8.3877, 2.8635, -16.205, -16.245, 13.189)\n",
      "lincomb_diff: (-0.48230, 0.00000, 2.5470, -0.27494, 0.72596, -1.2574, -1.7879)\n",
      "LLL.norm: 44.32830810546875\n",
      "cube.norm: 29.92218017578125\n",
      "\n",
      "B: [ 97  32 -77 -36  95 -71 -73]\n",
      "[ 57 -89  66  26 -90  37 -73]\n",
      "[ 65  12 -97 -42 -44 -60 -54]\n",
      "[ 82  59  46  31 -87  49 -29]\n",
      "[ 91 -65 -72 -49  30  86  96]\n",
      "[-22  -1  -7 -28  30 -94 -60]\n",
      "[ 17 -79 -42 -21   3  93 -27]\n",
      "G: [ 37053  -9185  19692  -4443   3791  13285  -1236]\n",
      "[ -9185  31000    825  15025  -1580  -4153   9824]\n",
      "[ 19692    825  23994   2728   2513   7973    859]\n",
      "[ -4443  15025   2728  24093  -2384  -8529   -771]\n",
      "[  3791  -1580   2513  -2384  37603 -13005  16231]\n",
      "[ 13285  -4153   7973  -8529 -13005  14654  -6445]\n",
      "[ -1236   9824    859   -771  16231  -6445  18122]\n",
      "lincomb_LLL: (-1, -1, -1, 2, 1, 4, 1)\n",
      "lincomb_cube: (-1.0000, -0.72437, -0.28210, 1.3260, 0.82559, 2.6167, 0.58545)\n",
      "sv_LLL: (-35, 15, 58, -68, 18, -5, -29)\n",
      "sv_cube: (-20.378, 4.7887, 15.203, -55.896, -27.732, 5.5748, 9.1034)\n",
      "lincomb_diff: (0.00000, -0.27563, -0.71790, 0.67397, 0.17441, 1.3833, 0.41455)\n",
      "LLL.norm: 103.0921630859375\n",
      "cube.norm: 68.3865966796875\n",
      "\n",
      "B: [-85 -20 -92 -66 -75  66 -80]\n",
      "[-26 -31 -42  14   5  24 -59]\n",
      "[ 14  31  76   2 -67 -55  83]\n",
      "[-90  98  61 -38   9 -77 -95]\n",
      "[ 14 -44 -46 -20  65 -55 -46]\n",
      "[  0  48 -45  -3  78 -76  85]\n",
      "[  0   6 -32 -69 -65  77  34]\n",
      "G: [ 36826  11699 -14179   4429    417 -14288  14615]\n",
      "[ 11699   7679 -11041     10   4371  -6089   -291]\n",
      "[-14179 -11041  21340   2085  -9852   4071    558]\n",
      "[  4429     10   2085  37904   1572    552  -8486]\n",
      "[   417   4371  -9852   1572  14014   5358  -7436]\n",
      "[-14288  -6089   4071    552   5358  23423  -6097]\n",
      "[ 14615   -291    558  -8486  -7436  -6097  17131]\n",
      "lincomb_LLL: (6, -14, -3, -2, -1, -1, -7)\n",
      "lincomb_cube: (4.7593, -11.835, -3.0000, -1.6165, -1.0992, -0.85842, -5.7470)\n",
      "sv_LLL: (-22, -21, 1, -16, -25, -29, 10)\n",
      "sv_cube: (-8.7331, -7.0436, 5.7021, -3.2686, 5.4805, 2.7241, 4.2871)\n",
      "lincomb_diff: (1.2407, -2.1651, 0.00000, -0.38347, 0.099224, -0.14158, -1.2530)\n",
      "LLL.norm: 52.42138671875\n",
      "cube.norm: 14.99713134765625\n",
      "\n",
      "B: [-20  30 -71  96  -5  -5  -6]\n",
      "[ 95  50  32  17   4  36  42]\n",
      "[ 72  87  54 -54  -5 -29  91]\n",
      "[-39 -46  92  51 -90 -30  96]\n",
      "[ 77 -81  30  34 -93 -74  69]\n",
      "[-34  17  35  14  47 -26  -3]\n",
      "[-13 -25  39 -64  14  50 -41]\n",
      "G: [15643 -1492 -8224 -2212 -2415   -38 -9477]\n",
      "[-1492 15914 14758   398  4665 -1896 -2191]\n",
      "[-8224 14758 27732  5460  7171   411 -2800]\n",
      "[-2212   398  5460 32918 22431   740 -4715]\n",
      "[-2415  4665  7171 22431 33432 -5123 -7813]\n",
