{
 "cells": [
  {
   "cell_type": "markdown",
   "id": "7ea6f785",
   "metadata": {
    "tags": []
   },
   "source": [
    "# This one fixes one component to the same as LLL\n",
    "## IF the LLL has a (... 1, ...) somewhere\n",
    "\n",
    "beru to tak, že mám >tries< matic, které mají někde v LLLku jedničku a na té jedničce to zkoušim"
   ]
  },
  {
   "cell_type": "code",
   "execution_count": 206,
   "id": "9ee6e4ee",
   "metadata": {
    "vscode": {
     "languageId": "python"
    }
   },
   "outputs": [],
   "source": [
    "# from closest_vs_minimal import shortest_lc_in_cube\n",
    "# from copy import deepcopy\n",
    "%run closest_versus_minimal_tools.ipynb"
   ]
  },
  {
   "cell_type": "code",
   "execution_count": 207,
   "id": "9d981872",
   "metadata": {
    "vscode": {
     "languageId": "python"
    }
   },
   "outputs": [],
   "source": [
    "# UNINTERESTING TOOLS\n",
    "from random import randint, seed\n",
    "\n",
    "def shortestVector(matrix): \n",
    "    \"\"\"\n",
    "    :returns: \n",
    "        - n - norm of the shortest vector\n",
    "        - v - the shortest vector (vector)\n",
    "        - i - index of the SV\n",
    "    \"\"\"\n",
    "    return sorted([(matrix[idx].norm().n(), matrix[idx], idx) for idx in range(matrix.nrows())])[0][1]\n",
    "\n",
    "def randomMatrix(dimension, per) -> matrix:\n",
    "    '''\n",
    "    Returns a random square matrix with full rank.\n",
    "    INPUT:\n",
    "    dimension: dimension of the random matrix\n",
    "    per: perimeter of the components\n",
    "    '''\n",
    "    list = [randint(-per, per) for _ in range(dimension**2)]\n",
    "    M = matrix(ZZ, dimension, dimension, list)\n",
    "    while M.rank() != dimension:\n",
    "        list = [randint(-per, per) for _ in range(dimension**2)]\n",
    "        M = matrix(ZZ, dimension, dimension, list)\n",
    "    return M\n",
    "\n",
    "def gram_matrix(matrix) -> matrix:\n",
    "    return matrix * matrix.transpose()\n",
    "\n",
    "def matrix_to_list(A) -> list:\n",
    "    return [[int(A.list()[row * A.ncols() + col]) for col in range(A.ncols())] for row in range(A.nrows())]\n",
    "\n",
    "def vector_to_list(vector) -> list:\n",
    "    return [float(num) for num in vector.list()]"
   ]
  },
  {
   "cell_type": "markdown",
   "id": "08a67a51",
   "metadata": {},
   "source": [
    "### Interesting math tools. \n",
    "\n",
    "Following functions actually have some thoughts behind them. \n",
    "\n",
    "\n",
    "`abnormality_data`\n",
    "Given a matrix $B$ and it's shortest vector given by the LLL algorithm, returns __a dictionary__ with data concerting the SV given by the cube algorithm, if it's far enough from the LLL solution. \n",
    "\n",
    "`find_real_minimum` Given a matrix $B$ and it's shortest vector given by the LLL algorithm, returns the __linear combination of the SV given by the cube algorithm__.\n",
    "\n",
    "\n"
   ]
  },
  {
   "cell_type": "markdown",
   "id": "037ba9c8",
   "metadata": {},
   "source": [
    "### Formatting tools\n",
    "\n",
    "These functions provide transfering the data to the output jsonfile as described above."
   ]
  },
  {
   "cell_type": "code",
   "execution_count": 208,
   "id": "7bdeacaf",
   "metadata": {
    "vscode": {
     "languageId": "python"
    }
   },
   "outputs": [],
   "source": [
    "### output formatting\n",
    "import json\n",
    "import numpy as np\n",
    "\n",
    "def format_data(output_data):\n",
    "    for dic in output_data:\n",
    "        for key, value in dic.items():\n",
    "            if isinstance(value, sage.matrix.matrix_integer_dense.Matrix_integer_dense):\n",
    "                dic[key] = matrix_to_list(value)\n",
    "            elif isinstance(value, (int, float, sage.rings.real_mpfr.RealNumber)):\n",
    "                dic[key] = float(value) \n",
    "            else:\n",
    "                dic[key] = vector_to_list(value)\n",
    "    return output_data\n",
    "\n",
    "    \n",
    "def into_json(data, jsonfilename):\n",
    "    with open(jsonfilename, 'w') as f:\n",
    "        json.dump(data, f)\n",
    "\n",
    "def from_json(filename):\n",
    "    out_file = open(filename)\n",
    "    return json.load(out_file)\n",
    "\n",
    "def print_listdict(list) -> None:\n",
    "    \"\"\"\n",
    "    :param list: list of dictionaries\n",
    "    \"\"\"\n",
    "    for dictionary in list:\n",
    "        for pair in dictionary.items():\n",
    "            print(pair[1], \": \", pair[0])\n",
    "        print()\n",
    "\n",
    "def norm_G(lin_comb, Gram_matrix):\n",
    "    tmp = [sum(x * y for x, y in zip(lin_comb, col)) for col in zip(*Gram_matrix)]\n",
    "    return sum(x * y for x, y in zip(tmp, lin_comb))\n",
    "    \n",
    "def into_dict(B, lcLLL: vector, lcCube: int, lc_exact) -> dict:\n",
    "    result = {}\n",
    "    G = gram_matrix(B)\n",
    "    lc_shortest_in_cube=  vector(shortest_lc_in_cube(lcCube, B))\n",
    "    result[\"B\"] = B\n",
    "    result[\"G\"] = G\n",
    "    result[\"lincomb_exact\"] = lc_exact\n",
    "    result[\"lincomb_LLL\"] = lcLLL\n",
    "    result[\"lincomb_cube\"] = lcCube\n",
    "    result[\"lincomb_cube_shortest\"] = lc_shortest_in_cube\n",
    "    result[\"exact.norm\"] = vector(lc_exact*B).norm().n(digits=5)\n",
    "    result[\"LLL.norm\"] = vector(lcLLL*B).norm().n(digits=5)\n",
    "    result[\"shortest_cube.norm\"] = (vector(lc_shortest_in_cube)*B).norm().n(digits=5)\n",
    "    result[\"sv_LLL\"] = lcLLL * B\n",
    "    result[\"sv_exact\"] = lc_exact * B\n",
    "    result[\"sv_shortst_cube\"] = lc_shortest_in_cube* B\n",
    "    return result"
   ]
  },
  {
   "cell_type": "markdown",
   "id": "e6ece087",
   "metadata": {},
   "source": [
    "### Main function\n",
    "\n",
    "This cell actually generates the new examples and checks wheter a matrix is *dysfunctional*. \n",
    "\n",
    "`generate_new_examples`\n",
    "The main function. Based on input parameters above, generates *some* number of *dysfunctional* matrices, computes their invariants such as Gram matrix, LLL/cube linear combinations etc. and creates a json file with this information (specified above).\n",
    "\n",
    "`is_dysfunctional`\n",
    "Given a matrix $B$, checks whether its dysfunctional and if so, returns the data describing the case.\n"
   ]
  },
  {
   "cell_type": "code",
   "execution_count": 209,
   "id": "f0f4a678-9c58-4b25-a4e3-ac6037f1cc6a",
   "metadata": {
    "vscode": {
     "languageId": "python"
    }
   },
   "outputs": [],
   "source": [
    "# MAIN \n",
    "from sage.modules.free_module_integer import IntegerLattice\n",
    "\n",
    "\n",
    "def generate_new_examples(iterations, dimension, perimeter, rng, jsonfilename, printing = False, functioning = True) -> None:\n",
    "    '''\n",
    "    generates >iterations< of >dis/functioning< matrices and saves them in a json file.\n",
    "    returns number of suitable cases\n",
    "    '''\n",
    "    output_data = []\n",
    "    i = 0\n",
    "    # for i in range(iterations):\n",
    "    while i < iterations:\n",
    "        B = randomMatrix(dimension, perimeter)\n",
    "        G = gram_matrix(B)\n",
    "\n",
    "        L = IntegerLattice(B, lll_reduce=False)\n",
    "\n",
    "        sv_LLL = shortestVector(B.LLL())\n",
    "        lcLLL = B.solve_left(sv_LLL)\n",
    "\n",
    "        if 1 not in lcLLL.list():\n",
    "            continue\n",
    "\n",
    "        sv_exact = L.shortest_vector()\n",
    "        lc_exact = B.solve_left(sv_exact)\n",
    "        sv_exact_norm = sv_exact.norm().n()\n",
    "        \n",
    "\n",
    "        # Compare the result with solution of the cube algorithm\n",
    "        this_case_works, lcCube = compare_with_cube(lcLLL, G, rng)\n",
    "        if this_case_works != functioning:\n",
    "            case_info = into_dict(B, lcLLL, lcCube, lc_exact)\n",
    "            output_data.append(case_info)\n",
    "        i +=1\n",
    "    \n",
    "    # Format output data\n",
    "    if printing: print_listdict(output_data)\n",
    "    dict = format_data(output_data)\n",
    "    into_json(dict, jsonfilename)\n",
    "    return len(output_data)\n",
    "\n",
    "\n",
    "def find_indices(lst, targets):\n",
    "    return [i for i, x in enumerate(lst) if x in targets]\n",
    "\n",
    "\n",
    "def compare_with_cube(lcLLL, G, rng) -> bool:\n",
    "    working_case = None\n",
    "    for current_row in find_indices(lcLLL, [1,-1]):\n",
    "        # for K in range(2, rng):\n",
    "        LLL_component = lcLLL[current_row]\n",
    "        lcCube = find_real_minimum(G, current_row, LLL_component)\n",
    "        working_case = lcCube                \n",
    "\n",
    "        if norm_G(lcCube, G) > norm_G(lcLLL, G):\n",
    "            print(\"cube bigger than LLL\")\n",
    "        # Check for invalid cases\n",
    "        if norm_G(lcCube, G) > norm_G(lcLLL, G) or lcCube == zero_vector(SR, dimension):\n",
    "            continue\n",
    "\n",
    "        # Check if the two results are the same\n",
    "        for i in range(dimension - 1):  \n",
    "            difference = abs(lcLLL[i]) - abs(lcCube[i])\n",
    "            if abs(difference) >= sensitivity:\n",
    "                return True, lcCube\n",
    "    return False, working_case\n",
    "        \n",
    "def find_real_minimum(G, current_row, LLL_component) -> vector:\n",
    "    \"\"\"\n",
    "    returns linear combination of the minimum over real numbers\n",
    "    the >current_row< parameter is the coordinate of fixed col/row idk\n",
    "    the >K< parameter is the number inserted into this column\n",
    "    \"\"\"\n",
    "    matrixA = matrix(dimension - 1, dimension - 1, 0) # square matrix of size (dimension - 1) x (dimension - 1), filled with zeros.\n",
    "    matrixB = matrix(dimension - 1, 1, 0) # column matrix of size (dimension - 1) x 1, filled with zeros.\n",
    "    matrixA[0,0] = 1\n",
    "    a, b = 0, 0\n",
    "    for row in range(dimension):\n",
    "        if row != current_row:\n",
    "            matrixA[a] = [G[row, j] for j in range(len(G[row])) if j != current_row]\n",
    "            matrixB[b] = sum([LLL_component * G[row,j] for j in range(len(G[row])) if j == current_row])\n",
    "            a += 1\n",
    "            b += 1\n",
    "    # insert indices\n",
    "    result = (matrixA.solve_right((-1) * matrixB)).list()\n",
    "    result.insert(current_row, LLL_component)\n",
    "    return vector(result).n(digits=5)"
   ]
  },
  {
   "cell_type": "code",
   "execution_count": 211,
   "id": "f21d29bd",
   "metadata": {
    "vscode": {
     "languageId": "python"
    }
   },
   "outputs": [
    {
     "name": "stdout",
     "output_type": "stream",
     "text": [
      "[-835 -232 -278  117  479  504 -258    0 -731  218]\n",
      "[ 483  721  -35 -478 -588   29  175 -241  321  433]\n",
      "[ -74  376 -292  759  -60 -922 -494   14 -966 -588]\n",
      "[ 572  893  172 -112  862  246  809 -724  199  793]\n",
      "[  20 -110 -596 -206  900 -784  415 -261 -352  674]\n",
      "[ 819  943 -387 -744 -691 -282 -876  182 -417  -41]\n",
      "[-966  769 -930 -606   32  126 -333 -528  816  342]\n",
      "[ 258  855 -797 -841 -285  887  378  705 -267 -623]\n",
      "[-222  272 -928  675 -929  438  532 -924  655 -214]\n",
      "[  70 -346  776   27  359 -172  380 -141 -774  934] :  B\n",
      "[ 1973928 -1069216   356523  -390151   483544  -833323   458646   -18249  -427727   565892]\n",
      "[-1069216  1708660  -763200  1191230  -187882  1494015   873922   905044   791047  -215353]\n",
      "[  356523  -763200  3185013 -1188624   378742  1005956  -778100  -456537  -228737  -195533]\n",
      "[ -390151  1191230 -1188624  3817428  1405839  -293631   647122    88941   247653  1124796]\n",
      "[  483544  -187882   378742  1405839  2653334  -396138   448111  -745593  -712666  1125815]\n",
      "[ -833323  1494015  1005956  -293631  -396138  3796390   528461  1832575  -448524  -862991]\n",
      "[  458646   873922  -778100   647122   448111   528461  3946046   832713  1675078 -1446168]\n",
      "[  -18249   905044  -456537    88941  -745593  1832575   832713  4107400   508609 -1504817]\n",
      "[ -427727   791047  -228737   247653  -712666  -448524  1675078   508609  4106583 -1594804]\n",
      "[  565892  -215353  -195533  1124796  1125815  -862991 -1446168 -1504817 -1594804  2521699] :  G\n",
      "(-4, -8, -1, 1, -1, 3, 2, 1, 2, 4) :  lincomb_exact\n",
      "(-4, -8, -1, 1, -1, 3, 2, 1, 2, 4) :  lincomb_LLL\n",
      "(-3.2144, -6.6116, -1.0000, 0.40138, -0.77408, 2.4516, 1.8234, 0.85266, 1.5481, 3.6183) :  lincomb_cube\n",
      "(-3, -6, -1, 0, -1, 2, 2, 1, 1, 4) :  lincomb_cube_shortest\n",
      "1197.1 :  exact.norm\n",
      "1197.1 :  LLL.norm\n",
      "1441.4 :  shortest_cube.norm\n",
      "(721, 169, -118, -136, 94, 185, 188, -766, 201, -383) :  sv_LLL\n",
      "(721, 169, -118, -136, 94, 185, 188, -766, 201, -383) :  sv_exact\n",
      "(-317, -729, 677, -794, 155, 345, -185, 218, -325, 163) :  sv_shortst_cube\n",
      "\n",
      "[ 264 -201   55 -705 -336 -763 -915 -906  202  420]\n",
      "[ 621 -473  772  979  327 -214 -313  826  518 -370]\n",
      "[-391  -24  741  984 -150 -404  -98 -287 -624 -590]\n",
      "[ 105  245 -471  875  742  858  743  507  517  983]\n",
      "[-557  280 -871 -772  320  865 -581 -832 -732  220]\n",
      "[  77  427   95  993 -942  979 -438 -449  609  299]\n",
      "[ 894 -853 -601  111 -917 -307 -778  644 -764 -564]\n",
      "[-309 -375  654  522  607   48  -39  664  601 -736]\n",
      "[ 268  434  911 -319   36 -134 -618   27 -849 -673]\n",
      "[ 207 -216  204 -282 -178  502 -446 -499 -553  148] :  B\n",
      "[ 3180477  -848033  -416869 -2190164   755455  -134642   575710 -1332434   435514   795514]\n",
      "[ -848033  3501989  1030015   591674 -2952962   344845   957565  2333938   417549  -667299]\n",
      "[ -416869  1030015  2685959 -1113779  -968762   368297   297291   890109  1274348    66488]\n",
      "[-2190164   591674 -1113779  4387920  -291225  1133541 -1879685   410874 -2207973  -800167]\n",
      "[  755455 -2952962  -968762  -291225  4207908    20763  -506636 -1801386   130643  1353161]\n",
      "[ -134642   344845   368297  1133541    20763  3882864  -261308  -263353  -649073   449069]\n",
      "[  575710   957565   297291 -1879685  -506636  -261308  4757317  -448940   820996   589164]\n",
      "[-1332434  2333938   890109   410874 -1801386  -263353  -448940  2652373   226243  -835924]\n",
      "[  435514   417549  1274348 -2207973   130643  -649073   820996   226243  2767497   795906]\n",
      "[  795514  -667299    66488  -800167  1353161   449069   589164  -835924   795906  1269963] :  G\n",
      "(3, -6, 1, 4, -2, 0, 2, 5, 2, 1) :  lincomb_exact\n",
      "(3, -6, 1, 4, -2, 0, 2, 5, 2, 1) :  lincomb_LLL\n",
      "(0.87126, -2.1739, 0.18719, 1.2933, -1.0619, -0.026614, 0.66200, 1.7435, 0.55391, 1.0000) :  lincomb_cube\n",
      "(1, -2, 0, 1, -1, 0, 1, 2, 0, 1) :  lincomb_cube_shortest\n",
      "1123.9 :  exact.norm\n",
      "1123.9 :  LLL.norm\n",
      "1319.5 :  shortest_cube.norm\n",
      "(-805, -298, 226, -49, 303, 153, -264, -106, -368, 376) :  sv_LLL\n",
      "(-805, -298, 226, -49, 303, 153, -264, -106, -368, 376) :  sv_exact\n",
      "(167, -1109, -178, -143, -449, -51, -267, 254, 300, 35) :  sv_shortst_cube\n",
      "\n",
      "[-671 -827 -134 -738 -298  614  720  498 -212  791]\n",
      "[ 635 -222  700  258  714  508  824 -351  -66 -464]\n",
      "[-385 -430 -219  873 -724  -77  836  580 -200 -846]\n",
      "[ 162  245 -472  909  112  144 -207 -941  666 -245]\n",
      "[-996  882 -781 -987  735  642  156 -215  513 -634]\n",
      "[ 224  -75 -833 -523 -996  558  359 -994 -504  844]\n",
      "[ 874 -934 -635  459  914  527 -503  653 -632  -52]\n",
      "[-736  178 -312 -213  433  264  294 -599  577  560]\n",
      "[ 396 -268 -368  254 -636  -75  824 -691  337  934]\n",
      "[ 789  -43  840 -885 -728 -380  936  292 -122 -296] :  B\n",
      "[ 3599599  -362105   431465 -1816516   342120  1586657    39404   812728   877770   641400]\n",
      "[ -362105  2798762   257895   335169  -314357  -700466   778737  -182373    92583   971567]\n",
      "[  431465   257895  3464332    -7733  -828506  -539624    31211  -935417   161873   541164]\n",
      "[-1816516   335169    -7733  2600525   367966   223079  -110559   714420   796317 -1697174]\n",
      "[  342120  -314357  -828506   367966  5042145   -20238 -1151377  1947308 -1251858 -1177041]\n",
      "[ 1586657  -700466  -539624   223079   -20238  4409868  -616573   791909  2475230   313584]\n",
      "[   39404   778737    31211  -110559 -1151377  -616573  4444809 -1107086  -801394 -1263155]\n",
      "[  812728  -182373  -935417   714420  1947308   791909 -1107086  2065044   800020 -1213355]\n",
      "[  877770    92583   161873   796317 -1251858  2475230  -801394   800020  2981083   533480]\n",
      "[  641400   971567   541164 -1697174 -1177041   313584 -1263155 -1213355   533480  3851439] :  G\n",
      "(1, 1, -1, 0, 1, -1, -1, -4, 2, -2) :  lincomb_exact\n",
      "(1, 1, -1, 0, 1, -1, -1, -4, 2, -2) :  lincomb_LLL\n",
      "(1.0000, 0.41094, -0.65979, 0.30639, 0.70377, -0.56511, -0.67915, -2.5593, 1.0878, -0.96107) :  lincomb_cube\n",
      "(1, 0, -1, 0, 1, -1, -1, -3, 2, -1) :  lincomb_cube_shortest\n",
      "1212.6 :  exact.norm\n",
      "1212.6 :  LLL.norm\n",
      "1406.6 :  shortest_cube.norm\n",
      "(413, 110, 304, 854, 409, 310, -392, 123, 181, -33) :  sv_LLL\n",
      "(413, 110, 304, 854, 409, 310, -392, 123, 181, -33) :  sv_exact\n",
      "(-169, 467, 132, -502, -600, -314, 14, 167, 702, 695) :  sv_shortst_cube\n",
      "\n",
      "[ -14  190 -235  127 -760   43 -222 -272 -668 -444]\n",
      "[-703 -193   -3 -870  695  319  893  633  965  259]\n",
      "[ 688 -988 -151  215 -487 -276 -486  249  938  197]\n",
      "[-855 -901 -216  -51  799  360 -557 -773  496 -914]\n",
      "[ 981  427  140 -731 -481  -26  825   47 -349  129]\n",
      "[-623 -440 -207 -500 -967  968 -708 -930  743 -149]\n",
      "[ 694 -549  157 -864 -542  158   91 -345  259 -797]\n",
      "[ 817  106  746  753  939  263  500   32 -125  218]\n",
      "[ 303    3  832 -584 -824  929 -666 -805  278  701]\n",
      "[-117 -423 -648 -457  779  -99 -471 -239 -545  465] :  B\n",
      "[ 1453727 -1781134  -450198  -298299   286023   666779   412559  -906304   262691  -253618]\n",
      "[-1781134  4069597  -226274   745325   -15991    52707   -50614  -113062  -638807    95868]\n",
      "[ -450198  -226274  3048709   198541  -375026   913713   986565  -332600   621284  -265238]\n",
      "[ -298299   745325   198541  4349274 -2396986  2193124   608173  -713127  -245231   982978]\n",
      "[  286023   -15991  -375026 -2396986  2751964  -928902  1222205   427990   620220  -573794]\n",
      "[  666779    52707   913713  2193124  -928902  4687105  1453369 -2249099  2948050  -145960]\n",
      "[  412559   -50614   986565   608173  1222205  1453369  2702506  -663711  1167649  -465885]\n",
      "[ -906304  -113062  -332600  -713127   427990 -2249099  -663711  3067313  -341312  -336165]\n",
      "[  262691  -638807   621284  -245231   620220  2948050  1167649  -341312  4327381  -362299]\n",
      "[ -253618    95868  -265238   982978  -573794  -145960  -465885  -336165  -362299  2230225] :  G\n",
      "(2, 1, 1, 1, 1, -1, -1, 0, 1, 0) :  lincomb_exact\n",
      "(2, 1, 1, 1, 1, -1, -1, 0, 1, 0) :  lincomb_LLL\n",
      "(2.4554, 1.0000, 1.2648, 2.0293, 1.6647, -1.5967, -1.8527, -0.34361, 1.2184, -0.42488) :  lincomb_cube\n",
      "(2, 1, 1, 2, 2, -1, -2, 0, 1, 0) :  lincomb_cube_shortest\n",
      "875.18 :  exact.norm\n",
      "875.18 :  LLL.norm\n",
      "1067.9 :  shortest_cube.norm\n",
      "(315, -283, 182, -403, -309, 266, 182, 82, -10, 430) :  sv_LLL\n",
      "(315, -283, 182, -403, -309, 266, 182, 82, -10, 430) :  sv_exact\n",
      "(-253, -208, -51, -321, 551, 442, 359, -299, -122, 442) :  sv_shortst_cube\n",
      "\n",
      "[-347  931  689 -191 -434 -599  -77  332 -681   65]\n",
      "[ 536  696 -436  360 -314 -718  744 -548 -969 -267]\n",
      "[-994 -707   58 -322 -341 -727 -593  649 -399  522]\n",
      "[ 257  937 -319  762  788  160 -658 -392  -93  885]\n",
      "[-146  141 -194  826 -683 -752 -991  235  -22  507]\n",
      "[ 750    4  643  166 -443  449  582 -474  835 -994]\n",
      "[ 422  681  654 -116 -206 -405 -165  776  -19  725]\n",
      "[-282 -619  593  -65 -583  822  748 -280  -26 -595]\n",
      "[ 448  -35 -692  528 -146  784 -537 -732 -424 -125]\n",
      "[ 210 -822  492  287  410 -647  -42 -738  303  -61] :  B\n",
      "[ 2629668  1062488   938410    21383   839635  -757321  1622739  -468324 -1092985  -796458]\n",
      "[ 1062488  3569618 -1086591   420082   176087   149959     5566  -377047   636331  -139082]\n",
      "[  938410 -1086591  3444278  -931948  1561430 -2444631   526530  -551026 -1203602    32300]\n",
      "[   21383   420082  -931948  3651469  1138068 -1313864   670175 -2125639  1284914  -200170]\n",
      "[  839635   176087  1561430  1138068  3087941 -1342121   970843 -1542955   316283    32165]\n",
      "[ -757321   149959 -2444631 -1313864 -1342121  3650032  -570466  1921656   199890   685084]\n",
      "[ 1622739     5566   526530   670175   970843  -570466  2444865 -1129574 -1198035  -620851]\n",
      "[ -468324  -377047  -551026 -2125639 -1542955  1921656 -1129574  2826737    68902   155476]\n",
      "[-1092985   636331 -1203602  1284914   316283   199890 -1198035    68902  2615143  -191263]\n",
      "[ -796458  -139082    32300  -200170    32165   685084  -620851   155476  -191263  2272864] :  G\n",
      "(1, -1, -4, -2, 2, -3, 0, 1, 0, 1) :  lincomb_exact\n",
      "(1, -1, -4, -2, 2, -3, 0, 1, 0, 1) :  lincomb_LLL\n",
      "(1.0863, -1.4439, -5.7175, -2.9020, 2.2818, -4.5140, 0.043134, 1.0000, -0.23760, 1.3697) :  lincomb_cube\n",
      "(1, -1, -5, -3, 2, -4, 0, 1, 0, 1) :  lincomb_cube_shortest\n",
      "913.99 :  exact.norm\n",
      "913.99 :  LLL.norm\n",
      "1149.7 :  shortest_cube.norm\n",
      "(-35, 18, 299, 589, -542, 31, -155, -58, -202, -186) :  sv_LLL\n",
      "(-35, 18, 299, 589, -542, 31, -155, -58, -202, -186) :  sv_exact\n",
      "(-48, -216, -83, -17, -546, 149, 514, 159, -545, -599) :  sv_shortst_cube\n",
      "\n",
      "[ 522 -602  -60 -976  123 -878  536  121 -176 -358]\n",
      "[-157 -429 -739  436  971 -162 -665 -436  -99 -342]\n",
      "[ 240 -541  816  359  901  304 -131  970  495   81]\n",
      "[ 415  732  199  738  805 -432 -799  804 -560  581]\n",
      "[ 329  382  673 -186  -34  387 -433  113  861  585]\n",
      "[-168 -343 -322 -202 -949 -198 -232  713 -844  303]\n",
      "[  83 -743 -409 -650  119  339 -345  137 -585  -86]\n",
      "[ 339  148 -597  321  649 -854  831 -137  -33 -686]\n",
      "[-285  960 -859 -689  715  -54 -582 -119 -111 -432]\n",
      "[ 507  872 -936 -541  -27 -277 -649  411  438 -159] :  B\n",
      "[ 2838154  -212559  -173435  -918369  -840419   394370   831952  1320260   -19488   245472]\n",
      "[ -212559  2673078   161020   684692  -936314  -742652   642218   977947  1267962   284203]\n",
      "[ -173435   161020  3258882  1379301  1081619  -776503   -53392  -359140 -1037381  -728982]\n",
      "[ -918369   684692  1379301  4062921   512808   194944  -457738   104286   684435   872452]\n",
      "[ -840419  -936314  1081619   512808  2176419  -778196  -672858 -1451011  -331938   475887]\n",
      "[  394370  -742652  -776503   194944  -778196  2596504   969253  -897612  -520502   132633]\n",
      "[  831952   642218   -53392  -457738  -672858   969253  1765216  -485742   415599    69199]\n",
      "[ 1320260   977947  -359140   104286 -1451011  -897612  -485742  2927807   679946   404089]\n",
      "[  -19488  1267962 -1037381   684435  -331938  -520502   415599   679946  3281398  2213930]\n",
      "[  245472   284203  -728982   872452   475887   132633    69199   404089  2213930  3070915] :  G\n",
      "(0, 0, 0, 0, -1, -1, 0, -1, -1, 1) :  lincomb_exact\n",
      "(0, 0, 0, 0, -1, -1, 0, -1, -1, 1) :  lincomb_LLL\n",
      "(0.49204, -0.35581, 0.030508, 0.46694, -2.5646, -1.7881, -0.32666, -1.9402, -1.0000, 1.3264) :  lincomb_cube\n",
      "(0, 0, 0, 0, -2, -1, 0, -1, -1, 1) :  lincomb_cube_shortest\n",
      "1000.7 :  exact.norm\n",
      "1000.7 :  LLL.norm\n",
      "1206.9 :  shortest_cube.norm\n",
      "(292, -275, 169, 215, -408, 442, -233, -159, 565, 71) :  sv_LLL\n",
      "(292, -275, 169, 215, -408, 442, -233, -159, 565, 71) :  sv_exact\n",
      "(-37, -657, -504, 401, -374, 55, 200, -272, -296, -514) :  sv_shortst_cube\n",
      "\n",
      "[-922 -831  753  352  815  225 -855  623  332 -835]\n",
      "[ 663  561  679 -382  554 -180  453 -556 -983  795]\n",
      "[ 338  879  294  125  220  -22  905 -530 -298  704]\n",
      "[-474 -586  399 -168  382  824  282 -735  799 -292]\n",
      "[-426  859  561  172 -602 -965  520  425 -955 -509]\n",
      "[-992  -92  265 -982 -808 -789  865   34   92 -717]\n",
      "[-868 -954  405 -852 -301 -971  935  666  502 -722]\n",
      "[-787  690  -49  749 -499 -138  860 -114 -157 -925]\n",
      "[ 565  750  928 -342 -967  385 -310  506  849  837]\n",
      "[ 525 -963  654 -616  383 -961  538 -424 -791 -969] :  B\n",
      "[ 4873011 -2013528 -2393094  1472108  -617705   -80242  1519368  -144831 -1103999   510114]\n",
      "[-2013528  3813230  2552188  -725754   888238  -747371 -1516390  -833766   360165  1359028]\n",
      "[-2393094  2552188  2722175  -311998   857901  -388785 -1328927   547285   646608  -183197]\n",
      "[ 1472108  -725754  -311998  2923811 -1911783   337851   746203   -10048  -357119   148639]\n",
      "[ -617705   888238   857901 -1911783  4179422  2312469  1406498  2482389  -107025  1255060]\n",
      "[  -80242  -747371  -388785   337851  2312469  4574396  4297417  1869600  -343112  1867738]\n",
      "[ 1519368 -1516390 -1328927   746203  1406498  4297417  5677980   968272  -752434  2593734]\n",
      "[ -144831  -833766   547285   -10048  2482389  1869600   968272  3559786 -1031184   -98046]\n",
      "[-1103999   360165   646608  -357119  -107025  -343112  -752434 -1031184  4716693 -2212323]\n",
      "[  510114  1359028  -183197   148639  1255060  1867738  2593734   -98046 -2212323  5114238] :  G\n",
      "(0, -3, 2, 1, 2, 0, -1, -2, 0, 1) :  lincomb_exact\n",
      "(0, -3, 2, 1, 2, 0, -1, -2, 0, 1) :  lincomb_LLL\n",
      "(-0.44059, -0.73563, 0.19538, 1.0000, 1.4072, -0.51293, 0.065248, -1.0281, -0.26935, -0.10996) :  lincomb_cube\n",
      "(0, -1, 1, 1, 1, 0, 0, -1, 0, 0) :  lincomb_cube_shortest\n",
      "1150.2 :  exact.norm\n",
      "1150.2 :  LLL.norm\n",
      "1153.5 :  shortest_cube.norm\n",
      "(328, -182, 419, 310, -362, -324, -344, -139, 263, -684) :  sv_LLL\n",
      "(328, -182, 419, 310, -362, -324, -344, -139, 263, -684) :  sv_exact\n",
      "(-438, -99, 624, -238, -55, 155, 394, -170, 686, 33) :  sv_shortst_cube\n",
      "\n",
      "[-247 -888 -374  208  -61 -881 -887  103  727  -13]\n",
      "[ 719  254  483  256  -33 -185 -867  120 -678  259]\n",
      "[-328  933 -468  119 -860 -851 -434 -972  590  164]\n",
      "[ 185  772  286 -231 -441    3 -293  -12 -660 -416]\n",
      "[-839  389  793  241   23  558 -462  817 -321 -876]\n",
      "[-269  883  526  585   11  317 -689  687 -209 -261]\n",
      "[ 319  753 -684 -608   43  381   43 -775  859 -515]\n",
      "[-202  190  851 -602 -507  762 -809  -32  613  -25]\n",
      "[ 431 -756  704 -978  378 -773  -15  424  454 -263]\n",
      "[-244  740  472  655   39  398  385 -169 -141 -318] :  B\n",
      "[ 3138651   -80425   966127 -1077742  -605688  -539299  -443167   -42448  1146560 -1447432]\n",
      "[  -80425  2208470  -106521  1014430   325639  1129587  -983369   311178    26016    -7576]\n",
      "[  966127  -106521  4183195   556168 -1125624   -78561  1641454   300958 -1140717   117099]\n",
      "[-1077742  1014430   556168  1654505  1009589  1083461   211336   560872  -436577   608393]\n",
      "[ -605688   325639 -1125624  1009589  3605415  2479742  -927717  1359425  -317767  1255594]\n",
      "[ -539299  1129587   -78561  1083461  2479742  2630053  -622294   967366  -950816  1208197]\n",
      "[ -443167  -983369  1641454   211336  -927717  -622294  3258880   660540  -400764   101792]\n",
      "[  -42448   311178   300958   560872  1359425   967366   660540  3033101   459930    96213]\n",
      "[ 1146560    26016 -1140717  -436577  -317767  -950816  -400764   459930  3405096 -1323629]\n",
      "[-1447432    -7576   117099   608393  1255594  1208197   101792    96213 -1323629  1716661] :  G\n",
      "(1, -1, -1, 2, -1, 0, 0, 0, 0, 1) :  lincomb_exact\n",
      "(0, 0, 0, 0, -1, 1, 0, 0, 0, 0) :  lincomb_LLL\n",
      "(0.62501, -0.98861, -0.58931, 1.1408, -1.2913, 1.0000, -0.23174, 0.25588, -0.0031838, 0.39610) :  lincomb_cube\n",
      "(1, -1, -1, 2, -2, 1, 0, 0, 0, 1) :  lincomb_cube_shortest\n",
      "1128.8 :  exact.norm\n",
      "1129.6 :  LLL.norm\n",
      "1197.0 :  shortest_cube.norm\n",
      "(570, 494, -267, 344, -12, -241, -227, -130, 112, 615) :  sv_LLL\n",
      "(327, -180, -138, -215, -34, 1, 675, -55, -325, -710) :  sv_exact\n",
      "(897, 314, -405, 129, -46, -240, 448, -185, -213, -95) :  sv_shortst_cube\n",
      "\n",
      "[ 527  349  407  168 -608 -769  -72 -597 -864 -663]\n",
      "[-639  981 -468  302  762 -238  372 -815 -633 -184]\n",
      "[-832 -666 -378 -354 -789  737 -878 -756 -573 -831]\n",
      "[ 254  785 -515  182  472  518 -826  848 -743  814]\n",
      "[  59  555  595  716 -774  346 -110  911 -241 -501]\n",
      "[-734  -51 -521 -516  654 -377  802 -217  630    5]\n",
      "[ 668  780  804   64 -529 -986 -986 -254 -112 -167]\n",
      "[ 220  770  150  526 -517 -286 -897  477 -486 -978]\n",
      "[-659 -351 -472  162  773 -100 -555 -168  742 -277]\n",
      "[ 552  947 -145 -282  -37 -302 -988  235  130 -455] :  B\n",
      "[ 3102086   714277   589316  -801038   796199 -1286901  2472221  1916491 -1344945   889936]\n",
      "[  714277  3555352   -23189   462294  -766258  1170554  -245204   142707   471158    45026]\n",
      "[  589316   -23189  4930980  -761093   -69116  -674848  -450440   776517   638844  -135290]\n",
      "[ -801038   462294  -761093  4086223   723085 -1249154   165446   997064  -318119  1281462]\n",
      "[  796199  -766258   -69116   723085  3048082 -1827942  1052531  2347719 -1163479   713502]\n",
      "[-1286901  1170554  -674848 -1249154 -1827942  2736117 -1763293 -1914585  1264590  -906498]\n",
      "[ 2472221  -245204  -450440   165446  1052531 -1763293  4034318  2438355  -840372  2266016]\n",
      "[ 1916491   142707   776517   997064  2347719 -1914585  2438355  3514379  -443886  2166190]\n",
      "[-1344945   471158   638844  -318119 -1163479  1264590  -840372  -443886  2377581    59545]\n",
      "[  889936    45026  -135290  1281462   713502  -906498  2266016  2166190    59545  2649929] :  G\n",
      "(10, -2, 1, 4, 9, 3, -1, -12, 6, 4) :  lincomb_exact\n",
      "(10, -2, 1, 4, 9, 3, -1, -12, 6, 4) :  lincomb_LLL\n",
      "(11.575, -2.3961, 1.0000, 4.4460, 9.7420, 3.0516, -1.3708, -13.381, 7.3995, 4.4199) :  lincomb_cube\n",
      "(11, -2, 1, 4, 10, 3, -1, -14, 7, 5) :  lincomb_cube_shortest\n",
      "874.11 :  exact.norm\n",
      "874.11 :  LLL.norm\n",
      "1019.6 :  shortest_cube.norm\n",
      "(7, 506, 344, -186, -286, 188, 238, 306, -282, 90) :  sv_LLL\n",
      "(7, 506, 344, -186, -286, 188, 238, 306, -282, 90) :  sv_exact\n",
      "(46, 466, 429, -474, 102, -65, 307, -267, 457, 150) :  sv_shortst_cube\n",
      "\n",
      "[-917  282  322 -359 -812  804  464 -114  731 -813]\n",
      "[-875 -404  496  684   96 -577  190 -361  786  803]\n",
      "[ -10  323 -404  763  899  451  680  821  723 -630]\n",
      "[-428 -867  -58 -439  863 -615 -163  113 -801 -382]\n",
      "[-800 -309  652  114  386  836  123  361 -630  932]\n",
      "[ 827 -400  267  264  794  -24  175  120  265  865]\n",
      "[  37 -519 -197 -457 -621   26 -925  276  778  809]\n",
      "[ 308  306  582 -598 -144 -100  782 -717 -548  350]\n",
      "[-893  527 -997  246  502 -380  -20  625 -298 -479]\n",
      "[-251  463  911 -308 -293 -267  944 -341 -174  166] :  B\n",
      "[ 3882360   111784   591496 -1271788   -28136 -1985995  -104165     1918   -63938  1002633]\n",
      "[  111784  3413884   -78950  -174668   927153   733870   678132  -211869  -338619   698683]\n",
      "[  591496   -78950  3917486  -445344  -206812   523241 -1333243 -1443801  1635396  -703236]\n",
      "[-1271788  -174668  -445344  3080815   510769     3784  -655980  -134371  1037614  -416716]\n",
      "[  -28136   927153  -206812   510769  3432447   656675   -18032   339943  -229874   537626]\n",
      "[-1985995   733870   523241     3784   656675  2479401   348454   226242 -1164663  -235326]\n",
      "[ -104165   678132 -1333243  -655980   -18032   348454  3096271  -966398  -972544 -1081678]\n",
      "[    1918  -211869 -1443801  -134371   339943   226242  -966398  2463981 -1343543  1983805]\n",
      "[  -63938  -338619  1635396  1037614  -229874 -1164663  -972544 -1343543  3235377  -821184]\n",
      "[ 1002633   698683  -703236  -416716   537626  -235326 -1081678  1983805  -821184  2424542] :  G\n",
      "(0, 0, 0, 0, 0, 0, 0, -1, 0, 1) :  lincomb_exact\n",
      "(0, 0, 0, 0, 0, 0, 0, -1, 0, 1) :  lincomb_LLL\n",
      "(0.96303, -0.31003, -1.2773, -0.17782, -0.19308, 1.7561, -0.65567, -1.0000, 0.76880, 0.28940) :  lincomb_cube\n",
      "(1, 0, -1, 0, 0, 1, -1, -1, 0, 0) :  lincomb_cube_shortest\n",
      "959.64 :  exact.norm\n",
      "959.64 :  LLL.norm\n",
      "1098.3 :  shortest_cube.norm\n",
      "(-559, 157, 329, 290, -149, -167, 162, 376, 374, -184) :  sv_LLL\n",
      "(-559, 157, 329, 290, -149, -167, 162, 376, 374, -184) :  sv_exact\n",
      "(-425, -228, 608, 197, -152, 403, 102, -374, 43, -477) :  sv_shortst_cube\n",
      "\n",
      "[ 880  568 -983 -527  302  441  537 -284 -760  280]\n",
      "[ -14 -592 -839  -15  633 -467 -794   60 -766  195]\n",
      "[ 168  -19 -908 -161  168 -265 -970  353  438   77]\n",
      "[ 398  584 -777 -886 -307   86 -844 -955  983 -250]\n",
      "[-835  280 -450  569 -894  386 -763 -191  976  728]\n",
      "[ 240  974  183 -312 -179  200  164  900  417 -658]\n",
      "[-350  185  620  -43 -237   46   64  555  886  628]\n",
      "[ 771  200 -309 -218 -841  528  640  763 -283 -969]\n",
      "[-533 -440  414  563 -787 -899  786  240  992  455]\n",
      "[-747 -807  971 -530  452 -594   37 -421 -285 -570] :  B\n",
      "[ 3651752   662627   115868   858789 -1426442   114417 -1461779  1260327 -2329354 -1719936]\n",
      "[  662627  2932401  1474089  -109492  -542513 -1459480 -1369390 -1080159 -1447018   297519]\n",
      "[  115868  1474089  2240701  1722433  1075140   113410  -100099  -389838  -649889 -1026378]\n",
      "[  858789  -109492  1722433  4642980  1588145   447225  -268290  -144270 -1156493 -1010157]\n",
      "[-1426442  -542513  1075140  1588145  4351328  -319396  1437300 -1232808  1466340 -1615047]\n",
      "[  114417 -1459480   113410   447225  -319396  2652899   740923  1958699  -236123  -938570]\n",
      "[-1461779 -1369390  -100099  -268290  1437300   740923  2092760  -586296  1830942  -239240]\n",
      "[ 1260327 -1080159  -389838  -144270 -1232808  1958699  -586296  3774330  -597879 -1280158]\n",
      "[-2329354 -1447018  -649889 -1156493  1466340  -236123  1830942  -597879  4260109   421089]\n",
      "[-1719936   297519 -1026378 -1010157 -1615047  -938570  -239240 -1280158   421089  3574874] :  G\n",
      "(1, -3, 3, -1, 0, -1, -1, 0, 0, 1) :  lincomb_exact\n",
      "(1, -3, 3, -1, 0, -1, -1, 0, 0, 1) :  lincomb_LLL\n",
      "(1.0000, -1.9256, 2.1691, -1.0035, 0.47478, -0.31921, -0.66674, -0.14578, -0.064856, 1.0221) :  lincomb_cube\n",
      "(1, -2, 2, -1, 1, 0, -1, 0, 0, 1) :  lincomb_cube_shortest\n",
      "1060.2 :  exact.norm\n",
      "1060.2 :  LLL.norm\n",
      "1179.4 :  shortest_cube.norm\n",
      "(391, -263, -245, -254, 82, 121, 662, -326, 281, -364) :  sv_LLL\n",
      "(391, -263, -245, -254, 82, 121, 662, -326, 281, -364) :  sv_exact\n",
      "(-386, 418, -443, 149, -526, 505, 239, 90, 470, -176) :  sv_shortst_cube\n",
      "\n",
      "[-954  448  772 -788 -675  322  114 -539  925  457]\n",
      "[ 457 -361 -567   29  867 -193 -797    7 -514  381]\n",
      "[-385 -537  657  122 -789  957 -874  -86  515  963]\n",
      "[-797   85  428 -236 -691  628 -384  287 -358  303]\n",
      "[ -25  682  802  -55  -30 -167  302  410 -872  867]\n",
      "[ 496  834  667  982 -864  170  593  466  837 -974]\n",
      "[ 738  902  688  109  830  377 -760  738 -405 -666]\n",
      "[ 587  604  972 -724  298  -10  611  455  998  496]\n",
      "[ 119 -402 -317  549   43 -246  353 -217  879 -770]\n",
      "[-751 -928 -247  880  669 -266 -311  661 -300 -959] :  B\n",
      "[ 4255048 -2101617  2241695  1592295   361403   425031 -1456977  1801351  -460805 -2228137]\n",
      "[-2101617  2495053  -421664  -757223  -167024 -2476682   836868 -1069387  -548112   830046]\n",
      "[ 2241695  -421664  4385363  2078152   114079  -301674  -846432   173715  -819266  -912900]\n",
      "[ 1592295  -757223  2078152  2202977   926564  -255652  -132712  -352852 -1324277  -297102]\n",
      "[  361403  -167024   114079   926564  2912144  -169334   903434  1140195 -1938218 -1229028]\n",
      "[  425031 -2476682  -301674  -255652  -169334  5344231  1234147  1399647  1566373  -263704]\n",
      "[-1456977   836868  -846432  -132712   903434  1234147  4404327   948308  -761690   474050]\n",
      "[ 1801351 -1069387   173715  -352852  1140195  1399647   948308  4089615  -251011 -2340861]\n",
      "[ -460805  -548112  -819266 -1324277 -1938218  1566373  -761690  -251011  2177259  1160819]\n",
      "[-2228137   830046  -912900  -297102 -1229028  -263704   474050 -2340861  1160819  4322234] :  G\n",
      "(-1, 1, -1, 7, 4, -3, 2, 0, 12, -3) :  lincomb_exact\n",
      "(-1, 1, -1, 7, 4, -3, 2, 0, 12, -3) :  lincomb_LLL\n",
      "(-1.0000, 1.7474, -1.0738, 6.3574, 2.9720, -2.0173, 1.1306, 0.27133, 9.5228, -2.4535) :  lincomb_cube\n",
      "(-1, 1, -1, 6, 3, -2, 1, 0, 9, -2) :  lincomb_cube_shortest\n",
      "901.29 :  exact.norm\n",
      "901.29 :  LLL.norm\n",
      "1143.7 :  shortest_cube.norm\n",
      "(-214, 313, 520, 43, 135, 346, 353, -228, 179, -223) :  sv_LLL\n",
      "(-214, 313, 520, 43, 135, 346, 353, -228, 179, -223) :  sv_exact\n",
      "(-742, -244, -27, 440, -298, 150, 418, 115, -286, -350) :  sv_shortst_cube\n",
      "\n",
      "[-232  395  477  221  420  -88 -275 -980  932 -673]\n",
      "[ 485  461 -357   89  -19  427 -685 -818 -469 -197]\n",
      "[ 328   86 -450 -609   63  236 -749  107 -286 -870]\n",
      "[-539  712  373 -993   89 -636 -939   52 -534 -934]\n",
      "[-302 -549 -587  129 -380  534  559  923  350 -667]\n",
      "[  53  -24  555 -955   50  565  949 -783 -918  709]\n",
      "[ 443 -122 -294  349 -559 -706  622  407  477 -789]\n",
      "[ 969 -898 -844 -430 -178  655 -212 -507  717 -818]\n",
      "[ 578  401  199  169  938   70  202  729  845  758]\n",
      "[-138 -259  345  812  806 -797 -304 -347  636 -869] :  B\n",
      "[ 3027941   558887    34400   796263  -888047  -823184    18924   564382    51807  2283633]\n",
      "[  558887  2162925  1135813   607139 -1113961   253114  -823485   986911  -859066  -227864]\n",
      "[   34400  1135813  2159172  1851017   301663  -665209   -19583  1636777  -867212   -89909]\n",
      "[  796263   607139  1851017  4376997  -989429  -349036  -463281  -928073 -1391630   530403]\n",
