{
 "cells": [
  {
   "cell_type": "markdown",
   "id": "7ea6f785",
   "metadata": {
    "tags": []
   },
   "source": [
    "# This one fixes one component to the same as LLL\n",
    "## IF the LLL has a (... 1, ...) somewhere\n",
    "\n",
    "beru to tak, že mám >tries< matic, které mají někde v LLLku jedničku a na té jedničce to zkoušim"
   ]
  },
  {
   "cell_type": "code",
   "execution_count": 2,
   "id": "9ee6e4ee",
   "metadata": {},
   "outputs": [],
   "source": [
    "# from closest_vs_minimal import shortest_lc_in_cube\n",
    "# from copy import deepcopy\n",
    "%run closest_versus_minimal_tools.ipynb"
   ]
  },
  {
   "cell_type": "code",
   "execution_count": 3,
   "id": "9d981872",
   "metadata": {},
   "outputs": [],
   "source": [
    "# UNINTERESTING TOOLS\n",
    "from random import randint, seed\n",
    "\n",
    "def shortestVector(matrix): \n",
    "    \"\"\"\n",
    "    :returns: \n",
    "        - n - norm of the shortest vector\n",
    "        - v - the shortest vector (vector)\n",
    "        - i - index of the SV\n",
    "    \"\"\"\n",
    "    return sorted([(matrix[idx].norm().n(), matrix[idx], idx) for idx in range(matrix.nrows())])[0][1]\n",
    "\n",
    "def randomMatrix(dimension, per) -> matrix:\n",
    "    '''\n",
    "    Returns a random square matrix with full rank.\n",
    "    INPUT:\n",
    "    dimension: dimension of the random matrix\n",
    "    per: perimeter of the components\n",
    "    '''\n",
    "    list = [randint(-per, per) for _ in range(dimension**2)]\n",
    "    M = matrix(ZZ, dimension, dimension, list)\n",
    "    while M.rank() != dimension:\n",
    "        list = [randint(-per, per) for _ in range(dimension**2)]\n",
    "        M = matrix(ZZ, dimension, dimension, list)\n",
    "    return M\n",
    "\n",
    "def gram_matrix(matrix) -> matrix:\n",
    "    return matrix * matrix.transpose()\n",
    "\n",
    "def matrix_to_list(A) -> list:\n",
    "    return [[int(A.list()[row * A.ncols() + col]) for col in range(A.ncols())] for row in range(A.nrows())]\n",
    "\n",
    "def vector_to_list(vector) -> list:\n",
    "    return [float(num) for num in vector.list()]"
   ]
  },
  {
   "cell_type": "markdown",
   "id": "08a67a51",
   "metadata": {},
   "source": [
    "### Interesting math tools. \n",
    "\n",
    "Following functions actually have some thoughts behind them. \n",
    "\n",
    "\n",
    "`abnormality_data`\n",
    "Given a matrix $B$ and it's shortest vector given by the LLL algorithm, returns __a dictionary__ with data concerting the SV given by the cube algorithm, if it's far enough from the LLL solution. \n",
    "\n",
    "`find_real_minimum` Given a matrix $B$ and it's shortest vector given by the LLL algorithm, returns the __linear combination of the SV given by the cube algorithm__.\n",
    "\n",
    "\n"
   ]
  },
  {
   "cell_type": "markdown",
   "id": "037ba9c8",
   "metadata": {},
   "source": [
    "### Formatting tools\n",
    "\n",
    "These functions provide transfering the data to the output jsonfile as described above."
   ]
  },
  {
   "cell_type": "code",
   "execution_count": 4,
   "id": "7bdeacaf",
   "metadata": {},
   "outputs": [],
   "source": [
    "### output formatting\n",
    "import json\n",
    "import numpy as np\n",
    "\n",
    "def format_data(output_data):\n",
    "    for dic in output_data:\n",
    "        for key, value in dic.items():\n",
    "            if isinstance(value, sage.matrix.matrix_integer_dense.Matrix_integer_dense):\n",
    "                dic[key] = matrix_to_list(value)\n",
    "            elif isinstance(value, (int, float, sage.rings.real_mpfr.RealNumber)):\n",
    "                dic[key] = float(value) \n",
    "            else:\n",
    "                dic[key] = vector_to_list(value)\n",
    "    return output_data\n",
    "\n",
    "    \n",
    "def into_json(data, jsonfilename):\n",
    "    with open(jsonfilename, 'w') as f:\n",
    "        json.dump(data, f)\n",
    "\n",
    "def from_json(filename):\n",
    "    out_file = open(filename)\n",
    "    return json.load(out_file)\n",
    "\n",
    "def print_listdict(list) -> None:\n",
    "    \"\"\"\n",
    "    :param list: list of dictionaries\n",
    "    \"\"\"\n",
    "    for dictionary in list:\n",
    "        for pair in dictionary.items():\n",
    "            print(pair[1], \": \", pair[0])\n",
    "        print()\n",
    "\n",
    "def norm_G(lin_comb, Gram_matrix):\n",
    "    tmp = [sum(x * y for x, y in zip(lin_comb, col)) for col in zip(*Gram_matrix)]\n",
    "    return sum(x * y for x, y in zip(tmp, lin_comb))\n",
    "    \n",
    "def into_dict(B, lcLLL: vector, lcCube: int, lc_exact) -> dict:\n",
    "    result = {}\n",
    "    G = gram_matrix(B)\n",
    "    lc_shortest_in_cube=  vector(shortest_lc_in_cube(lcCube, B))\n",
    "    result[\"B\"] = B\n",
    "    result[\"G\"] = G\n",
    "    result[\"lincomb_exact\"] = lc_exact\n",
    "    result[\"lincomb_LLL\"] = lcLLL\n",
    "    result[\"lincomb_cube\"] = lcCube\n",
    "    result[\"lincomb_cube_shortest\"] = lc_shortest_in_cube\n",
    "    result[\"exact.norm\"] = vector(lc_exact*B).norm().n(digits=5)\n",
    "    result[\"LLL.norm\"] = vector(lcLLL*B).norm().n(digits=5)\n",
    "    result[\"shortest_cube.norm\"] = (vector(lc_shortest_in_cube)*B).norm().n(digits=5)\n",
    "    result[\"sv_LLL\"] = lcLLL * B\n",
    "    result[\"sv_exact\"] = lc_exact * B\n",
    "    result[\"sv_shortst_cube\"] = lc_shortest_in_cube* B\n",
    "    return result"
   ]
  },
  {
   "cell_type": "markdown",
   "id": "e6ece087",
   "metadata": {},
   "source": [
    "### Main function\n",
    "\n",
    "This cell actually generates the new examples and checks wheter a matrix is *dysfunctional*. \n",
    "\n",
    "`generate_new_examples`\n",
    "The main function. Based on input parameters above, generates *some* number of *dysfunctional* matrices, computes their invariants such as Gram matrix, LLL/cube linear combinations etc. and creates a json file with this information (specified above).\n",
    "\n",
    "`is_dysfunctional`\n",
    "Given a matrix $B$, checks whether its dysfunctional and if so, returns the data describing the case.\n"
   ]
  },
  {
   "cell_type": "code",
   "execution_count": 24,
   "id": "f0f4a678-9c58-4b25-a4e3-ac6037f1cc6a",
   "metadata": {},
   "outputs": [],
   "source": [
    "# MAIN \n",
    "from sage.modules.free_module_integer import IntegerLattice\n",
    "\n",
    "\n",
    "def generate_new_examples(iterations, dimension, perimeter, jsonfilename, printing = False, functioning = True) -> None:\n",
    "    '''\n",
    "    generates >iterations< of >dis/functioning< matrices and saves them in a json file.\n",
    "    returns number of suitable cases\n",
    "    '''\n",
    "    output_data = []\n",
    "    i = 0\n",
    "    # for i in range(iterations):\n",
    "    while i < iterations:\n",
    "        B = randomMatrix(dimension, perimeter)\n",
    "        G = gram_matrix(B)\n",
    "\n",
    "        L = IntegerLattice(B, lll_reduce=False)\n",
    "\n",
    "        sv_LLL = shortestVector(B.LLL())\n",
    "        lcLLL = B.solve_left(sv_LLL)\n",
    "\n",
    "        sv_exact = L.shortest_vector()\n",
    "        lc_exact = B.solve_left(sv_exact)\n",
    "        sv_exact_norm = sv_exact.norm().n()\n",
    "\n",
    "        if 1 not in lc_exact.list():\n",
    "            continue\n",
    "\n",
    "\n",
    "        # Compare the result with solution of the cube algorithm\n",
    "        this_case_works, lcCube = compare_with_cube(lc_exact, G)\n",
    "        if this_case_works != functioning:\n",
    "            case_info = into_dict(B, lcLLL, lcCube, lc_exact)\n",
    "            output_data.append(case_info)\n",
    "        i +=1\n",
    "    \n",
    "    # Format output data\n",
    "    if printing: print_listdict(output_data)\n",
    "    dict = format_data(output_data)\n",
    "    into_json(dict, jsonfilename)\n",
    "    return len(output_data)\n",
    "\n",
    "\n",
    "def find_indices(lst, targets):\n",
    "    return [i for i, x in enumerate(lst) if x in targets]\n",
    "\n",
    "\n",
    "def compare_with_cube(lc_exact, G) -> bool:\n",
    "    working_case = None\n",
    "    for current_row in find_indices(lc_exact, [1,-1]):\n",
    "        # for K in range(2, rng):\n",
    "        exact_component = lc_exact[current_row]\n",
    "        lcCube = find_real_minimum(G, current_row, exact_component)\n",
    "        working_case = lcCube                \n",
    "\n",
    "        # if norm_G(lcCube, G) > norm_G(lc_exact, G):\n",
    "        #     # print(\"cube bigger than LLL\")\n",
    "        # Check for invalid cases\n",
    "        if norm_G(lcCube, G) > norm_G(lc_exact, G) or lcCube == zero_vector(SR, dimension):\n",
    "            continue\n",
    "\n",
    "        # Check if the two results are the same\n",
    "        for i in range(dimension - 1):  \n",
    "            difference = abs(lc_exact[i]) - abs(lcCube[i])\n",
    "            if abs(difference) >= sensitivity:\n",
    "                return True, lcCube\n",
    "    return False, working_case\n",
    "        \n",
    "def find_real_minimum(G, current_row, unit_component) -> vector:\n",
    "    \"\"\"\n",
    "    returns linear combination of the minimum over real numbers\n",
    "    the >current_row< parameter is the coordinate of fixed col/row idk\n",
    "    the >K< parameter is the number inserted into this column\n",
    "    LLL component is +- 1\n",
    "    \"\"\"\n",
    "    matrixA = matrix(dimension - 1, dimension - 1, 0) # square matrix of size (dimension - 1) x (dimension - 1), filled with zeros.\n",
    "    matrixB = matrix(dimension - 1, 1, 0) # column matrix of size (dimension - 1) x 1, filled with zeros.\n",
    "    matrixA[0,0] = 1\n",
    "    a, b = 0, 0\n",
    "    for row in range(dimension):\n",
    "        if row != current_row:\n",
    "            matrixA[a] = [G[row, j] for j in range(len(G[row])) if j != current_row]\n",
    "            matrixB[b] = sum([unit_component * G[row,j] for j in range(len(G[row])) if j == current_row])\n",
    "            a += 1\n",
    "            b += 1\n",
    "    # insert indices\n",
    "    result = (matrixA.solve_right((-1)*unit_component * matrixB)).list()\n",
    "    result.insert(current_row, unit_component)\n",
    "    return vector(result).n(digits=5)"
   ]
  },
  {
   "cell_type": "code",
   "execution_count": 45,
   "id": "f21d29bd",
   "metadata": {},
   "outputs": [
    {
     "name": "stdout",
     "output_type": "stream",
     "text": [
      "[ 810 -314 -408  507  348  386  995 -944  718  866]\n",
      "[ 289  284  873  247 -307 -576 -929 -943 -532   38]\n",
      "[-911 -828  908 -840  724 -205 -586  872 -802  692]\n",
      "[  97 -144 -381  213 -289 -987  392 -277 -383  152]\n",
      "[ 949  178  129 -973 -433  696 -561  -11  -45 -418]\n",
      "[ 580 -300  129  765   90 -561  914 -275  324 -708]\n",
      "[ 946   62 -192 -990  864  -89 -926  545  671  437]\n",
      "[ 493  403 -174 -442 -743 -182  -71   75  282 -250]\n",
      "[ 997 -382 -602  322  738 -249 -154  836  599 -848]\n",
      "[-274  840  597   53 -240 -529 -699  603  275  904] :  B\n",
      "[ 4594950  -798444 -2484242   413837  -657282  1502531    13886  -364599   250398 -1274542]\n",
      "[ -798444  3450098   157643   470945   468732  -109555  -329175   164496 -1345683  1040824]\n",
      "[-2484242   157643  5837618  -559810  -467655 -2150471  1170041 -1362299 -1071688  1326783]\n",
      "[  413837   470945  -559810  1678551 -1014958   943708  -921263   161685  -168107  -181179]\n",
      "[ -657282   468732  -467655 -1014958  3059151  -888475  1711866  1273074   399042  -354067]\n",
      "[ 1502531  -109555 -2150471   943708  -888475  2868348 -1212580    22545  1491445 -1373836]\n",
      "[   13886  -329175  1170041  -921263  1711866 -1212580  4465852   523191  2005652  1020985]\n",
      "[ -364599   164496 -1362299   161685  1273074    22545   523191  1368961   251535   297136]\n",
      "[  250398 -1345683 -1071688  -168107   399042  1491445  2005652   251535  4013183  -971898]\n",
      "[-1274542  1040824  1326783  -181179  -354067 -1373836  1020985   297136  -971898  3222386] :  G\n",
      "(0, 0, 0, -1, -1, 0, 0, 1, 0, 0) :  lincomb_exact\n",
      "(0, 0, 0, -1, -1, 0, 0, 1, 0, 0) :  lincomb_LLL\n",
      "(0.25073, 0.28849, 0.28900, -0.41265, -0.54800, -0.29510, -0.18541, 1.0000, 0.26860, -0.27468) :  lincomb_cube\n",
      "(0, 0, 0, -1, -1, 0, 0, 1, 0, 0) :  lincomb_cube_shortest\n",
      "1098.7 :  exact.norm\n",
      "1098.7 :  LLL.norm\n",
      "1098.7 :  shortest_cube.norm\n",
      "(-553, 369, 78, 318, -21, 109, 98, 363, 710, 16) :  sv_LLL\n",
      "(-553, 369, 78, 318, -21, 109, 98, 363, 710, 16) :  sv_exact\n",
      "(-553, 369, 78, 318, -21, 109, 98, 363, 710, 16) :  sv_shortst_cube\n",
      "\n",
      "[-459 -388  635  488 -766 -209 -323 -175 -232 -718]\n",
      "[ 931  788 -940 -796   97 -404  273 -584  886  945]\n",
      "[ 942  104 -646  255  665  680   -2 -303  487  878]\n",
      "[ 783 -600 -829  880  643  898 -769 -527  364  200]\n",
      "[-700  278 -527  -62  103  347 -831  127  552 -578]\n",
      "[ 827 -113  779  590  -50  995 -132  -66 -734 -247]\n",
      "[ 457  354  308  953  497 -771 -674  662   98 -159]\n",
      "[-986 -554  696  835  996  725 -420  747 -765  480]\n",
      "[ -28 -592   69  350 -198  -96  997  131 -571  832]\n",
      "[ 660 -656  195 -712  117  533  587  302  575 -819] :  B\n",
      "[ 2337333 -2578328 -2099727  -791228   230242   679001   287244   440280  -180965  -260871]\n",
      "[-2578328  5271152  2590597   643867  -376270 -1809068  -618033 -3644804  -340435    -3621]\n",
      "[-2099727  2590597  3385012  2987442  -276880   503786    26468  -244395   170514   154474]\n",
      "[ -791228   643867  2987442  4696169   702696  1269824   529256   756507  -506621   110973]\n",
      "[  230242  -376270  -276880   702696  2325353  -878404   130930   215958 -1864703  -164648]\n",
      "[  679001 -1809068   503786  1269824  -878404  3265709   360761  1402677   291731   559085]\n",
      "[  287244  -618033    26468   529256   130930   360761  3106093   925746  -665454  -911017]\n",
      "[  440280 -3644804  -244395   756507   215958  1402677   925746  5528428   944334 -1097120]\n",
      "[ -180965  -340435   170514  -506621 -1864703   291731  -665454   944334  2556364  -325139]\n",
      "[ -260871    -3621   154474   110973  -164648   559085  -911017 -1097120  -325139  3145842] :  G\n",
      "(0, -1, 1, 0, -1, -1, 0, 0, -1, 0) :  lincomb_exact\n",
      "(0, -1, 1, 0, -1, -1, 0, 0, -1, 0) :  lincomb_LLL\n",
      "(0.14601, 1.6673, -1.6710, 0.47232, 0.97895, 0.80747, 0.27067, 0.56229, -1.0000, 0.36499) :  lincomb_cube\n",
      "(0, 1, -1, 0, 0, 0, 0, 1, -1, 0) :  lincomb_cube_shortest\n",
      "934.48 :  exact.norm\n",
      "934.48 :  LLL.norm\n",
      "1972.9 :  shortest_cube.norm\n",
      "(-88, -257, -27, 173, 713, -162, -309, 89, 354, -74) :  sv_LLL\n",
      "(-88, -257, -27, 173, 713, -162, -309, 89, 354, -74) :  sv_exact\n",
      "(-969, 722, 333, -566, 626, -263, -1142, 335, 205, -285) :  sv_shortst_cube\n",
      "\n",
      "[ 818 -361  256 -756 -132  -95  330 -960 -122 -600]\n",
      "[-686 -778 -537 -172  497 -203 -858 -641  946  916]\n",
      "[-630  630  228  472 -583 -876  936 -489 -909 -760]\n",
      "[-481  776 -403  217  353 -591  655 -181  988 -170]\n",
      "[-555  696  319 -981  886  409 -648 -284  497 -373]\n",
      "[-110 -747  610  888 -876  184  403  859  847  547]\n",
      "[-982  680 -143  -12 -395 -987  200 -481  557   46]\n",
      "[   9  -57 -627  109 -265 -712 -979 -525 -205  581]\n",
      "[ -10 -688 -641  442 -745 -664 -249 -568   59 -329]\n",
      "[-458  133 -477  957 -367 -435  593   78 -836  897] :  B\n",
      "[ 2868350  -666841   464160  -559891   184213 -1360513  -498181  -255017   556672 -1493890]\n",
      "[ -666841  4563068 -2419216   533698  1060508   109517   933292  1883727   907024  -319831]\n",
      "[  464160 -2419216  4694931  1047064 -1112937  -722056  1984825  -269715   892432  1905409]\n",
      "[ -559891   533698  1047064  2983755   718066  -145536  2259486  -292510     8533   246779]\n",
      "[  184213  1060508 -1112937   718066  3695538 -2124452   497467  -412713 -1568321 -2403788]\n",
      "[-1360513   109517  -722056  -145536 -2124452  4448893  -169052  -844297   328717   839875]\n",
      "[ -498181   933292  1984825  2259486   497467  -169052  3161237   817440   819119   827925]\n",
      "[ -255017  1883727  -269715  -292510  -412713  -844297   817440  2599161  1498131   869704]\n",
      "[  556672   907024   892432     8533 -1568321   328717   819119  1498131  2571957   667684]\n",
      "[-1493890  -319831  1905409   246779 -2403788   839875   827925   869704   667684  3555983] :  G\n",
      "(0, -1, -1, 0, 1, 0, 0, 0, 1, 1) :  lincomb_exact\n",
      "(0, -1, -1, 0, 1, 0, 0, 0, 1, 1) :  lincomb_LLL\n",
      "(0.46402, -0.48741, -0.40413, 0.18525, 1.1791, 0.42312, -0.27692, 0.073371, 0.66182, 1.0000) :  lincomb_cube\n",
      "(0, -1, -1, 0, 1, 0, 0, 0, 1, 1) :  lincomb_cube_shortest\n",
      "984.37 :  exact.norm\n",
      "984.37 :  LLL.norm\n",
      "984.37 :  shortest_cube.norm\n",
      "(293, 289, -490, 118, -140, 389, -382, 356, -317, 39) :  sv_LLL\n",
      "(293, 289, -490, 118, -140, 389, -382, 356, -317, 39) :  sv_exact\n",
      "(293, 289, -490, 118, -140, 389, -382, 356, -317, 39) :  sv_shortst_cube\n",
      "\n",
      "[-256 -309 -654 -449  152  330  288 -505  618  -34]\n",
      "[-182  863 -986  207  615 -798  712 -126  658  238]\n",
      "[ -90 -917  601 -879 -130  982 -945 -776 -235 -262]\n",
      "[ 882  727  -88 -869  791 -582 -114 -420 -639  272]\n",
      "[-133 -905  576 -877 -888  504  658 -269  224  115]\n",
      "[-605  490 -785  842 -195  106  498 -110  745  787]\n",
      "[ 784   72 -140  861 -530 -375   60  620  222  780]\n",
      "[ 288   49 -196  -97  154 -294  492 -169  724  368]\n",
      "[-950 -987  285  389 -781 -788  618 -239  238  168]\n",
      "[ 838 -124  320 -629  -52 -269  -78 -864  -37  819] :  B\n",
      "[ 1643387   829204   595708  -299412   821977   776768  -907435   671217   248431   163399]\n",
      "[  829204  3820395 -3205166   940689 -1777444  2322723   505331  1427944   -64141  -298665]\n",
      "[  595708 -3205166  4583125  -196879  2073446 -2243860 -2071243 -1012466  -350845  1064392]\n",
      "[ -299412   940689  -196879  3705464 -1133440 -1328498  -389975   336454 -2154183  1901018]\n",
      "[  821977 -1777444  2073446 -1133440  3548905  -712336  -711401   178289  1682535   914308]\n",
      "[  776768  2322723 -2243860 -1328498  -712336  3415073  1200352   953364   907280  -693758]\n",
      "[ -907435   505331 -2071243  -389975  -711401  1200352  2847970   574381   261371   280376]\n",
      "[  671217  1427944 -1012466   336454   178289   953364   574381  1173547   274425   686883]\n",
      "[  248431   -64141  -350845 -2154183  1682535   907280   261371   274425  3864033  -287531]\n",
      "[  163399  -298665  1064392  1901018   914308  -693758   280376   686883  -287531  2715436] :  G\n",
      "(-1, 1, 1, 0, 0, 0, 0, 0, 0, 0) :  lincomb_exact\n",
      "(-1, 1, 1, 0, 0, 0, 0, 0, 0, 0) :  lincomb_LLL\n",
      "(-0.60247, 0.79424, 1.0000, 0.42533, 0.34631, 0.082187, 0.53835, 0.14566, 0.10771, -0.74277) :  lincomb_cube\n",
      "(-1, 1, 1, 0, 0, 0, 0, 0, 0, 0) :  lincomb_cube_shortest\n",
      "886.99 :  exact.norm\n",
      "886.99 :  LLL.norm\n",
      "886.99 :  shortest_cube.norm\n",
      "(-16, 255, 269, -223, 333, -146, -521, -397, -195, 10) :  sv_LLL\n",
      "(-16, 255, 269, -223, 333, -146, -521, -397, -195, 10) :  sv_exact\n",
      "(-16, 255, 269, -223, 333, -146, -521, -397, -195, 10) :  sv_shortst_cube\n",
      "\n",
      "[ 185 -292   54  229  937  282   44   96   28  837]\n",
      "[ 489 -160 -334 -565 -754 -207 -721 -919 -479  155]\n",
      "[-697  760 -697   84  622 -899  564  305  320  807]\n",
      "[-525 -961  -74  263 -363  463 -565 -716  310 -312]\n",
      "[-891   52 -889 -959  859  436 -527  508  398   24]\n",
      "[ 869 -578 -472 -671 -949  884  747  790  780 -209]\n",
      "[  54 -855 -619  804 -325  329  443 -237 -542 -992]\n",
      "[ 295  132 -551 -407  395  372 -457 -531  672   -5]\n",
      "[ 702   28 -400  188 -472 -766  808  -99 -419 -229]\n",
      "[-408  677  994 -255  617  972  152 -348 -577 -869] :  B\n",
      "[ 1844844  -778733   698544  -315907   537011  -533916  -650147   311640  -692487  -195879]\n",
      "[ -778733  2924735 -1275124   819536  -617003   -83870    96897   657113   554247  -810267]\n",
      "[  698544 -1275124  3916129 -1622412  1346398 -1414152 -1482797   -52872   328262 -1311731]\n",
      "[ -315907   819536 -1622412  2645254   171342    30780  1381746   529138  -943814   -95407]\n",
      "[  537011  -617003  1346398   171342  4129337   142070 -1042431  1364095 -1836508   206016]\n",
      "[ -533916   -83870 -1414152    30780   142070  5278517   821320   431557   673697 -1200021]\n",
      "[ -650147    96897 -1482797  1381746 -1042431   821320  3507630  -524944  1149779    22684]\n",
      "[  311640   657113   -52872   529138  1364095   431557  -524944  1810527  -713832  -137681]\n",
      "[ -692487   554247   328262  -943814 -1836508   673697  1149779  -713832  2389139 -1150744]\n",
      "[ -195879  -810267 -1311731   -95407   206016 -1200021    22684  -137681 -1150744  4235625] :  G\n",
      "(0, 0, 0, 1, 0, 0, -1, 0, 1, 0) :  lincomb_exact\n",
      "(0, 0, 0, 1, 0, 0, -1, 0, 1, 0) :  lincomb_LLL\n",
      "(0.16696, -0.30261, -0.30664, 0.55137, 0.34756, -0.10186, -0.52015, -0.076021, 1.0000, 0.093522) :  lincomb_cube\n",
      "(0, 0, 0, 1, 0, 0, -1, 0, 1, 0) :  lincomb_cube_shortest\n",
      "1261.5 :  exact.norm\n",
      "1261.5 :  LLL.norm\n",
      "1261.5 :  shortest_cube.norm\n",
      "(123, -78, 145, -353, -510, -632, -200, -578, 433, 451) :  sv_LLL\n",
      "(123, -78, 145, -353, -510, -632, -200, -578, 433, 451) :  sv_exact\n",
      "(123, -78, 145, -353, -510, -632, -200, -578, 433, 451) :  sv_shortst_cube\n",
      "\n",
      "[ 672  168  -70 -697 -243  144 -768  622  -50 -471]\n",
      "[  50 -923 -442 -303  584  563 -139 -763  850 -954]\n",
      "[ 455 -350 -211  252  733  466  249  370 -136  679]\n",
      "[ 814  232 -471  136 -276 -737  -21 -299   28 -917]\n",
      "[-497  473  182 -708  236 -964  950 -430  281  275]\n",
      "[-253  103  128 -122 -425 -851 -739 -656 -545 -682]\n",
      "[ 638  514 -691  -87 -367  243  317  879 -590 -470]\n",
      "[ 925  730 -769 -806 -707  905 -466  -52  -48  892]\n",
      "[ 404  749  930  638 -387 -148  939 -745 -945  752]\n",
      "[-227 -701  855 -884  247    3  485  692 -586  329] :  B\n",
      "[ 2251351    98827  -299030   745759 -1110583   412085  1302422  1569785 -1531221   158682]\n",
      "[   98827  4033733   -27151   547097  -559717   -64015  -956118  -734115 -2667577  -735825]\n",
      "[ -299030   -27151  1870433  -865237  -658780 -1732697   243767   504943   130866   601233]\n",
      "[  745759   547097  -865237  2507617    32813  1307358  1019402   -90934  -145758 -1475916]\n",
      "[-1110583  -559717  -658780    32813  3232104   243531  -830854  -911545  1076040   707127]\n",
      "[  412085   -64015 -1732697  1307358   243531  2749318  -405921  -832313   103522  -622387]\n",
      "[ 1302422  -956118   243767  1019402  -830854  -405921  2792158  1461905  -102415  -155834]\n",
      "[ 1569785  -734115   504943   -90934  -911545  -832313  1461905  4966224   148051  -779008]\n",
      "[-1531221 -2667577   130866  -145758  1076040   103522  -102415   148051  5063109   259421]\n",
      "[  158682  -735825   601233 -1475916   707127  -622387  -155834  -779008   259421  3282155] :  G\n",
      "(0, 0, 1, 0, 0, 1, 0, 0, 0, 0) :  lincomb_exact\n",
      "(0, 0, 1, 0, 0, 1, 0, 0, 0, 0) :  lincomb_LLL\n",
      "(0.18347, 0.26799, 0.78820, -0.74672, 0.34451, 1.0000, 0.48323, -0.075788, 0.089314, -0.31566) :  lincomb_cube\n",
      "(0, 0, 1, 0, 0, 1, 0, 0, 0, 0) :  lincomb_cube_shortest\n",
      "1074.4 :  exact.norm\n",
      "1074.4 :  LLL.norm\n",
      "1074.4 :  shortest_cube.norm\n",
      "(202, -247, -83, 130, 308, -385, -490, -286, -681, -3) :  sv_LLL\n",
      "(202, -247, -83, 130, 308, -385, -490, -286, -681, -3) :  sv_exact\n",
      "(202, -247, -83, 130, 308, -385, -490, -286, -681, -3) :  sv_shortst_cube\n",
      "\n",
      "[-691  222  921 -114 -419  186  150  241 -643  930]\n",
      "[-564  310 -514  635 -572 -718 -744  208  942 -392]\n",
      "[-752  241  807 -939 -190 -207  481   90  982  634]\n",
      "[-989  469 -494 -893  909 -306  266  104  124  336]\n",
      "[ 489  296  711  -91 -115   72   94 -509 -887  -98]\n",
      "[ 776 -531 -753  -34 -822 -938 -632  896   15  853]\n",
      "[-664 -991  741 -880 -671 -686 -604  541  902 -389]\n",
      "[-654 -107  373  837  831 -661  341  825 -859 -950]\n",
      "[ 811  888   33 -198 -906  790  890 -175 -833 -705]\n",
      "[ 497 -271  739  694  884 -111    0  187 -150  293] :  B\n",
      "[ 2957089 -1012858  1516569   294270   825227  -269004   273181   123952   187548   220879]\n",
      "[-1012858  3562153    82453  -101369 -1566137  1243176  1568048   155843 -1580690  -946684]\n",
      "[ 1516569    82453  3841245  1659356  -563982  -604742  2351600 -1247541 -1027337  -584039]\n",
      "[  294270  -101369  1659356  3369328  -912183  -860789    88424   373355 -1412021  -666622]\n",
      "[  825227 -1566137  -563982  -912183  1923238  -895378 -1077425   161563  1842674   524593]\n",
      "[ -269004  1243176  -604742  -860789  -895378  4937904  1226111 -1122625 -1189737  -257789]\n",
      "[  273181  1568048  2351600    88424 -1077425  1226111  5289717  -188936 -2263189  -789696]\n",
      "[  123952   155843 -1247541   373355   161563 -1122625  -188936  4843632  -509491  1373234]\n",
      "[  187548 -1580690 -1027337 -1412021  1842674 -1189737 -2263189  -509491  4945133  -953540]\n",
      "[  220879  -946684  -584039  -666622   524593  -257789  -789696  1373234  -953540  2285302] :  G\n",
      "(0, 0, 0, 0, 1, 0, 0, 0, 0, 0) :  lincomb_exact\n",
      "(0, 0, 0, 0, 1, 0, 0, 0, 0, 0) :  lincomb_LLL\n",
      "(-0.46304, -0.13256, 0.66009, -0.46620, 1.0000, 0.18172, -0.47511, 0.38672, -0.69569, -0.87334) :  lincomb_cube\n",
      "(0, 0, 0, 0, 1, 0, 0, 0, 0, 0) :  lincomb_cube_shortest\n",
      "1386.8 :  exact.norm\n",
      "1386.8 :  LLL.norm\n",
      "1386.8 :  shortest_cube.norm\n",
      "(489, 296, 711, -91, -115, 72, 94, -509, -887, -98) :  sv_LLL\n",
      "(489, 296, 711, -91, -115, 72, 94, -509, -887, -98) :  sv_exact\n",
      "(489, 296, 711, -91, -115, 72, 94, -509, -887, -98) :  sv_shortst_cube\n",
      "\n",
      "[ 697  789  337 -469  650  920 -846  649  866 -953]\n",
      "[ 452 -354  569 -921  979  353  859  -13 -963  715]\n",
      "[  69  443  833 -767  941 -396  -36 -226  411 -607]\n",
      "[ -67  -71  807 -643 -843  423  874  441   65 -801]\n",
      "[-327 -275 -380   80 -147  877  600 -129 -347 -227]\n",
      "[ 449   92 -806  945   51  725 -449 -556 -336 -984]\n",
      "[ 876  960 -796  -35  804 -442 -570 -641  536 -860]\n",
      "[-979  347  394  327 -234  831  460 -362 -209  426]\n",
      "[ 679  970  -84 -386 -725  423  247 -636  320  380]\n",
      "[ 529  937 -613 -204 -707 -121 -521 -851 -620 -280] :  B\n",
      "[ 5505842  -629954  2103573   678466  -574676  1036650  2582102 -1027815   602483    44618]\n",
      "[ -629954  4761316   978417   479981   514247 -1611180 -1345852   327633  -105237 -1027985]\n",
      "[ 2103573   978417  3115227   550357 -1005181  -962573  1688799  -664936  -111378  -393718]\n",
      "[  678466   479981   550357  3567989   805009  -902288 -1668618   585015   507973  -567336]\n",
      "[ -574676   514247 -1005181   805009  1672671   980369 -1006677  1162852    22747  -140347]\n",
      "[ 1036650 -1611180  -962573  -902288   980369  3872841  2089169  -179883   128018  1692166]\n",
      "[ 2582102 -1345852  1688799 -1668618 -1006677  2089169  4928274 -1913533   948118  2094007]\n",
      "[-1027815   327633  -664936   585015  1162852  -179883 -1913533  2654133   472546  -357393]\n",
      "[  602483  -105237  -111378   507973    22747   128018   948118   472546  2974852  1967458]\n",
      "[   44618 -1027985  -393718  -567336  -140347  1692166  2094007  -357393  1967458  3548127] :  G\n",
      "(0, 0, 0, 0, 1, 0, 0, 0, 0, 0) :  lincomb_exact\n",
      "(0, 0, 0, 0, 1, 0, 0, 0, 0, 0) :  lincomb_LLL\n",
      "(0.029882, -0.33360, 0.71131, -0.54305, 1.0000, -0.10398, -0.62365, -0.58263, 0.30868, 0.12243) :  lincomb_cube\n",
      "(0, 0, 0, 0, 1, 0, 0, 0, 0, 0) :  lincomb_cube_shortest\n",
      "1293.3 :  exact.norm\n",
      "1293.3 :  LLL.norm\n",
      "1293.3 :  shortest_cube.norm\n",
      "(-327, -275, -380, 80, -147, 877, 600, -129, -347, -227) :  sv_LLL\n",
      "(-327, -275, -380, 80, -147, 877, 600, -129, -347, -227) :  sv_exact\n",
      "(-327, -275, -380, 80, -147, 877, 600, -129, -347, -227) :  sv_shortst_cube\n",
      "\n",
      "[-973 -988 -878 -561  896 -471  609 -807 -981  264]\n",
      "[-133  649 -578  133  195 -138  209  -41  764  108]\n",
      "[ 814 -879 -662  275  380 -579 -101  300  451 -425]\n",
      "[-283  227  227 -638   33 -207 -937  249  -92 -988]\n",
      "[-742  595 -667  942 -512 -646  -44 -282  673  745]\n",
      "[ 494 -430 -317  595 -353 -609  818 -837  776  305]\n",
      "[ 512  807  975 -736   -5 -125 -393  613 -476  537]\n",
      "[-733 -258 -500  896  309   17  264  187 -875 -822]\n",
      "[ 328   71   53  573  226  938  240 -875  359 -382]\n",
      "[-377  -50  304 -699  360 -352 -374 -409  506  -68] :  B\n",
      "[ 6087322  -399818   258340  -605396  -225971   352145 -1809555  1824548  -597323   617759]\n",
      "[ -399818  1488454   159735  -379131  1581959   763879  -602454  -313643   281711   185631]\n",
      "[  258340   159735  2912974   -75481  -340173  1258669 -1289268   299258   -92631  -143613]\n",
      "[ -605396  -379131   -75481  2558707 -1117494 -1922178   789010   162234  -715325   964284]\n",
      "[ -225971  1581959  -340173 -1117494  4005716  1673196 -1235923   133103  -225169  -146498]\n",
      "[  352145   763879  1258669 -1922178  1673196  3443834 -1803333  -549249   895385  -181406]\n",
      "[-1809555  -602454 -1289268   789010 -1235923 -1803333  3466527 -1748163 -1269913   238583]\n",
      "[ 1824548  -313643   299258   162234   133103  -549249 -1748163  3298413   213560  -945880]\n",
      "[ -597323   281711   -92631  -715325  -225169   895385 -1269913   213560  2472713  -284692]\n",
      "[  617759   185631  -143613   964284  -146498  -181406   238583  -945880  -284692  1546967] :  G\n",
      "(0, 1, 0, 0, 0, 0, 0, 0, 0, 0) :  lincomb_exact\n",
      "(0, 1, 0, 0, 0, 0, 0, 0, 0, 0) :  lincomb_LLL\n",
      "(-0.022295, 1.0000, -0.28663, 0.072643, -0.55537, 0.25807, -0.060983, 0.13402, -0.31576, -0.17208) :  lincomb_cube\n",
      "(0, 1, 0, 0, 0, 0, 0, 0, 0, 0) :  lincomb_cube_shortest\n",
      "1220.0 :  exact.norm\n",
      "1220.0 :  LLL.norm\n",
      "1220.0 :  shortest_cube.norm\n",
      "(-133, 649, -578, 133, 195, -138, 209, -41, 764, 108) :  sv_LLL\n",
      "(-133, 649, -578, 133, 195, -138, 209, -41, 764, 108) :  sv_exact\n",
      "(-133, 649, -578, 133, 195, -138, 209, -41, 764, 108) :  sv_shortst_cube\n",
      "\n",
      "[  416   107   757  -300  -179   287  -863   461  -278   346]\n",
      "[  529    89   778  -732    86  -999  -173  -744   808  -163]\n",
      "[  260  -929  -520   349   436   424  -591   612   940  -997]\n",
      "[ -227   284  -310  -845  -370    80   605  -375  -719  -213]\n",
      "[ -953   799  -971   -54    -8   887   228   315   783   516]\n",
      "[  736  -649  -985  -568  -261  -449   844   255  -668  -865]\n",
      "[  -44   840  -979    -4   455   -41   483  -167  -217   868]\n",
      "[-1000   454  -178  -493  -991  -219   373  -986  -463  -164]\n",
      "[  547  -721  -704  -340  -420   431  -397    62    32   556]\n",
      "[  -29   -34   627   -96   956  -796   884   560   120  -935] :  B\n",
      "[ 2116254   261319  -260056  -524830  -864488 -1145059  -894701  -944207   473027  -773441]\n",
      "[  261319  3697165  -422303  -201085 -1760985  -327347  -903292   189036  -582546  1096924]\n",
      "[ -260056  -422303  4294148 -1634515   148223   695818 -1560153 -2381782   807392   609085]\n",
      "[ -524830  -201085 -1634515  2154590   210737  1574104   709767  2140095   -38384   -96028]\n",
      "[ -864488 -1760985   148223   210737  4309754 -1325654  1959406   656182   231197 -1327410]\n",
      "[-1145059  -327347   695818  1574104 -1325654  4497278    47900   296216   851608  1163054]\n",
      "[ -894701  -903292 -1560153   709767  1959406    47900  2936390   462608   125656  -677285]\n",
      "[ -944207   189036 -2381782  2140095   656182   296216   462608  3863481  -574784  -948434]\n",
      "[  473027  -582546   807392   -38384   231197   851608   125656  -574784  2264040 -1976961]\n",
      "[ -773441  1096924   609085   -96028 -1327410  1163054  -677285  -948434 -1976961  3935575] :  G\n",
      "(0, 0, 0, 1, 0, 0, 0, -1, -1, -1) :  lincomb_exact\n",
      "(0, 0, 0, 1, 0, 0, 0, -1, -1, -1) :  lincomb_LLL\n",
      "(0.44896, -0.22996, 0.31282, -0.42919, -0.25256, -0.38845, 0.54969, 0.95031, 0.98405, -1.0000) :  lincomb_cube\n",
      "(0, 0, 0, 0, 0, 0, 0, 0, 0, -1) :  lincomb_cube_shortest\n",
      "1098.2 :  exact.norm\n",
      "1098.2 :  LLL.norm\n",
      "1983.8 :  shortest_cube.norm\n",
      "(255, 585, -55, 84, 85, 664, -255, -11, -408, 330) :  sv_LLL\n",
      "(255, 585, -55, 84, 85, 664, -255, -11, -408, 330) :  sv_exact\n",
      "(29, 34, -627, 96, -956, 796, -884, -560, -120, 935) :  sv_shortst_cube\n",
      "\n",
      "[-478  172 -816 -294 -714  803   37  -13 -629 -611]\n",
      "[ 463  147 -129  565 -184  695 -125 -882 -122  312]\n",
      "[ 814  700 -628  906 -587  611 -168 -824   86  494]\n",
      "[ 876  779 -946  112  509  445  653  590 -497 -960]\n",
      "[ 556  967  469 -284 -318  292  429  525 -552 -168]\n",
      "[ 925  148  251  229  326  628   33  738   -1 -193]\n",
      "[ 721  469  -57 -579 -373 -168  487  905 -534  845]\n",
      "[-164  721 -784  865 -749 -762 -289 -856 -711  101]\n",
      "[ -70 -522 -657 -991   69 -903 -375  569   99 -428]\n",
      "[-995  398  681   69  954  634 -188 -820  -32 -872] :  B\n",
      "[ 2935465   325532   535711  1363841   521780  -307137   -89969   896681   174732   352654]\n",
      "[  325532  1994502  2496741    80143   -61679   208378  -495441  1137513 -1825184   292631]\n",
      "[  535711  2496741  4044338   814190   307590   389658    86689  2363971 -2108640  -795364]\n",
      "[ 1363841    80143   814190  4681901  1758456  1801934  1027563    98858   128370  -183900]\n",
      "[  521780   -61679   307590  1758456  2523824  1224390  1898516  -189532  -700895  -333797]\n",
      "[ -307137   208378   389658  1801934  1224390  2076614   883747 -1426448  -588390  -408619]\n",
      "[  -89969  -495441    86689  1027563  1898516   883747  3301020  -279253   359711 -2625263]\n",
      "[  896681  1137513  2363971    98858  -189532 -1426448  -279253  4383242  -562910  -530803]\n",
      "[  174732 -1825184 -2108640   128370  -700895  -588390   359711  -562910  3168655 -1186610]\n",
      "[  352654   292631  -795364  -183900  -333797  -408619 -2625263  -530803 -1186610  4398175] :  G\n",
      "(0, -1, 1, 0, 0, 0, 0, 0, 0, 0) :  lincomb_exact\n",
      "(0, -1, 1, 0, 0, 0, 0, 0, 0, 0) :  lincomb_LLL\n",
      "(0.050955, -1.0439, 1.0000, -0.14961, -0.14607, 0.015671, 0.19458, -0.20754, 0.11061, 0.35126) :  lincomb_cube\n",
      "(0, -1, 1, 0, 0, 0, 0, 0, 0, 0) :  lincomb_cube_shortest\n",
      "1022.4 :  exact.norm\n",
      "1022.4 :  LLL.norm\n",
      "1022.4 :  shortest_cube.norm\n",
      "(351, 553, -499, 341, -403, -84, -43, 58, 208, 182) :  sv_LLL\n",
      "(351, 553, -499, 341, -403, -84, -43, 58, 208, 182) :  sv_exact\n",
      "(351, 553, -499, 341, -403, -84, -43, 58, 208, 182) :  sv_shortst_cube\n",
      "\n",
      "[-417  291  430  924 -252  180  468 -823 -326  155]\n",
      "[ -72  141  372 -304  380 -103 -959 -732  -90  362]\n",
      "[-919  583  -76  374  754  237  471  938  373   -4]\n",
      "[ 756 -116 -103  236 -712 -924  599 -971  533  108]\n",
      "[ 678 -886 -617 -816   39 -733  327 -138 -788  913]\n",
      "[ 628  742  469 -269  508 -652  114 -401  578  651]\n",
      "[-713   63 -613  946   -6  389  419 -602 -483 -950]\n",
      "[ 653  573 -524 -562 -277 -923 -717  855 -439 -811]\n",
      "[ 184  229 -564  740  402 -624 -290 -402  629  504]\n",
      "[-529 -632 -841  872  503 -965 -524 -867  282  705] :  B\n",
      "[ 2419804    74893    44660   760317 -1036601   -42364  1699446 -1968314   285719   665975]\n",
      "[   74893  2005523  -904811  -228779   123966   943694  -759335  -192823   499517  1028561]\n",
      "[   44660  -904811  3195617 -1852428 -1815230  -161742   636351  -560241   158190  -299388]\n",
      "[  760317  -228779 -1852428  3609412  1144314  1353696  -139621  -182647  1241945  1253754]\n",
      "[-1036601   123966 -1815230  1144314  4410521   427746 -1484975   635752    64222  1105344]\n",
      "[  -42364   943694  -161742  1353696   427746  2852120 -1808121    -4544  1252766   364433]\n",
      "[ 1699446  -759335   636351  -139621 -1484975 -1808121  3608134  -829961    21746   795825]\n",
      "[-1968314  -192823  -560241  -182647   635752    -4544  -829961  4369372  -225032 -1066719]\n",
      "[  285719   499517   158190  1241945    64222  1252766    21746  -225032  2398334  2715098]\n",
      "[  665975  1028561  -299388  1253754  1105344   364433   795825 -1066719  2715098  4933978] :  G\n",
      "(0, 3, 2, 2, 1, -3, 0, 0, 2, -2) :  lincomb_exact\n",
      "(0, 3, 2, 2, 1, -3, 0, 0, 2, -2) :  lincomb_LLL\n",
      "(0.062015, 2.5843, 1.9606, 1.7629, 1.0000, -2.3150, -0.12984, -0.070384, 1.6831, -1.8496) :  lincomb_cube\n",
      "(0, 3, 2, 2, 1, -3, 0, 0, 2, -2) :  lincomb_cube_shortest\n",
      "1064.1 :  exact.norm\n",
      "1064.1 :  LLL.norm\n",
      "1064.1 :  shortest_cube.norm\n",
      "(-322, -33, -712, 35, -463, 222, -284, -267, -286, -148) :  sv_LLL\n",
      "(-322, -33, -712, 35, -463, 222, -284, -267, -286, -148) :  sv_exact\n",
      "(-322, -33, -712, 35, -463, 222, -284, -267, -286, -148) :  sv_shortst_cube\n",
      "\n",
      "[ 903  474 -287 -818  315 -350 -478 -796  726 -507]\n",
      "[ 316 -613 -789 -371  922 -236 -152  307   -5  335]\n",
      "[-812  354  219 -252 -661  855    6 -354  -15 -229]\n",
      "[-314 -648  257  312  742  209  451   63 -295  815]\n",
      "[ 545 -765  487 -434  501  381 -905  349  529  629]\n",
      "[-518 -105 -804 -178  766  699  291  278  357 -624]\n",
      "[ 445  212 -401 -414  625 -991 -448 -886 -344 -783]\n",
      "[-390 -920  133  667 -253 -792  440  810  475  325]\n",
      "[ 306  947  869 -739 -983  366  530 -277  109  702]\n",
      "[-626   -7 -515 -117 -868 -436 -970 -559   87  -94] :  B\n",
      "[ 3659528   552546  -545493 -1652190   589170    70632  2566424 -1849527   332922   573539]\n",
      "[  552546  2371170 -1550345   839564  1242715   972648   826282   330262 -1818963  -497281]\n",
      "[ -545493 -1550345  2242089  -510338  -783687   384420 -1034790 -1023534  1364843   835788]\n",
      "[-1652190   839564  -510338  2234758   736124   217871 -1047231   981871  -608313 -1277901]\n",
      "[  589170  1242715  -783687   736124  3320245  -236172  -577969   178228  -243897  -467170]\n",
      "[   70632   972648   384420   217871  -236172  2711596   -81525  -354449 -1644132  -557720]\n",
