[{"B": [[-84, -96, 18, -13, 33, 44], [-15, 0, 1, -54, -23, -9], [61, -45, -7, -87, -61, -97], [15, -60, 58, 51, 95, 6], [81, -38, 66, 23, -7, -93], [35, 69, -55, 54, 33, 44]], "G": [[19790, 825, -6080, 8280, -6590, -8231], [825, 3752, 6052, -5160, -1393, -4651], [-6080, 6052, 26494, -7605, 13636, -11564], [8280, -5160, -7605, 18851, 7273, -652], [-6590, -1393, 13636, 7273, 21588, -6498], [-8231, -4651, -11564, -652, -6498, 14952]], "The linear combination given by LLL": [-2.0, -5.0, 1.0, 1.0, -3.0, -3.0], "The linear combination suggested by cube": [-1.6812858581542969, -2.8607139587402344, 0.7162313461303711, 1.0, -2.1326866149902344, -2.1446990966796875], "Shortest vector given by LLL": [-29.0, -6.0, -23.0, 29.0, 5.0, 13.0], "Shortest vector given by cube": [-4.983154296875, 2.230712890625, -2.936279296875, 0.157470703125, 5.777587890625, -7.7314453125], "The difference of lincombs": [-0.3187141418457031, -2.1392860412597656, 0.2837686538696289, 0.0, -0.8673133850097656, -0.8553009033203125], "Diff impact analysis": [-8.53, -65.45, -1.63, 0.0, 9.12, 11.99, -10.23, 0.0, -0.61, 0.0, -42.67, -16.47, -5.52, 27.32, -0.56, -0.0, 15.01, 23.54, -0.0, 0.0, 0.0, 0.0, -0.0, -0.0, 22.39, -70.51, -16.24, -0.0, -5.27, -68.99, 9.54, 126.25, 13.35, -0.0, 24.48, 32.19]}, {"B": [[-59, 31, 26, 12, 95, -100], [30, -22, 67, 63, -39, 19], [-51, -24, 25, 26, -53, -66], [-4, 37, 64, 48, 67, 64], [-90, 83, 94, 88, -60, -76], [-75, -81, -91, -22, 92, 97]], "G": [[24287, -5559, 4792, 3588, 13283, -1676], [-5559, 11724, 3124, 4981, 8212, -9696], [4792, 3124, 11643, -5611, 15432, -8356], [3588, 4981, -5611, 16370, 4787, 2795], [13283, 8212, 15432, 4787, 40945, -23355], [-1676, -9696, -8356, 2795, -23355, 38824]], "The linear combination given by LLL": [-1.0, -1.0, 1.0, 1.0, 0.0, 0.0], "The linear combination suggested by cube": [-1.0, -2.1425704956054688, 3.0376358032226562, 2.3620376586914062, -1.0973453521728516, -0.7546424865722656], "Shortest vector given by LLL": [-26.0, 4.0, -4.0, -1.0, -42.0, 79.0], "Shortest vector given by cube": [-14.28546142578125, 0.6749267578125, 23.0810546875, -34.58984375, -17.76416015625, 20.1754150390625], "The difference of lincombs": [0.0, 1.1425704956054688, -2.0376358032226562, -1.3620376586914062, 1.0973453521728516, 0.7546424865722656], "Diff impact analysis": [-0.0, 0.0, -0.0, -0.0, 0.0, -0.0, 0.0, -28.72, -155.99, -98.04, -48.9, 16.38, 0.0, 55.88, 103.8, 72.16, 118.51, 101.49, 0.0, -57.58, 177.62, 89.05, -100.14, -65.78, -0.0, 104.06, -210.18, -131.53, -72.25, -62.94, -0.0, -69.84, 139.93, 22.61, 76.19, 55.24]}, {"B": [[94, 35, -13, 8, -34, 95], [96, 24, 44, 39, 29, -83], [-22, 44, -12, -21, -53, 53], [-37, -89, -76, -20, 72, 46], [-1, 26, 30, -31, -85, 48], [-8, 35, -56, 46, -59, 78]], "G": [[20475, 733, 6297, -3843, 7628, 10985], [733, 20979, -8339, -11542, -5810, -8783], [6297, -8339, 8623, -3148, 8506, 8683], [-3843, -11542, -3148, 22766, -7849, -143], [7628, -5810, 8506, -7849, 12067, 6571], [10985, -8783, 8683, -143, 6571, 16106]], "The linear combination given by LLL": [0.0, 0.0, -1.0, 0.0, 1.0, 0.0], "The linear combination suggested by cube": [-0.6419944763183594, 1.282796859741211, 0.7477197647094727, 0.9922523498535156, 1.0, 0.3351273536682129], "Shortest vector given by LLL": [21.0, -18.0, 42.0, -10.0, -32.0, -5.0], "Shortest vector given by cube": [5.9568023681640625, -9.364044189453125, -8.361968994140625, -6.23822021484375, -13.93060302734375, -8.049041748046875], "The difference of lincombs": [0.6419944763183594, -1.282796859741211, -1.7477188110351562, -0.9922523498535156, 0.0, -0.3351273536682129], "Diff impact analysis": [38.74, -28.82, 14.59, -5.1, -0.0, -20.44, -79.06, 39.49, 98.65, 49.64, -0.0, -35.68, 24.68, 98.65, -36.65, -36.42, 0.0, 31.04, 23.57, -113.28, -131.8, -19.69, -0.0, 15.3, -0.0, -0.0, -0.0, 0.0, -0.0, -0.0, 1.72, 15.05, -32.8, 15.3, 0.0, 8.76]}, {"B": [[79, 79, -75, 55, -60, -63], [65, 44, -63, -78, 44, 39], [-76, -90, -27, 5, 46, -46], [85, -64, -41, 90, -53, -2], [-11, -68, -81, 26, 26, -17], [-95, 79, 60, -23, 69, 36]], "G": [[28701, 3949, -10676, 12990, 775, -13437], [3949, 19671, -7359, -4138, -151, -245], [-10676, -7359, 18862, -1489, 11251, -107], [12990, -4138, -1489, 23915, 7734, -21390], [775, -151, 11251, 7734, 12947, -8603], [-13437, -245, -107, -21390, -8603, 25452]], "The linear combination given by LLL": [0.0, 0.0, 0.0, 1.0, 0.0, 1.0], "The linear combination suggested by cube": [0.3286914825439453, 0.8965349197387695, 1.707590103149414, 1.5434799194335938, -1.7506561279296875, 1.0], "Shortest vector given by LLL": [-10.0, 15.0, 19.0, 67.0, 16.0, 34.0], "Shortest vector given by cube": [9.9176025390625, 10.992919921875, 11.281982421875, 27.082275390625, 39.95361328125, -1.61761474609375], "The difference of lincombs": [-0.3286914825439453, -0.8965349197387695, -1.707590103149414, -0.5434799194335938, 1.7506561279296875, 0.0], "Diff impact analysis": [8.54, 23.28, -42.1, 9.83, 34.53, 0.0, 19.15, 35.37, -96.45, -38.01, -69.06, -0.0, -42.66, -137.78, -78.73, 4.64, -137.51, 0.0, 15.18, -31.18, -38.05, 26.58, 50.43, 0.0, 6.33, 106.73, 242.14, -24.74, 79.68, -0.0, 0.0, -0.0, -0.0, 0.0, 0.0, 0.0]}, {"B": [[-26, 1, -32, -16, 90, -86], [-34, -4, 72, 10, 54, 93], [22, 2, 14, 42, -41, 98], [71, 13, -57, 69, 12, 19], [45, 49, 86, 62, -71, 38], [86, -44, 2, -85, 49, -21]], "G": [[17453, -4722, -13808, -1667, -14523, 5232], [-4722, 18021, 7572, -3465, 4786, -2761], [-13808, 7572, 13733, 5058, 11531, -5805], [-1667, -3465, 5058, 13725, 3078, -256], [-14523, 4786, 11531, 3078, 22151, -7661], [5232, -2761, -5805, -256, -7661, 19403]], "The linear combination given by LLL": [23.0, -10.0, 31.0, -12.0, 4.0, 3.0], "The linear combination suggested by cube": [24.708984375, -10.604141235351562, 33.42724609375, -12.831436157226562, 4.0, 3.2391395568847656], "Shortest vector given by LLL": [10.0, 33.0, 12.0, -1.0, -22.0, -9.0], "Shortest vector given by cube": [1.04052734375, 20.649169921875, -4.333244323730469, -10.13525390625, 1.406494140625, 4.8955078125], "The difference of lincombs": [-1.708984375, 0.6041412353515625, -2.42724609375, 0.8314361572265625, 0.0, -0.23913955688476562], "Diff impact analysis": [-75.94, -1.03, -132.74, 22.73, -0.0, -35.15, 35.1, -1.46, -105.58, 5.02, 0.0, -13.44, 91.26, -2.93, 82.48, -84.76, 0.0, 56.88, -100.88, 6.53, 115.03, 47.7, 0.0, -3.78, -0.0, 0.0, -0.0, 0.0, -0.0, -0.0, 35.15, 6.36, 1.16, 16.9, -0.0, -1.2]}, {"B": [[-21, -33, 56, -41, -72, -90], [-8, -4, -86, -29, 55, -100], [-97, 43, -92, -81, -12, -64], [91, -25, 87, 71, 68, -23], [-98, -71, 30, -47, 66, -18], [-77, 79, 15, -18, 17, 63]], "G": [[19631, 1713, 5411, -1951, 4876, -6306], [1713, 21342, 16605, -4129, 5281, -5833], [5411, 16605, 30523, -23001, 7860, 6708], [-1951, -4129, -23001, 26669, -2968, -9248], [4876, 5281, 7860, -2968, 22434, 3221], [-6306, -5833, 6708, -9248, 3221, 16977]], "The linear combination given by LLL": [-5.0, -12.0, 15.0, 8.0, 1.0, -8.0], "The linear combination suggested by cube": [-6.1041412353515625, -14.898269653320312, 18.705718994140625, 10.2342529296875, 1.0, -9.391937255859375], "Shortest vector given by LLL": [-8.0, -45.0, -22.0, 3.0, -6.0, -16.0], "Shortest vector given by cube": [-10.5859375, -3.4443359375, -2.005126953125, 15.842041015625, -2.109130859375, -3.046875], "The difference of lincombs": [1.1041412353515625, 2.8982696533203125, -3.705718994140625, -2.2342529296875, 0.0, 1.391937255859375], "Diff impact analysis": [-25.6, -105.6, -229.13, 101.14, -0.0, -138.32, -25.6, -33.6, 923.65, 187.79, 0.0, -403.42, 396.89, -461.83, -1263.38, -670.64, 0.0, 330.12, -224.49, 161.89, 720.32, 354.42, -0.0, 71.53, -0.0, -0.0, -0.0, 0.0, 0.0, -0.0, -118.34, 318.7, -77.37, 55.98, 0.0, 122.06]}, {"B": [[-98, 96, -45, 43, -25, -97], [65, -96, 7, 81, 8, 83], [56, 56, 4, 5, 7, 15], [-85, 9, -95, -21, 42, -18], [48, -77, 11, -43, -8, 68], [98, 32, -14, -69, 27, 51]], "G": [[32728, -20669, -1707, 13262, -20836, -14491], [-20669, 27004, -2, -9913, 12686, 2060], [-1707, -2, 6587, -4717, -831, 7833], [13262, -9913, -4717, 18860, -6475, -5047], [-20836, 12686, -831, -6475, 14891, 8305], [-14491, 2060, 7833, -5047, 8305, 18915]], "The linear combination given by LLL": [1.0, 1.0, -4.0, -1.0, -2.0, 3.0], "The linear combination suggested by cube": [1.0, 0.5451812744140625, -1.8722496032714844, -0.5778579711914062, -0.21394014358520508, 1.4218120574951172], "Shortest vector given by LLL": [26.0, 17.0, -23.0, 4.0, 10.0, -39.0], "Shortest vector given by cube": [10.77734375, -4.41265869140625, -16.034942626953125, 1.0279541015625, -17.913818359375, -11.4677734375], "The difference of lincombs": [0.0, 0.4548187255859375, -2.1277503967285156, -0.42214202880859375, -1.7860603332519531, 1.5781879425048828], "Diff impact analysis": [-0.0, 0.0, 0.0, -0.0, 0.0, -0.0, 0.0, -19.86, -6.77, -15.55, -6.5, 59.58, -0.0, -54.19, 18.11, 4.49, 26.6, -50.37, 0.0, -1.73, -85.33, -3.74, 31.67, 11.99, -0.0, 62.55, 41.8, -32.42, -25.52, -191.67, 0.0, 22.97, 47.01, 45.97, -76.11, 127.02]}, {"B": [[-44, 91, -65, -38, -49, -41], [-35, 57, 98, 15, 36, -84], [-87, 79, 39, -66, -59, -11], [56, -68, -45, 57, 54, -49], [27, 89, -6, 79, -7, -84], [93, -53, -13, 96, 54, -6]], "G": [[19968, 1467, 14332, -8530, 8086, -14118], [1467, 22655, 9180, -3331, 11529, -3662], [14332, 9180, 23289, -18408, 571, -22241], [-8530, -3331, -18408, 18351, 3971, 18079], [8086, 11529, 571, 3971, 22032, 5582], [-14118, -3662, -22241, 18079, 5582, 23795]], "The linear combination given by LLL": [-11.0, -2.0, -24.0, -2.0, 14.0, -31.0], "The linear combination suggested by cube": [-11.0, -2.197612762451172, -22.214141845703125, -1.4995288848876953, 13.549575805664062, -29.667327880859375], "Shortest vector given by LLL": [25.0, 14.0, -8.0, -12.0, 3.0, -9.0], "Shortest vector given by cube": [16.3515625, -0.9296875, 5.138671875, -11.953125, -7.337890625, -6.728515625], "The difference of lincombs": [0.0, 0.19761276245117188, -1.785858154296875, -0.5004711151123047, 0.4504241943359375, -1.332672119140625], "Diff impact analysis": [-0.0, 0.0, 0.0, 0.0, -0.0, 0.0, -0.0, 2.23, -34.59, -1.48, 3.2, 22.12, 0.0, -27.88, 124.38, -58.99, 47.46, -26.18, -0.0, 6.73, -40.22, 14.28, -12.17, -32.68, 0.0, 7.92, 4.83, -17.81, -1.42, 50.42, -0.0, 13.96, -30.94, 64.03, -32.41, -10.66]}, {"B": [[-91, 31, -45, 94, -78, 87], [45, 34, -53, 12, 56, 92], [6, 32, -97, 96, 70, 73], [-29, -83, -39, 78, 37, -41], [68, -16, 88, -26, 73, -83], [-23, -86, -9, -3, -39, -71]], "G": [[33756, 4108, 14726, 2700, -26003, -3585], [4108, 17734, 18287, -2824, -6008, -12234], [14726, 18287, 29914, 8038, -12085, -10218], [2700, -2824, 8038, 18385, 0, 9390], [-26003, -6008, -12085, 0, 25518, 2144], [-3585, -12234, -10218, 9390, 2144, 14577]], "The linear combination given by LLL": [1.0, 2.0, -1.0, 0.0, 1.0, 1.0], "The linear combination suggested by cube": [0.37512826919555664, 0.21591949462890625, 0.44715118408203125, -0.7281637191772461, 0.5608406066894531, 1.0], "Shortest vector given by LLL": [38.0, -35.0, 25.0, -7.0, -2.0, 44.0], "Shortest vector given by cube": [14.51654052734375, -1.2568359375, -2.94573974609375, 6.40106201171875, -10.868621826171875, -2.55224609375], "The difference of lincombs": [0.6248722076416016, 1.7840805053710938, -1.4471511840820312, 0.7281637191772461, 0.4391593933105469, 0.0], "Diff impact analysis": [-35.53, 34.56, 40.69, 42.77, -21.4, 0.0, 50.17, 108.22, 136.84, 15.59, 43.88, 0.0, -5.43, -82.62, -203.14, -101.16, -44.49, -0.0, -13.2, -107.83, 41.1, 41.36, 11.83, -0.0, 18.66, -12.54, -55.93, -8.31, 14.08, -0.0, -0.0, -0.0, 0.0, -0.0, -0.0, -0.0]}, {"B": [[-57, 41, 68, 37, -32, -79], [66, 99, 29, -69, -88, 61], [74, -45, 84, -30, 89, 31], [95, 80, -1, -11, -2, 25], [-21, -36, -71, 60, 10, 2], [39, 11, 60, 52, 54, -70]], "G": [[18188, -2287, -6758, -4521, -3365, 8034], [-2287, 31224, -1006, 16621, -11907, -7207], [-6758, -1006, 24339, 4273, -6746, 8507], [-4521, 16621, 4273, 16176, -5434, 2095], [-3365, -11907, -6746, -5434, 10482, -1955], [8034, -7207, 8507, 2095, -1955, 15762]], "The linear combination given by LLL": [2.0, -1.0, 1.0, 2.0, 1.0, -2.0], "The linear combination suggested by cube": [0.6305789947509766, 0.31244564056396484, 0.5830574035644531, 0.08641326427459717, 1.0, -0.38068628311157227], "Shortest vector given by LLL": [-15.0, 40.0, -2.0, 47.0, 11.0, 4.0], "Shortest vector given by cube": [0.187164306640625, -2.7261810302734375, 6.989501953125, 23.534698486328125, -6.511505126953125, 18.1265869140625], "The difference of lincombs": [1.3694210052490234, -1.3124465942382812, 0.4169425964355469, 1.9135875701904297, 0.0, -1.619314193725586], "Diff impact analysis": [-106.89, -73.69, 38.83, 96.96, -0.0, 175.18, -118.62, 170.53, -15.87, 173.29, 0.0, 129.64, 42.25, 24.62, 14.6, -23.94, 0.0, -20.93, 248.95, -200.92, -0.8, -40.28, -0.0, -77.47, -0.0, 0.0, -0.0, 0.0, 0.0, -0.0, -86.48, 23.38, -40.51, -161.13, -0.0, -183.55]}, {"B": [[22, -17, -88, 7, 91, -82], [-14, -81, 91, 8, 27, -25], [-44, -56, 59, 28, 9, -99], [-58, 0, 64, 24, -90, -70], [-63, 32, 38, 41, -98, -58], [37, -97, -81, 92, -43, -58]], "G": [[23571, -2376, 3925, -9190, -9149, 11078], [-2376, 16456, 13463, 6148, 880, 993], [3925, 13463, 19219, 13120, 9230, 6956], [-9190, 6148, 13120, 21036, 19950, 2808], [-9149, 880, 9230, 19950, 21086, 2837], [11078, 993, 6956, 2808, 2837, 31016]], "The linear combination given by LLL": [-1.0, -2.0, 2.0, 1.0, -2.0, 0.0], "The linear combination suggested by cube": [1.4872665405273438, 2.149822235107422, -2.8702392578125, 1.0, 0.8830289840698242, -0.12762665748596191], "Shortest vector given by LLL": [-14.0, 3.0, 12.0, -25.0, -21.0, -20.0], "Shortest vector given by cube": [10.559860229492188, 1.951171875, 3.3030242919921875, -4.2947540283203125, -3.494720458984375, -5.3609619140625], "The difference of lincombs": [-2.4872665405273438, -4.1498260498046875, 4.8702392578125, 0.0, -2.8830299377441406, 0.12762665748596191], "Diff impact analysis": [136.1, -175.47, 1066.0, -0.0, 652.55, 26.03, -144.5, -1394.91, -1839.17, -0.0, 323.03, 13.24, 533.0, 1131.8, 1399.43, 0.0, -126.37, -61.54, 0.0, -0.0, 0.0, 0.0, 0.0, -0.0, -451.76, 382.85, -533.56, -0.0, -814.56, 21.34, -11.75, 51.37, -50.35, 0.0, 15.82, -0.94]}, {"B": [[79, -80, 87, -52, 100, 11], [94, -20, 73, -64, 77, -43], [29, 47, 8, 67, -90, -55], [99, -93, 79, 46, -82, 73], [-54, -3, -99, -4, 12, 30], [-51, -34, 90, 80, 95, 56]], "G": [[33035, 25932, -13862, 12345, -10901, 12477], [25932, 26439, -6483, 4536, -12353, 2243], [-13862, -6483, 18728, 5579, -5497, -8627], [12345, 4536, 5579, 38860, -11866, 5201], [-10901, -12353, -5497, -11866, 13786, -3554], [12477, 2243, -8627, 5201, -3554, 30418]], "The linear combination given by LLL": [1.0, 0.0, 1.0, 0.0, 1.0, 0.0], "The linear combination suggested by cube": [-1.2814407348632812, 1.5946884155273438, -0.04623830318450928, 0.47531843185424805, 1.0, 0.43048954010009766], "Shortest vector given by LLL": [54.0, -36.0, -4.0, 11.0, 22.0, -14.0], "Shortest vector given by cube": [18.4276123046875, 6.6070098876953125, -18.14874267578125, 13.780670166015625, 12.728759765625, 8.6812744140625], "The difference of lincombs": [2.2814407348632812, -1.5946884155273438, 1.0462379455566406, -0.47531843185424805, 0.0, -0.43048954010009766], "Diff impact analysis": [411.19, 291.05, 207.66, 56.39, 0.0, -10.8, -341.99, -50.86, -121.79, -48.51, -0.0, -29.52, 69.22, -78.42, 8.76, -33.32, -0.0, 24.77, -107.36, -70.49, -39.29, 10.39, 0.0, 14.94, -0.0, 0.0, -0.0, 0.0, 0.0, -0.0, 50.09, -23.34, -40.54, 16.37, -0.0, 10.38]}, {"B": [[44, 40, 36, -24, 69, 24], [35, 18, 31, -37, 95, -39], [-78, -73, -76, 12, -93, -70], [-78, 98, 81, -30, -85, 80], [-44, -2, -30, 48, -15, -79], [-5, 76, 87, -57, -19, -99]], "G": [[10745, 9883, -17473, 179, -7179, 3633], [9883, 14425, -12949, -8540, -2626, 8055], [-17473, -12949, 30882, -5281, 13359, -3757], [179, -8540, -5281, 36774, -5679, 10290], [-7179, -2626, 13359, -5679, 11610, 2828], [3633, 8055, -3757, 10290, 2828, 26781]], "The linear combination given by LLL": [-4.0, 1.0, -2.0, 0.0, 0.0, 0.0], "The linear combination suggested by cube": [-2.086162567138672, 1.0, -0.6850690841674805, 0.16496920585632324, -0.15564680099487305, -0.1608278751373291], "Shortest vector given by LLL": [15.0, 4.0, 39.0, 35.0, 5.0, 5.0], "Shortest vector given by cube": [-8.57080078125, -11.18109130859375, 12.003311157226562, 1.5941162109375, 6.1341552734375, 0.3025665283203125], "The difference of lincombs": [-1.9138374328613281, 0.0, -1.3149299621582031, -0.16496920585632324, 0.15564680099487305, 0.1608278751373291], "Diff impact analysis": [161.16, -0.0, 90.6, -7.58, -20.55, -7.39, -0.0, 0.0, -0.0, 0.0, 0.0, -0.0, -196.29, 0.0, -131.41, 2.6, 19.03, 14.8, -24.63, -0.0, 17.57, -0.82, 2.18, -2.12, 13.11, -0.0, 6.14, -1.23, -0.36, -1.98, 1.54, 0.0, -18.4, 1.51, -0.48, -2.56]}, {"B": [[-74, 50, -22, 16, 72, 44], [-24, -3, 44, -79, -15, -82], [-79, -64, 89, 15, 54, -98], [63, 13, -74, -73, -30, -12], [-56, 56, 41, 38, -9, -24], [-44, 62, -44, 15, 42, 49]], "G": [[15836, -5294, 504, -6240, 4946, 12744], [-5294, 15711, 12045, 2394, 2081, -6899], [504, 12045, 31003, -13934, 6925, -6717], [-6240, 2394, -13934, 15987, -8050, -1653], [4946, 2081, 6925, -8050, 10054, 3148], [12744, -6899, -6717, -1653, 3148, 12106]], "The linear combination given by LLL": [-2.0, 1.0, 0.0, -1.0, -1.0, 3.0], "The linear combination suggested by cube": [-4.0435943603515625, 1.0, 0.44405317306518555, -1.4758663177490234, -1.3396778106689453, 5.219810485839844], "Shortest vector given by LLL": [-15.0, 14.0, -11.0, -31.0, 6.0, 13.0], "Shortest vector given by cube": [-7.483154296875, -4.17919921875, -2.904541015625, -1.908935546875, -6.5947265625, 2.198486328125], "The difference of lincombs": [2.0435943603515625, 0.0, -0.44405317306518555, 0.47586631774902344, 0.3396778106689453, -2.2198104858398438], "Diff impact analysis": [-309.04, 0.0, 19.96, 15.56, 49.98, -199.6, -0.0, -0.0, -0.0, -0.0, -0.0, 0.0, 71.69, 0.0, 17.55, -3.17, -8.15, -96.6, 61.27, 0.0, 15.64, -16.53, -4.85, 12.68, -38.87, 0.0, -6.18, 6.14, -1.04, 18.1, 199.6, -0.0, -43.37, -15.84, -31.67, 241.45]}, {"B": [[-33, 25, -12, -74, -24, -2], [-86, 31, 93, -79, 24, -50], [-71, -96, -39, 81, -75, 86], [39, -6, 32, -13, -50, 30], [-18, -24, 66, 70, -56, -30], [-34, -43, 64, 86, -3, -28]], "G": [[7914, 7867, -3955, 281, -4574, -6957], [7867, 26323, -12996, -2237, 1568, 2077], [-3955, -12996, 35360, 1836, 8298, 8829], [281, -2237, 1836, 6150, 2544, -828], [-4574, 1568, 8298, 2544, 14192, 12896], [-6957, 2077, 8829, -828, 12896, 15290]], "The linear combination given by LLL": [0.0, 0.0, 0.0, 1.0, -1.0, 1.0], "The linear combination suggested by cube": [2.777576446533203, -1.1914043426513672, -0.5854101181030273, 1.0, -1.977682113647461, 3.4858665466308594], "Shortest vector given by LLL": [23.0, -25.0, 30.0, 3.0, 3.0, 32.0], "Shortest vector given by cube": [8.44384765625, -19.72265625, 3.267822265625, -10.49072265625, -1.0572052001953125, -4.60400390625], "The difference of lincombs": [-2.777576446533203, 1.1914043426513672, 0.5854101181030273, 0.0, 0.9776821136474609, -2.4858665466308594], "Diff impact analysis": [-254.59, -82.73, 19.51, 0.0, 65.17, -13.81, 284.59, 44.0, 64.86, -0.0, 27.96, 148.08, 115.45, -66.96, -13.37, 0.0, -42.93, -125.15, -0.0, -0.0, 0.0, -0.0, -0.0, -0.0, 48.88, -27.96, 37.77, 0.0, -53.53, 72.91, -234.76, 127.35, -93.14, -0.0, 7.29, -173.03]}, {"B": [[58, -22, 95, -42, -85, -18], [98, -38, 62, 8, 88, 1], [62, 27, -54, -39, 93, -34], [82, -35, -77, -27, 0, 21], [-57, -86, 39, 62, -87, 67], [83, -43, -11, 57, -22, 82]], "G": [[22186, 4576, -7783, -1033, 5876, 2715], [4576, 22701, 9540, 4397, -6993, 7688], [-7783, 9540, 18815, 8636, -20749, -2478], [-1033, 4397, 8636, 15048, -4934, 9341], [5876, -6993, -20749, -4934, 28068, 9480], [2715, 7688, -2478, 9341, 9480, 19316]], "The linear combination given by LLL": [-3.0, 4.0, -13.0, 6.0, -6.0, -3.0], "The linear combination suggested by cube": [-3.706390380859375, 4.650459289550781, -15.053863525390625, 6.585609436035156, -7.022941589355469, -3.0], "Shortest vector given by LLL": [-3.0, -2.0, 2.0, -40.0, -14.0, -22.0], "Shortest vector given by cube": [-1.23828125, 0.845703125, 1.1435546875, -4.26123046875, 1.26953125, 4.9580078125], "The difference of lincombs": [0.706390380859375, -0.6504592895507812, 2.053863525390625, -0.5856094360351562, 1.0229415893554688, 0.0], "Diff impact analysis": [28.94, 10.11, 137.83, 17.37, -61.42, -0.0, -45.03, -16.08, -82.83, 3.05, -58.55, -0.0, 89.95, -36.07, -227.79, 46.91, 195.39, -0.0, -33.92, -13.33, 92.61, -9.26, -0.0, -0.0, -41.19, 57.22, 81.94, -37.14, -91.04, 0.0, 0.0, 0.0, -0.0, -0.0, -0.0, 0.0]}, {"B": [[0, 5, -90, 42, -49, -36], [-4, -32, -39, 25, -79, -52], [-42, -39, -43, -11, -58, -27], [46, 47, 72, 67, 53, 46], [-96, -28, 4, 36, 4, 56], [90, 93, -16, -93, -67, 26]], "G": [[13586, 10143, 7027, -7684, -1200, 346], [10143, 12131, 8804, -9400, -1204, -1096], [7027, 8804, 9348, -11914, 2812, -2512], [-7684, -9400, -11914, 18923, -244, -1227], [-1200, -1204, 2812, -244, 14464, -13468], [346, -1096, -2512, -1227, -13468, 30819]], "The linear combination given by LLL": [-12.0, 115.0, -239.0, -97.0, 60.0, 7.0], "The linear combination suggested by cube": [-12.0, 116.7191162109375, -243.196533203125, -98.75537109375, 61.048095703125, 7.209495544433594], "Shortest vector given by LLL": [-14.0, -7.0, 16.0, 10.0, -5.0, -15.0], "Shortest vector given by cube": [-7.1376953125, 9.2919921875, 3.8560791015625, -0.2216796875, -0.28125, -7.69384765625], "The difference of lincombs": [0.0, -1.7191162109375, 4.196533203125, 1.75537109375, -1.048095703125, -0.20949554443359375], "Diff impact analysis": [0.0, -0.0, -0.0, 0.0, 0.0, 0.0, 0.0, -94.57, 281.36, -75.44, -142.34, -18.73, -0.0, 281.36, -757.27, -81.03, 255.11, 23.74, 0.0, -141.83, 530.39, 206.45, -97.51, -16.92, 0.0, -50.45, -17.59, -66.23, 4.39, 12.3, -0.0, 33.49, 14.07, 34.2, -14.71, 1.14]}, {"B": [[-90, -88, 19, 91, -55, -17], [8, -40, -4, -2, -4, 83], [57, 46, -26, 15, -83, 3], [-13, -80, 93, -66, 34, 5], [-68, 61, -88, 64, 81, -28], [45, -76, 20, 50, -77, -18]], "G": [[27800, 1351, -3793, 2016, 925, 12109], [1351, 8589, -729, 3135, -5408, 2034], [-3793, -729, 13164, -10636, -4629, 5636], [2016, 3135, -10636, 20755, -13790, 1347], [925, -5408, -4629, -13790, 27530, -11989], [12109, 2034, 5636, 1347, -11989, 16954]], "The linear combination given by LLL": [0.0, 3.0, 17.0, 16.0, 12.0, 1.0], "The linear combination suggested by cube": [0.004475750029087067, 2.0899124145507812, 12.528289794921875, 11.991867065429688, 8.959259033203125, 1.0], "Shortest vector given by LLL": [14.0, 38.0, -2.0, 11.0, 16.0, 26.0], "Shortest vector given by cube": [10.3046875, 3.4765625, 12.8193359375, 16.08203125, 7.970703125, 2.0712890625], "The difference of lincombs": [-0.004475750029087067, 0.9100875854492188, 4.471710205078125, 4.0081329345703125, 3.040740966796875, 0.0], "Diff impact analysis": [-0.0, 0.36, -0.38, -1.63, 0.75, 0.0, -0.03, -33.13, -16.28, -7.3, -11.07, 0.0, -1.14, 187.2, -519.9, 268.85, -1128.58, 0.0, 0.23, -291.82, 1666.86, -1060.3, 414.38, 0.0, 0.93, 168.81, -1196.56, 780.01, 748.93, -0.0, -0.0, -0.0, 0.0, 0.0, -0.0, -0.0]}, {"B": [[-76, 51, -13, 12, 20, -59], [-65, -60, -41, 29, 89, 2], [-57, 55, 71, 27, 21, -71], [88, 65, -95, 16, 2, 34], [40, -22, 50, -11, -28, 27], [27, -13, 29, -59, -59, 16]], "G": [[12571, 4423, 11147, -3912, -7097, -5924], [4423, 18272, 4, -5015, -6087, -9094], [11147, 4, 17526, -10126, -2742, -4163], [-3912, -5015, -10126, 22410, -1974, -1742], [-7097, -6087, -2742, -1974, 6218, 5549], [-5924, -9094, -4163, -1742, 5549, 8957]], "The linear combination given by LLL": [-2.0, 0.0, 1.0, 0.0, -3.0, 1.0], "The linear combination suggested by cube": [-0.11953318119049072, 0.6782026290893555, 0.6027240753173828, 0.48583316802978516, 0.05509769916534424, 1.0], "Shortest vector given by LLL": [2.0, 6.0, -24.0, -23.0, 6.0, -18.0], "Shortest vector given by cube": [2.60321044921875, 3.728515625, 2.1417236328125, -17.32568359375, 11.0555419921875, -0.3785400390625], "The difference of lincombs": [-1.8804664611816406, -0.6782026290893555, 0.3972759246826172, -0.48583316802978516, -3.0550994873046875, 0.0], "Diff impact analysis": [-268.75, 65.04, 9.71, 10.96, 114.9, 0.0, -82.9, -27.6, 11.05, 9.56, 184.41, -0.0, 42.58, -14.82, 11.21, -5.21, -25.49, -0.0, 80.4, 21.42, 18.34, 3.78, 2.97, -0.0, 229.8, -45.58, -60.69, -16.33, -261.34, -0.0, -0.0, 0.0, 0.0, 0.0, 0.0, 0.0]}, {"B": [[-32, 78, -49, -16, 74, -62], [69, 14, -72, -44, -16, 3], [-95, 82, -40, -58, -7, 92], [-53, -46, 31, -48, 65, -60], [-50, -80, -83, -15, -80, -38], [-15, 1, -69, 20, -70, 13]], "G": [[19085, 1746, 6102, 5887, -3897, -2367], [1746, 12342, 413, -5641, 3232, 4226], [6102, 413, 29226, -3168, -556, 4793], [5887, -5641, -3168, 16015, 1557, -7680], [-3897, 3232, -556, 1557, 23858, 11203], [-2367, 4226, 4793, -7680, 11203, 10456]], "The linear combination given by LLL": [3.0, -2.0, 1.0, -10.0, 9.0, -16.0], "The linear combination suggested by cube": [2.1892166137695312, -1.470113754272461, 1.0, -8.165176391601562, 7.310844421386719, -13.19915771484375], "Shortest vector given by LLL": [-9.0, 12.0, 4.0, 7.0, -3.0, -50.0], "Shortest vector given by cube": [-1.29296875, 9.70904541015625, 9.3984375, -10.0595703125, -13.138671875, -7.632568359375], "The difference of lincombs": [0.8107833862304688, -0.5298862457275391, 0.0, -1.8348236083984375, 1.6891555786132812, -2.80084228515625], "Diff impact analysis": [-21.04, -33.51, -0.0, 23.8, 101.35, 140.79, -29.64, 3.93, 0.0, -42.78, 14.32, 4.45, -0.0, -0.0, -0.0, 0.0, -0.0, -0.0, 78.85, -44.72, -0.0, -161.6, -201.45, -308.34, -68.48, 71.6, -0.0, 46.49, -228.26, 179.78, 34.06, 1.48, 0.0, 102.78, 331.17, 101.98]}, {"B": [[-67, -77, 97, -66, -73, -24], [-1, -94, 6, -24, -72, 23], [-11, 67, -65, 59, 68, -47], [-22, -49, 61, -54, -61, -11], [-10, 73, -27, 73, 34, 38], [11, -12, -79, 3, -69, 30]], "G": [[30088, 14175, -18457, 19445, -15782, -3357], [14175, 15162, -14070, 10429, -10340, 6229], [-18457, -14070, 19149, -13823, 11589, -1715], [19445, 10429, -13823, 13364, -11438, -756], [-15782, -10340, 11589, -11438, 14087, 160], [-3357, 6229, -1715, -756, 160, 12176]], "The linear combination given by LLL": [2.0, -1.0, -1.0, -4.0, -1.0, 1.0], "The linear combination suggested by cube": [1.200408935546875, -1.0, -0.8061990737915039, -2.2345924377441406, -0.5470952987670898, 0.5974311828613281], "Shortest vector given by LLL": [-13.0, -16.0, -43.0, -21.0, -1.0, 12.0], "Shortest vector given by cube": [-9.355499267578125, 9.941055297851562, -5.89276123046875, -20.2703857421875, 6.03466796875, 7.795379638671875], "The difference of lincombs": [0.799591064453125, 0.0, -0.1938009262084961, -1.7654075622558594, -0.45290470123291016, 0.4025688171386719], "Diff impact analysis": [-42.84, -0.0, -15.03, 93.17, 26.44, -7.73, -0.0, -0.0, -0.0, 0.0, 0.0, 0.0, 1.7, -0.0, -2.44, 20.19, 5.97, 3.67, 31.06, 0.0, 20.87, -168.3, -48.77, 7.82, 3.62, -0.0, -2.37, 58.37, 6.97, -6.93, 3.54, -0.0, 6.16, -2.13, 12.58, 4.86]}, {"B": [[41, -65, 49, 87, 56, 99], [45, 97, 18, 87, -26, -4], [-14, -39, -65, -28, 11, 89], [36, -65, 58, -43, -48, -35], [72, 62, 50, -86, -72, -73], [-33, -6, 45, 98, 75, -2]], "G": [[28813, 2139, 5767, -1351, -17369, 13770], [2139, 20019, -8661, -5994, 4836, 5327], [5767, -8661, 14768, -4178, -11557, -4326], [-1351, -5994, -4178, 14263, 11171, -5932], [-17369, 4836, -11557, 11171, 29437, -14180], [13770, 5327, -4326, -5932, -14180, 18383]], "The linear combination given by LLL": [0.0, 0.0, 1.0, 0.0, 1.0, 1.0], "The linear combination suggested by cube": [-1.0857982635498047, 0.7815113067626953, 2.7158470153808594, 1.2342472076416016, 1.0, 2.395618438720703], "Shortest vector given by LLL": [25.0, 17.0, 30.0, -16.0, 14.0, 14.0], "Shortest vector given by cube": [-9.9940185546875, 7.86566162109375, 13.7222900390625, -6.81884765625, -2.822265625, 10.100372314453125], "The difference of lincombs": [1.0857982635498047, -0.7815113067626953, -1.7158470153808594, -1.2342472076416016, 0.0, -1.3956184387207031], "Diff impact analysis": [48.34, 55.16, -91.29, -116.59, 0.0, -150.02, -38.19, 59.24, 24.14, 83.92, 0.0, -4.36, 26.08, -52.3, -191.37, -59.3, -0.0, 213.13, -48.25, -62.7, 122.83, -65.5, 0.0, -60.29, 0.0, -0.0, -0.0, 0.0, -0.0, 0.0, 50.01, -6.54, 107.76, 168.81, -0.0, -3.9]}, {"B": [[48, 7, 46, 26, -64, 94], [-16, 70, -37, -44, 62, 18], [53, -39, 4, -38, -18, -45], [-51, -74, -15, -89, -92, -4], [-94, 0, 22, 85, 5, 30], [-43, -33, 70, 79, -68, 50]], "G": [[18077, -5400, -1611, -458, 1210, 12031], [-5400, 12629, -3980, -5669, -2200, -11004], [-1611, -3980, 8139, 5341, -9564, -4740], [-458, -5669, 5341, 24703, -3681, 2610], [1210, -2200, -9564, -3681, 17470, 13457], [12031, -11004, -4740, 2610, 13457, 21203]], "The linear combination given by LLL": [0.0, 1.0, 1.0, 0.0, 0.0, 1.0], "The linear combination suggested by cube": [-0.737666130065918, -0.1680889129638672, -1.3426494598388672, -0.09029901027679443, -1.4944305419921875, 1.0], "Shortest vector given by LLL": [-6.0, -2.0, 37.0, -3.0, -24.0, 23.0], "Shortest vector given by cube": [-1.797119140625, 9.1156005859375, 5.39306640625, -0.752685546875, -6.2078857421875, -6.41864013671875], "The difference of lincombs": [0.737666130065918, 1.1680889129638672, 2.3426513671875, 0.09029901027679443, 1.4944305419921875, 0.0], "Diff impact analysis": [26.12, 6.03, 79.49, 1.73, -70.55, 0.0, -13.79, 95.51, -101.25, -4.64, 108.23, 0.0, 91.59, -106.72, 21.95, -8.04, -63.02, -0.0, -3.4, -7.81, -3.17, -0.73, -12.41, -0.0, -103.62, 0.0, 77.02, 11.47, 11.17, 0.0, -0.0, -0.0, 0.0, 0.0, -0.0, 0.0]}, {"B": [[-22, 57, -88, -78, -54, -74], [-21, -12, 25, 86, 46, 36], [89, 88, -40, -91, -99, -71], [20, 24, 44, -61, -76, -95], [59, 23, -52, 20, -6, 62], [-50, -54, -44, 65, -87, -26]], "G": [[25953, -14278, 24276, 12948, -1235, 3446], [-14278, 12018, -18861, -11770, 861, 1250], [24276, -18861, 40388, 21952, 3727, -2898], [12948, -11770, 21952, 21434, -7210, 885], [-1235, 861, 3727, -7210, 10994, -1694], [3446, 1250, -2898, 885, -1694, 19822]], "The linear combination given by LLL": [0.0, -1.0, -1.0, 1.0, 1.0, 0.0], "The linear combination suggested by cube": [-2.379383087158203, -1.0, 4.4770050048828125, -5.467315673828125, -5.1480865478515625, 0.9353961944580078], "Shortest vector given by LLL": [11.0, -29.0, 7.0, -36.0, -29.0, 2.0], "Shortest vector given by cube": [11.94647216796875, -29.78143310546875, -8.71307373046875, -16.469970703125, 4.287841796875, -1.89990234375], "The difference of lincombs": [2.379383087158203, 0.0, -5.4770050048828125, 6.467315673828125, 6.1480865478515625, -0.9353961944580078], "Diff impact analysis": [-124.55, 0.0, 1146.81, -1200.28, -789.95, 164.7, -0.0, -0.0, -0.0, 0.0, 0.0, -0.0, -1159.84, -0.0, -1199.9, 3223.36, 3333.64, -363.75, 307.76, 0.0, -1558.55, -2551.4, -3021.88, 574.7, 863.09, 0.0, 1751.0, 795.23, -226.79, -356.56, 111.28, 0.0, -225.42, -393.22, 500.33, -22.75]}, {"B": [[-82, 76, 75, -35, 94, 27], [-28, 63, 66, 32, 19, -47], [36, 75, -32, 91, -32, -50], [34, -82, -91, -27, -70, 4], [54, -84, 97, -45, -22, -38], [5, -33, -17, 30, 83, 41]], "G": [[28915, 11431, -7195, -21372, -5056, 3666], [11431, 12703, 6259, -14506, -474, -2731], [-7195, 6259, 19750, -2431, -8951, -3727], [-21372, -14506, -2431, 21806, 2500, -2033], [-5056, -474, -8951, 2500, 23334, -3341], [3666, -2731, -3727, -2033, -3341, 10873]], "The linear combination given by LLL": [-2.0, 2.0, -2.0, -1.0, -1.0, 0.0], "The linear combination suggested by cube": [-0.8758563995361328, -0.11775004863739014, -0.6100263595581055, -1.0, -0.35324525833129883, -0.2388896942138672], "Shortest vector given by LLL": [-52.0, -10.0, 40.0, 24.0, 6.0, -14.0], "Shortest vector given by cube": [-1.113454818725586, -0.17926025390625, 6.856536865234375, 7.1039276123046875, -7.10333251953125, 12.016250610351562], "The difference of lincombs": [-1.1241436004638672, 2.117748260498047, -1.3899726867675781, 0.0, -0.6467552185058594, 0.2388896942138672], "Diff impact analysis": [-103.62, -180.93, 117.19, 0.0, 68.34, -7.25, 66.66, 282.55, -194.28, 0.0, -26.02, -23.78, 56.25, -220.77, -61.82, -0.0, -28.77, 16.6, -0.0, -0.0, 0.0, -0.0, 0.0, 0.0, 39.26, 115.05, 87.2, 0.0, -9.2, 5.87, -1.34, -16.69, 5.64, 0.0, -12.82, 2.34]}, {"B": [[39, 6, -16, 32, -99, -1], [-76, 79, 47, -97, 49, -44], [-49, -81, 100, -73, 11, -13], [-5, -61, -2, -36, 65, -9], [93, -83, -51, -74, -32, -33], [-27, -92, -41, 71, 69, 84]], "G": [[12639, -11153, -7409, -8107, 4778, -5592], [-11153, 27972, 10217, 2540, -8960, -14345], [-7409, 10217, 24581, 8446, 2545, -841], [-8107, 2540, 8446, 9352, 5581, 7002], [4778, -8960, 2545, 5581, 25728, -3018], [-5592, -14345, -841, 7002, -3018, 27732]], "The linear combination given by LLL": [0.0, 1.0, 0.0, -2.0, 1.0, 1.0], "The linear combination suggested by cube": [1.891092300415039, 1.0, -0.26140832901000977, 1.323974609375, -0.20158982276916504, 0.5344467163085938], "Shortest vector given by LLL": [0.0, 26.0, -41.0, -28.0, -44.0, 25.0], "Shortest vector given by cube": [-29.2362060546875, -1.678955078125, -23.677490234375, -12.201904296875, -11.70745849609375, -2.862548828125], "The difference of lincombs": [-1.891092300415039, 0.0, 0.26140832901000977, -3.323974609375, 1.201589584350586, 0.46555328369140625], "Diff impact analysis": [139.47, -0.0, 7.91, 201.15, 224.96, 0.88, 0.0, 0.0, 0.0, 0.0, 0.0, -0.0, 24.22, -0.0, 6.83, 63.43, 3.46, -1.58, -31.43, 0.0, 1.74, -397.76, -259.61, 13.93, -211.33, -0.0, -16.02, 295.56, -46.2, -18.46, 23.77, -0.0, -4.99, -109.87, 38.6, 18.21]}, {"B": [[-94, 76, -90, -12, -57, -25], [-31, 63, -20, 83, 94, 61], [36, -59, 58, -81, 72, 6], [0, -93, 52, -14, 58, -18], [55, -11, 16, -32, -2, -52], [-65, -58, 40, -97, -86, 77]], "G": [[26730, 1623, -16370, -14436, -5648, 2243], [1623, 24776, -5582, -3707, -8734, -13877], [-16370, -5582, 19922, 13705, 5693, 5529], [-14436, -3707, 13705, 15237, 3123, 2458], [-5648, -8734, 5693, 3123, 7134, -3025], [2243, -13877, 5529, 2458, -3025, 31923]], "The linear combination given by LLL": [0.0, 3.0, -2.0, 1.0, 6.0, 2.0], "The linear combination suggested by cube": [0.2581448554992676, 1.7183876037597656, -1.306051254272461, 1.0, 3.4224700927734375, 1.2023677825927734], "Shortest vector given by LLL": [35.0, 32.0, 52.0, 11.0, 12.0, -5.0], "Shortest vector given by cube": [-14.4715576171875, 4.550048828125, 21.50244140625, 5.170166015625, 0.5296630859375, -12.8544921875], "The difference of lincombs": [-0.2581448554992676, 1.2816123962402344, -0.6939487457275391, 0.0, 2.5775299072265625, 0.7976322174072266], "Diff impact analysis": [-6.26, -25.14, -16.12, 0.0, 37.93, 5.15, 10.26, 103.48, 17.79, 0.0, 310.52, 62.36, 6.45, 52.47, 27.93, 0.0, -128.78, -3.32, -0.0, -0.0, -0.0, -0.0, 0.0, -0.0, -36.6, -36.34, -28.62, -0.0, -13.29, -106.91, 13.38, -59.29, -22.14, -0.0, -176.81, 48.99]}, {"B": [[-52, 34, -36, -64, 16, 72], [-1, -40, -93, 17, 20, 17], [11, 32, -50, 4, 2, -6], [-31, 99, 49, 85, -49, 73], [37, 79, 87, 28, -86, -48], [63, 43, -55, 41, -92, -19]], "G": [[14692, 2496, 1660, 2246, -8994, -5298], [2496, 11228, 3365, -6780, -13348, 1866], [1660, 3365, 3701, 181, -1187, 4913], [2246, -6780, 181, 28118, 14027, 6215], [-8994, -13348, -1187, 14027, 25663, 10915], [-5298, 1866, 4913, 6215, 10915, 19349]], "The linear combination given by LLL": [0.0, -1.0, -1.0, 0.0, -1.0, 1.0], "The linear combination suggested by cube": [0.46807289123535156, 1.6780815124511719, -1.0, -0.1602778434753418, 1.2665081024169922, -0.44272375106811523], "Shortest vector given by LLL": [16.0, -28.0, 1.0, -8.0, -28.0, 18.0], "Shortest vector given by cube": [-13.08001708984375, -18.0592041015625, 3.77032470703125, -1.74237060546875, -21.28466796875, 4.1477203369140625], "The difference of lincombs": [-0.46807289123535156, -2.678081512451172, 0.0, 0.1602778434753418, -2.266510009765625, 1.4427242279052734], "Diff impact analysis": [-11.39, 42.62, 0.0, 4.8, 16.97, -48.62, -1.25, -286.88, 0.0, -7.3, 121.4, -65.68, -0.0, -0.0, -0.0, 0.0, -0.0, -0.0, 2.33, -42.49, 0.0, 2.18, 17.8, 16.88, 39.25, 479.52, -0.0, -10.17, -441.79, 156.96, -42.54, -166.14, -0.0, 9.48, 300.84, -39.55]}, {"B": [[31, 20, 29, 15, -15, 38], [72, 47, -91, -67, 99, 73], [48, -26, -24, 60, 84, 22], [55, 15, 86, 90, -50, 81], [-33, -72, -43, -82, 11, 83], [-41, -90, 82, -33, 1, -57]], "G": [[4096, 817, 748, 9677, -1951, -3369], [817, 35293, 10320, -8228, 10795, -16495], [748, 10320, 14696, 3168, -850, -4746], [9677, -8228, 3168, 27807, -7800, -4190], [-1951, 10795, -850, -7800, 21856, 2293], [-3369, -16495, -4746, -4190, 2293, 20844]], "The linear combination given by LLL": [-19.0, 4.0, -3.0, 8.0, -1.0, 1.0], "The linear combination suggested by cube": [-17.267181396484375, 4.0, -3.188213348388672, 7.432075500488281, -1.1214733123779297, 1.2659530639648438], "Shortest vector given by LLL": [-13.0, -12.0, -30.0, 36.0, 19.0, 12.0], "Shortest vector given by cube": [-6.44769287109375, 3.8411865234375, 2.959228515625, 0.77032470703125, 4.523490905761719, 2.4625244140625], "The difference of lincombs": [-1.732818603515625, 0.0, 0.18821334838867188, 0.5679244995117188, 0.12147331237792969, -0.26595306396484375], "Diff impact analysis": [93.08, -0.0, -9.46, -14.76, 3.16, 17.51, -0.0, 0.0, -0.0, -0.0, 0.0, -0.0, -15.65, -0.0, -0.85, 6.41, 1.92, -1.1, -54.13, 0.0, 9.19, 29.03, -3.45, -12.23, 6.95, -0.0, -0.98, -5.66, 0.16, -2.68, -18.89, 0.0, -4.1, 4.98, -0.03, -4.03]}, {"B": [[79, -40, -100, 34, -51, 30], [-90, 38, -77, 98, -91, -57], [85, -11, 19, 66, 52, -25], [-28, -1, -14, 76, -18, 64], [-30, 1, -86, 23, -67, 15], [-42, 54, 59, -11, 7, 39]], "G": [[22498, 5333, 4097, 4650, 10839, -10939], [5333, 36607, -6370, 8998, 16856, -2649], [4097, -6370, 15392, -155, -6536, -4380], [4650, 8998, -155, 11177, 5957, 1830], [10839, 16856, -6536, 5957, 13540, -3897], [-10939, -2649, -4380, 1830, -3897, 9852]], "The linear combination given by LLL": [2.0, 1.0, -1.0, 0.0, -3.0, 1.0], "The linear combination suggested by cube": [0.4555234909057617, 0.11938750743865967, 0.26120996475219727, -0.5130748748779297, 0.12635445594787598, 1.0], "Shortest vector given by LLL": [31.0, 20.0, 21.0, 20.0, -37.0, 22.0], "Shortest vector given by cube": [16.019775390625, 38.0819091796875, 5.5343017578125, -2.659942626953125, -12.743408203125, 8.388916015625], "The difference of lincombs": [1.5444755554199219, 0.8806123733520508, -1.261209487915039, 0.5130748748779297, -3.126354217529297, 0.0], "Diff impact analysis": [188.45, -54.4, 194.79, 26.94, 246.26, 0.0, -122.41, 29.47, 85.52, 44.28, 250.53, -0.0, -165.57, 12.22, 30.22, -42.71, 205.04, 0.0, -22.19, -0.45, 9.06, 20.01, 28.87, 0.0, 144.86, -2.75, -339.1, -36.89, -654.86, -0.0, -0.0, 0.0, -0.0, -0.0, -0.0, 0.0]}, {"B": [[55, 79, 100, 93, -74, -36], [-33, -93, -29, 82, 77, -3], [0, -18, 24, -48, -33, 69], [97, 19, -94, 9, -48, 27], [31, -33, 17, -46, 83, 52], [-62, -68, 71, 11, -20, 85]], "G": [[34687, -10026, -3528, 853, -11494, -2239], [-10026, 23241, -5706, -5281, 4016, 5418], [-3528, -5706, 9054, 417, 4059, 8925], [853, -5281, 417, 21720, -2212, -10626], [-11494, 4016, 4059, -2212, 14048, 3783], [-2239, 5418, 8925, -10626, 3783, 21255]], "The linear combination given by LLL": [0.0, -1.0, -3.0, 1.0, 1.0, 2.0], "The linear combination suggested by cube": [-0.6010837554931641, -2.0543441772460938, -4.901435852050781, 1.1451663970947266, 1.0, 2.9129867553710938], "Shortest vector given by LLL": [37.0, -3.0, 22.0, 47.0, 17.0, 45.0], "Shortest vector given by cube": [-3.790283203125, 22.46923828125, -1.990478515625, 7.26123046875, 17.815185546875, 20.126220703125], "The difference of lincombs": [0.6010837554931641, 1.0543441772460938, 1.9014358520507812, -0.14516639709472656, 0.0, -0.9129867553710938], "Diff impact analysis": [19.87, 50.07, 114.29, -8.11, -0.0, 19.76, -20.91, -103.38, -58.14, -12.55, 0.0, 2.89, 0.0, -36.09, 86.77, 13.25, -0.0, -119.78, -8.46, -2.91, 25.95, 0.19, 0.0, 3.58, 0.0, -0.0, 0.0, 0.0, 0.0, -0.0, 34.02, 65.46, -123.25, 1.46, 0.0, 70.85]}, {"B": [[25, -56, -57, 2, -27, 25], [97, -73, -42, 24, 14, 1], [2, 72, -64, -44, 32, -38], [95, 46, 9, 14