[{"B": [[-32, 33, -2, -20, -40, -44], [-7, -30, 1, 34, -16, -7], [16, -20, -3, -5, 41, 13], [-40, -46, -24, -49, 1, 10], [-4, -15, 36, 23, -18, 14], [3, -13, -46, 45, 12, -34]], "G": [[6053, -500, -3278, 310, -795, -317], [-500, 2411, -432, -116, 1486, 1899], [-3278, -432, 2540, 768, -543, 271], [310, -116, 768, 6794, -1019, -951], [-795, 1486, -543, -1019, 2586, -1130], [-317, 1899, 271, -951, -1130, 5619]], "lincomb_LLL": [-1.0, -4.0, -2.0, 1.0, 3.0, 2.0], "lincomb_cube": [-1.0, -0.8068828582763672, -1.5261726379394531, 0.26851844787597656, 0.09660160541534424, 0.35475778579711914], "sv_LLL": [-18.0, 10.0, -4.0, 4.0, -7.0, 30.0], "sv_cube": [3.1665611267089844, 3.3171920776367188, -13.513992309570312, 5.2253570556640625, -6.8761138916015625, 21.7838134765625], "lincomb_diff": [0.0, -3.193115234375, -0.4738273620605469, 0.7314815521240234, 2.9033966064453125, 1.645242691040039], "Diff impact": [0.0, 0.0, 0.0, 0.0, -0.0, -0.0, 0.0, 24582.52, -653.61, 270.94, -13776.53, -9976.3, 0.0, -653.61, 570.26, -266.19, 747.01, -211.26, 0.0, 270.94, -266.19, 3635.23, -2164.13, -1144.49, -0.0, -13776.53, 747.01, -2164.13, 21799.23, -5397.78, -0.0, -9976.3, -211.26, -1144.49, -5397.78, 15209.64]}, {"B": [[45, 30, -6, -44, 19, -25], [-22, 30, 4, -12, -38, -2], [-46, -45, -9, -34, -13, -37], [-4, 25, -10, 46, -15, 14], [28, 42, 1, -2, -16, 18], [10, 43, -47, -10, 19, -46]], "G": [[5883, -258, -1192, -2029, 1848, 3973], [-258, 2992, 602, 788, 1244, 372], [-1192, 602, 6916, -2738, -3577, -177], [-2029, 788, -2738, 3278, 1328, 116], [1848, 1244, -3577, 1328, 3133, 927], [3973, 372, -177, 116, 927, 6735]], "lincomb_LLL": [-2.0, -1.0, 0.0, -2.0, 2.0, 1.0], "lincomb_cube": [-0.338198184967041, -1.0, 0.8633527755737305, 0.14118051528930664, 1.5022239685058594, 0.06823098659515381], "sv_LLL": [6.0, -13.0, -17.0, -6.0, 17.0, 14.0], "sv_cube": [9.2467041015625, -9.439971923828125, -12.857421875, 0.3342761993408203, -4.506256103515625, 4.3888397216796875], "lincomb_diff": [-1.6618022918701172, 0.0, -0.8633527755737305, -2.1411819458007812, 0.4977760314941406, 0.9317693710327148], "Diff impact": [16246.42, 0.0, -1710.19, -7219.63, -1528.68, -6151.86, 0.0, 0.0, -0.0, -0.0, 0.0, 0.0, -1710.19, -0.0, 5155.03, -5061.45, 1537.24, 142.39, -7219.63, -0.0, -5061.45, 15028.52, -1415.42, -231.43, -1528.68, 0.0, 1537.24, -1415.42, 776.3, 429.95, -6151.86, 0.0, 142.39, -231.43, 429.95, 5847.29]}, {"B": [[9, -47, -11, -6, -6, 17], [-29, 25, -29, 31, -19, 40], [16, 1, -44, -28, 0, 11], [36, 47, -6, -11, -32, 37], [2, 34, 41, 34, 18, 14], [-10, -7, 49, 50, 37, -2]], "G": [[2772, -509, 936, -932, -2105, -856], [-509, 5229, 409, 2052, 875, -539], [936, 409, 3098, 1602, -2536, -3745], [-932, 2052, 1602, 6055, 992, -2791], [-2105, 875, -2536, 992, 4517, 4089], [-856, -539, -3745, -2791, 4089, 6423]], "lincomb_LLL": [1.0, 0.0, -1.0, -1.0, 2.0, -2.0], "lincomb_cube": [0.283994197845459, 0.018028467893600464, -1.0, -0.09235429763793945, 0.2742781639099121, -0.7584409713745117], "sv_LLL": [-19.0, -13.0, 23.0, 1.0, -12.0, 1.0], "sv_cube": [-9.158660888671875, -3.6031265258789062, 14.98919677734375, -0.72576904296875, -22.21649169921875, -3.5112991333007812], "lincomb_diff": [0.7160053253173828, -0.018028467893600464, 0.0, -0.9076461791992188, 1.7257213592529297, -1.2415580749511719], "Diff impact": [1421.1, 6.57, 0.0, 605.69, -2600.99, 760.95, 6.57, 1.7, -0.0, 33.58, -27.22, -12.06, 0.0, -0.0, 0.0, -0.0, -0.0, 0.0, 605.69, 33.58, -0.0, 4988.24, -1553.81, -3145.17, -2600.99, -27.22, -0.0, -1553.81, 13452.14, -8761.02, 760.95, -12.06, 0.0, -3145.17, -8761.02, 9900.84]}, {"B": [[14, 14, -33, 40, -11, 38], [-44, 42, -44, 1, -1, -32], [29, -3, 19, 40, -45, -33], [32, -14, 24, -31, -40, -28], [-15, 10, -38, 13, -42, -10], [48, 41, 6, -29, 47, 17]], "G": [[4646, 259, 578, -2404, 1786, 17], [259, 6662, -1097, -2147, 3127, -1274], [578, -1097, 5925, 2910, 1553, -2453], [-2404, -2147, 2910, 5141, 25, -351], [1786, 3127, 1553, 25, 3802, -3059], [17, -1274, -2453, -351, -3059, 7360]], "lincomb_LLL": [8.0, 6.0, -2.0, 7.0, -11.0, -4.0], "lincomb_cube": [8.974349975585938, 7.102424621582031, -2.0, 8.055999755859375, -12.842514038085938, -4.411369323730469], "sv_LLL": [-13.0, -2.0, -4.0, 2.0, -10.0, 24.0], "sv_cube": [-6.181884765625, 7.866943359375, 8.23101806640625, -2.682373046875, -6.00927734375, 7.6116943359375], "lincomb_diff": [-0.9743499755859375, -1.1024246215820312, 0.0, -1.055999755859375, 1.8425140380859375, 0.41136932373046875], "Diff impact": [4410.72, 278.2, -0.0, -2473.51, -3206.32, -6.81, 278.2, 8096.6, 0.0, -2499.45, -6351.67, 577.76, -0.0, 0.0, 0.0, -0.0, 0.0, -0.0, -2473.51, -2499.45, -0.0, 5732.91, -48.64, 152.48, -3206.32, -6351.67, 0.0, -48.64, 12907.25, -2318.58, -6.81, 577.76, -0.0, 152.48, -2318.58, 1245.49]}, {"B": [[14, -14, -41, 3, -31, 13], [-1, 42, 25, 24, -35, -23], [10, 22, -44, -39, 40, 42], [9, -46, 1, 7, 45, -2], [37, -47, 16, 6, 30, -4], [17, 50, -25, 36, -24, -37]], "G": [[3212, -769, 825, -671, -444, 934], [-769, 4720, -3488, -3277, -2425, 4013], [825, -3488, 7405, 477, -570, -1548], [-671, -3277, 477, 4276, 3911, -2926], [-444, -2425, -570, 3911, 4786, -2477], [934, 4013, -1548, -2926, -2477, 6655]], "lincomb_LLL": [0.0, 0.0, 0.0, -1.0, 1.0, 0.0], "lincomb_cube": [-0.7804956436157227, -1.8408546447753906, -0.44638872146606445, -1.9737300872802734, 1.0, 0.6201639175415039], "sv_LLL": [28.0, -1.0, 15.0, -1.0, -15.0, -2.0], "sv_cube": [16.229217529296875, -1.409637451171875, 4.1422271728515625, -14.603118896484375, -2.932159423828125, -9.5537109375], "lincomb_diff": [0.7804956436157227, 1.8408546447753906, 0.44638872146606445, 0.9737300872802734, 0.0, -0.6201639175415039], "Diff impact": [1956.67, -1104.88, 287.43, -509.95, -0.0, -452.09, -1104.88, 15994.88, -2866.22, -5874.01, -0.0, -4581.37, 287.43, -2866.22, 1475.54, 207.33, -0.0, 428.54, -509.95, -5874.01, 207.33, 4054.29, 0.0, 1766.93, -0.0, -0.0, -0.0, 0.0, 0.0, 0.0, -452.09, -4581.37, 428.54, 1766.93, 0.0, 2559.53]}, {"B": [[-30, 6, 36, -21, -28, 32], [-40, -44, -32, -25, 30, -33], [-24, 38, -7, -39, 49, -27], [18, -16, -19, 20, 17, -13], [-36, -25, -49, -48, 1, -4], [-15, -10, -16, -49, -13, -43]], "G": [[4481, -1587, -721, -2632, 18, -169], [-1587, 7174, 2848, 1031, 5470, 3806], [-721, 2848, 6720, -503, 2286, 2527], [-2632, 1031, -503, 1799, -208, -448], [18, 5470, 2286, -208, 6643, 4085], [-169, 3806, 2527, -448, 4085, 5000]], "lincomb_LLL": [4.0, -1.0, 1.0, 7.0, 0.0, 1.0], "lincomb_cube": [2.355785369873047, -1.0, 0.6541910171508789, 4.397125244140625, 0.3488497734069824, 0.6191701889038086], "sv_LLL": [7.0, -16.0, 20.0, -7.0, 13.0, 0.0], "sv_cube": [10.927902221679688, -2.2730484008789062, 1.6831207275390625, -9.1265869140625, 3.1440582275390625, 5.53961181640625], "lincomb_diff": [1.6442146301269531, 0.0, 0.3458089828491211, 2.602874755859375, -0.3488497734069824, 0.3808298110961914], "Diff impact": [12114.12, -0.0, -409.95, -11264.13, -10.32, -105.82, -0.0, 0.0, 0.0, 0.0, -0.0, 0.0, -409.95, 0.0, 803.6, -452.75, -275.77, 332.79, -11264.13, 0.0, -452.75, 12188.15, 188.87, -444.08, -10.32, -0.0, -275.77, 188.87, 808.43, -542.7, -105.82, 0.0, 332.79, -444.08, -542.7, 725.16]}, {"B": [[45, 31, 15, 50, 46, 39], [23, -28, 30, 39, 41, -31], [4, -4, 11, 8, 11, 11], [-7, -42, -7, 4, -16, -4], [-30, -7, -32, -11, -6, -3], [38, 50, 6, -17, -27, -48]], "G": [[9348, 3244, 1556, -2414, -2990, -614], [3244, 6376, 956, 429, -2036, -628], [1556, 956, 459, -125, -631, -943], [-2414, 429, -125, 2150, 792, -1852], [-2990, -2036, -631, 792, 2139, -1189], [-614, -628, -943, -1852, -1189, 7302]], "lincomb_LLL": [0.0, 1.0, -33.0, -4.0, -11.0, -7.0], "lincomb_cube": [0.3027501106262207, 1.0, -36.53076171875, -4.07598876953125, -12.124786376953125, -7.614311218261719], "sv_LLL": [-17.0, -1.0, 5.0, -1.0, -3.0, -9.0], "sv_cube": [-6.5673828125, 2.85791015625, 3.54217529296875, 8.4033203125, -3.361083984375, -2.8662109375], "lincomb_diff": [-0.3027501106262207, 0.0, 3.53076171875, 0.07598876953125, 1.124786376953125, 0.6143112182617188], "Diff impact": [856.82, -0.0, -1663.27, 55.54, 1018.18, 114.19, -0.0, 0.0, 0.0, 0.0, -0.0, -0.0, -1663.27, 0.0, 5722.02, -33.54, -2505.92, -2045.35, 55.54, 0.0, -33.54, 12.41, 67.69, -86.45, 1018.18, -0.0, -2505.92, 67.69, 2706.14, -821.56, 114.19, -0.0, -2045.35, -86.45, -821.56, 2755.62]}, {"B": [[-12, 17, -20, 34, -12, -22], [-15, 36, 12, 33, 1, -38], [5, -31, -25, -14, -3, -16], [-22, -10, -30, 25, 21, -10], [28, 29, 2, 45, 0, -15], [-46, -10, -28, -7, -15, 22]], "G": [[2617, 2498, -175, 1512, 1977, 400], [2498, 4199, -1348, 836, 2703, -1088], [-175, -1348, 2072, 697, -1199, 571], [1512, 836, 697, 2650, 309, 1242], [1977, 2703, -1199, 309, 3879, -2279], [400, -1088, 571, 1242, -2279, 3758]], "lincomb_LLL": [-261.0, 125.0, 127.0, -21.0, 182.0, 162.0], "lincomb_cube": [-258.3037109375, 123.8214111328125, 125.8707275390625, -21.0, 180.210693359375, 160.444091796875], "sv_LLL": [-2.0, -6.0, 3.0, 4.0, 5.0, 4.0], "sv_cube": [-0.8515625, -3.91796875, 3.15625, 2.96875, -1.80859375, 0.14453125], "lincomb_diff": [-2.6962890625, 1.1785888671875, 1.1292724609375, 0.0, 1.789306640625, 1.555908203125], "Diff impact": [19025.52, -7938.19, 532.85, -0.0, -9538.01, -1678.07, -7938.19, 5832.71, -1794.12, 0.0, 5700.24, -1995.15, 532.85, -1794.12, 2642.33, 0.0, -2422.72, 1003.27, -0.0, 0.0, 0.0, 0.0, 0.0, 0.0, -9538.01, 5700.24, -2422.72, 0.0, 12419.08, -6344.73, -1678.07, -1995.15, 1003.27, 0.0, -6344.73, 9097.56]}, {"B": [[-43, -9, 26, -28, -25, -41], [14, 10, 1, 3, 37, 4], [-21, 11, 34, -1, -25, -18], [-20, 40, -48, 43, -49, 47], [33, 33, 0, 37, 49, 11], [-50, 44, -22, 20, 31, 22]], "G": [[5696, -1839, 3079, -2654, -4428, -1055], [-1839, 1691, -1150, -1424, 2760, 1013], [3079, -1150, 2668, -436, -1790, -405], [-2654, -1424, -436, 10763, 367, 4191], [-4428, 2760, -1790, 367, 6069, 2303], [-1055, 1013, -405, 4191, 2303, 6765]], "lincomb_LLL": [1.0, -1.0, -1.0, 0.0, 1.0, 0.0], "lincomb_cube": [1.0, 1.4287662506103516, -0.44797658920288086, 0.6065092086791992, 0.09854233264923096, -0.49410104751586914], "sv_LLL": [-3.0, 3.0, -9.0, 7.0, 12.0, -16.0], "sv_cube": [2.236968994140625, 6.131744384765625, -6.0446319580078125, -3.4217758178710938, -1.14373779296875, -8.50164794921875], "lincomb_diff": [0.0, -2.4287643432617188, -0.5520229339599609, -0.6065092086791992, 0.9014577865600586, 0.49410104751586914], "Diff impact": [0.0, 0.0, -0.0, 0.0, -0.0, -0.0, 0.0, 9975.03, -1541.84, -2097.65, -6042.82, -1215.66, -0.0, -1541.84, 813.02, -145.98, 890.75, 110.47, 0.0, -2097.65, -145.98, 3959.21, -200.65, -1255.95, -0.0, -6042.82, 890.75, -200.65, 4931.83, 1025.78, -0.0, -1215.66, 110.47, -1255.95, 1025.78, 1651.58]}, {"B": [[-49, -39, -25, 41, -50, 34], [34, -36, 38, 48, 40, 50], [50, 25, -19, 39, -25, -21], [-45, -49, -24, 38, 17, 45], [7, 7, -18, -32, 48, 31], [-34, -19, 21, 27, 39, -48]], "G": [[9884, 456, -815, 6954, -2824, -593], [456, 10300, -100, 4076, 1236, 782], [-815, -100, 6073, -2907, -2232, -1488], [6954, 4076, -2907, 8760, 769, 1486], [-2824, 1236, -2232, 769, 4711, -1229], [-593, 782, -1488, 1486, -1229, 6512]], "lincomb_LLL": [10.0, 2.0, 1.0, -10.0, 9.0, 5.0], "lincomb_cube": [8.275955200195312, 1.7702293395996094, 1.0, -8.404983520507812, 7.408195495605469, 4.085655212402344], "sv_LLL": [-29.0, 21.0, -10.0, 12.0, 12.0, 8.0], "sv_cube": [-4.164794921875, 24.583984375, -4.4593505859375, 17.146484375, 4.060302734375, 4.212158203125], "lincomb_diff": [1.7240447998046875, 0.22977066040039062, 0.0, -1.5950164794921875, 1.5918045043945312, 0.9143447875976562], "Diff impact": [29378.51, 180.64, -0.0, -19122.66, -7750.02, -934.79, 180.64, 543.78, -0.0, -1493.81, 452.07, 164.29, -0.0, -0.0, 0.0, 0.0, -0.0, -0.0, -19122.66, -1493.81, 0.0, 22286.12, -1952.46, -2167.17, -7750.02, 452.07, -0.0, -1952.46, 11936.93, -1788.76, -934.79, 164.29, -0.0, -2167.17, -1788.76, 5444.2]}, {"B": [[-15, -13, -17, 34, -46, -25], [-1, -1, 4, 37, 36, -4], [37, -2, 33, 39, -46, 43], [-25, -44, 1, -43, 29, -25], [-7, -11, -4, 23, 22, -35], [13, 3, 12, -24, -31, 22]], "G": [[4580, -338, 1277, -1241, 961, -378], [-338, 2699, -288, -374, 1785, -2060], [1277, -288, 7948, -4890, -1989, 2307], [-1241, -374, -4890, 5877, 1179, -862], [961, 1785, -1989, 1179, 2424, -2176], [-378, -2060, 2307, -862, -2176, 2343]], "lincomb_LLL": [0.0, 0.0, 0.0, 0.0, 1.0, 1.0], "lincomb_cube": [0.36837148666381836, 1.7855949401855469, -0.8415927886962891, -0.2248363494873047, 1.0, 3.3040199279785156], "sv_LLL": [6.0, -8.0, 8.0, -1.0, -9.0, -13.0], "sv_cube": [3.123046875, 3.9136199951171875, 8.53094482421875, -0.8590087890625, -0.895263671875, -9.230712890625], "lincomb_diff": [-0.36837148666381836, -1.7855949401855469, 0.8415927886962891, 0.2248363494873047, 0.0, -2.3040199279785156], "Diff impact": [621.49, -222.32, -395.89, 102.78, -0.0, -320.82, -222.32, 8605.35, 432.79, 150.15, -0.0, -8474.94, -395.89, 432.79, 5629.4, -925.29, -0.0, -4473.38, 102.78, 150.15, -925.29, 297.09, 0.0, 446.54, -0.0, -0.0, -0.0, 0.0, 0.0, 0.0, -320.82, -8474.94, -4473.38, 446.54, 0.0, 12437.83]}, {"B": [[42, -17, -26, 35, -6, -35], [-28, 20, -46, 32, -24, -6], [-28, -42, 27, 30, 39, -37], [-1, -13, -11, 24, 2, -16], [0, -32, -8, 32, -29, -27], [50, -2, -4, 17, 7, -40]], "G": [[5215, 1154, 947, 1853, 2991, 4191], [1154, 4936, -1052, 1090, 1610, -640], [947, -1052, 7067, 1667, 1956, 839], [1853, 1090, 1667, 1127, 1646, 1082], [2991, 1610, 1956, 1646, 3682, 1517], [4191, -640, 839, 1082, 1517, 4458]], "lincomb_LLL": [1.0, 1.0, 1.0, -4.0, 0.0, 0.0], "lincomb_cube": [1.0, 0.2963690757751465, 0.47908735275268555, -2.1015701293945312, -0.06995511054992676, -0.45384836196899414], "sv_LLL": [-10.0, 13.0, -1.0, 1.0, 1.0, -14.0], "sv_cube": [-0.303619384765625, -0.7276105880737305, -1.2053203582763672, -1.5352249145507812, 0.220184326171875, -0.8365478515625], "lincomb_diff": [0.0, 0.7036304473876953, 0.5209121704101562, -1.8984298706054688, 0.06995511054992676, 0.45384836196899414], "Diff impact": [0.0, 0.0, 0.0, -0.0, 0.0, 0.0, 0.0, 2443.79, -385.59, -1456.01, 79.25, -204.38, 0.0, -385.59, 1917.63, -1648.52, 71.28, 198.35, -0.0, -1456.01, -1648.52, 4061.75, -218.6, -932.25, 0.0, 79.25, 71.28, -218.6, 18.02, 48.16, 0.0, -204.38, 198.35, -932.25, 48.16, 918.25]}, {"B": [[-43, 48, 2, 17, 32, -6], [-44, -19, -9, -42, -3, 25], [-42, 2, 15, -15, 10, 29], [-44, -32, 19, -32, -29, 33], [28, 33, 42, -16, -15, -9], [-11, 27, 14, -10, 28, 47]], "G": [[5506, 2, 1823, -1276, -234, 2241], [2, 4776, 3000, 4629, -1745, 1356], [1823, 3000, 3159, 3216, -651, 2519], [-1276, 4629, 3216, 6275, -840, 945], [-234, -1745, -651, -840, 4199, 488], [2241, 1356, 2519, 945, 488, 4139]], "lincomb_LLL": [1.0, 1.0, -3.0, 1.0, 0.0, 1.0], "lincomb_cube": [0.13504433631896973, 1.0, -0.6972112655639648, -0.3313865661621094, 0.24047446250915527, 0.07089900970458984], "sv_LLL": [-16.0, 18.0, -19.0, -22.0, -2.0, 12.0], "sv_cube": [0.010386466979980469, 6.5420074462890625, -14.391921997070312, -23.1982421875, 2.337574005126953, -5.797172546386719], "lincomb_diff": [0.8649559020996094, 0.0, -2.3027877807617188, 1.3313865661621094, -0.24047446250915527, 0.9291009902954102], "Diff impact": [4119.31, 0.0, -3631.07, -1469.43, 48.67, 1800.94, 0.0, 0.0, -0.0, 0.0, 0.0, 0.0, -3631.07, -0.0, 16751.64, -9859.94, -360.5, -5389.46, -1469.43, 0.0, -9859.94, 11123.0, 268.94, 1168.96, 48.67, 0.0, -360.5, 268.94, 242.82, -109.03, 1800.94, 0.0, -5389.46, 1168.96, -109.03, 3572.9]}, {"B": [[-43, -15, -44, 36, -44, 49], [-27, -39, -18, -28, -50, -11], [-3, -46, -39, -4, -43, -32], [-42, -12, -39, 38, -13, -8], [-22, -50, 35, -13, -23, 14], [18, -11, 15, -45, -30, 50]], "G": [[9643, 3191, 2715, 5250, 1386, 881], [3191, 5979, 5191, 1978, 3274, 1883], [2715, 5191, 6535, 2862, 1594, -263], [5250, 1978, 2862, 5106, -148, -2929], [1386, 3274, 1594, -148, 5103, 2654], [881, 1883, -263, -2929, 2654, 6095]], "lincomb_LLL": [2.0, 2.0, -1.0, -4.0, 0.0, -3.0], "lincomb_cube": [0.6463212966918945, 1.4316082000732422, -1.0, -1.2906723022460938, -0.2527012825012207, -1.0890636444091797], "sv_LLL": [-23.0, 19.0, 26.0, 3.0, -3.0, -10.0], "sv_cube": [-23.280792236328125, 20.57525634765625, 9.948638916015625, -9.57000732421875, -1.7557373046875, 0.25640869140625], "lincomb_diff": [1.3536796569824219, 0.5683917999267578, 0.0, -2.7093276977539062, 0.2527012825012207, -1.9109363555908203], "Diff impact": [17670.3, 2455.22, 0.0, -19254.7, 474.12, -2278.97, 2455.22, 1931.63, 0.0, -3046.04, 470.26, -2045.24, 0.0, 0.0, 0.0, -0.0, 0.0, 0.0, -19254.7, -3046.04, -0.0, 37480.37, 101.33, -15164.47, 474.12, 470.26, 0.0, 101.33, 325.87, -1281.61, -2278.97, -2045.24, 0.0, -15164.47, -1281.61, 22256.98]}, {"B": [[34, -38, 18, 26, -14, -18], [-8, 48, 3, -49, -16, -42], [-28, 45, 25, -45, -12, -18], [-30, -42, 39, 43, -10, 2], [-49, -42, -30, 7, -24, -5], [-20, 23, 49, -6, -11, -32]], "G": [[4120, -2336, -2890, 2500, -2, -98], [-2336, 6798, 5612, -3690, -1463, 3225], [-2890, 5612, 5927, -1926, -1205, 3798], [2500, -3690, -1926, 6138, 2595, 1333], [-2, -1463, -1205, 2595, 5715, -1074], [-98, 3225, 3798, 1333, -1074, 4511]], "lincomb_LLL": [1.0, -7.0, 1.0, -7.0, 3.0, 7.0], "lincomb_cube": [1.0, -5.15972900390625, 0.850346565246582, -5.281028747558594, 2.2117233276367188, 5.081695556640625], "sv_LLL": [-15.0, 0.0, 2.0, 2.0, 7.0, 5.0], "sv_cube": [-0.109375, -1.6114501953125, 0.470947265625, -1.53131103515625, 2.18182373046875, -0.83251953125], "lincomb_diff": [0.0, -1.84027099609375, 0.14965343475341797, -1.7189712524414062, 0.7882766723632812, 1.918304443359375], "Diff impact": [0.0, 0.0, -0.0, -0.0, -0.0, -0.0, 0.0, 23022.09, -1545.56, -11672.85, 2122.29, -11384.9, -0.0, -1545.56, 132.74, 495.46, -142.15, 1090.33, -0.0, -11672.85, 495.46, 18136.94, -3516.29, -4395.58, -0.0, 2122.29, -142.15, -3516.29, 3551.19, -1624.05, -0.0, -11384.9, 1090.33, -4395.58, -1624.05, 16599.99]}, {"B": [[-27, -12, -11, 3, -24, -37], [-21, -11, -47, 17, -22, -34], [2, 31, -17, 36, 13, -37], [-22, -38, 9, 28, 2, 16], [40, 4, -44, 47, -12, 10], [-9, -18, 5, -27, 8, 50]], "G": [[2948, 3053, 926, 395, -585, -1719], [3053, 4700, 2000, 345, 1907, -2183], [926, 2000, 4088, -933, 2118, -3379], [395, 345, -933, 3053, 24, 987], [-585, 1907, 2118, 24, 6005, -1517], [-1719, -2183, -3379, 987, -1517, 3723]], "lincomb_LLL": [0.0, 0.0, 1.0, 0.0, 0.0, 1.0], "lincomb_cube": [2.054943084716797, -1.350515365600586, 1.0, -0.2620110511779785, 0.6285915374755859, 1.3901290893554688], "sv_LLL": [-7.0, 13.0, -12.0, 9.0, 21.0, 13.0], "sv_cube": [-6.72589111328125, 8.644775390625, 0.8044052124023438, 3.88006591796875, -3.5533599853515625, 4.4849853515625], "lincomb_diff": [-2.054943084716797, 1.350515365600586, 0.0, 0.2620110511779785, -0.6285915374755859, -0.39012908935546875], "Diff impact": [12448.79, -8472.78, -0.0, -212.68, -755.66, -1378.11, -8472.78, 8572.29, 0.0, 122.08, -1618.9, 1150.17, -0.0, 0.0, 0.0, -0.0, -0.0, 0.0, -212.68, 122.08, -0.0, 209.59, -3.95, -100.89, -755.66, -1618.9, -0.0, -3.95, 2372.74, -372.02, -1378.11, 1150.17, 0.0, -100.89, -372.02, 566.64]}, {"B": [[-44, 7, 7, 26, 34, 15], [20, 1, 31, 2, -36, -25], [-39, -19, 45, 38, -3, 34], [-38, 10, 16, -42, 40, -39], [-20, 9, -20, -40, -13, -24], [-2, -26, 50, -43, 12, -23]], "G": [[4091, -2203, 3294, 1537, -1039, -799], [-2203, 3287, -70, -803, -23, 1541], [3294, -70, 6516, -1030, -2588, 370], [1537, -803, -1030, 6685, 2626, 3799], [-1039, -23, -2588, 2626, 3226, 922], [-799, 1541, 370, 3799, 922, 5702]], "lincomb_LLL": [-6.0, -2.0, 3.0, 4.0, -2.0, -3.0], "lincomb_cube": [-8.286605834960938, -2.0, 4.2077484130859375, 5.9396514892578125, -2.88958740234375, -4.383796691894531], "sv_LLL": [1.0, -1.0, -15.0, -5.0, 9.0, 23.0], "sv_cube": [1.3610992431640625, 7.415283203125, 2.978759765625, -4.935791015625, 0.17706298828125, 7.2952880859375], "lincomb_diff": [2.2866058349609375, 0.0, -1.2077484130859375, -1.9396514892578125, 0.88958740234375, 1.3837966918945312], "Diff impact": [21390.06, -0.0, -9096.86, -6816.93, -2113.47, -2528.19, -0.0, 0.0, 0.0, 0.0, -0.0, 0.0, -9096.86, 0.0, 9504.6, -2412.89, 2780.54, -618.37, -6816.93, 0.0, -2412.89, 25150.63, -4531.14, -10196.83, -2113.47, -0.0, 2780.54, -4531.14, 2552.95, 1134.99, -2528.19, 0.0, -618.37, -10196.83, 1134.99, 10918.72]}, {"B": [[18, 40, -32, 40, -45, -26], [-42, -4, 39, 4, 16, 41], [30, 35, -1, 6, 43, -40], [14, 31, -21, -28, -2, -20], [12, 16, -43, -30, -44, -16], [-35, 28, -15, 8, -7, -10]], "G": [[7249, -3790, 1317, 1654, 3428, 1865], [-3790, 5254, -2367, -2495, -3725, 283], [1317, -2367, 5611, 2072, -469, 92], [1654, -2495, 2072, 2786, 2815, 683], [3428, -3725, -469, 2815, 5341, 901], [1865, 283, 92, 683, 901, 2447]], "lincomb_LLL": [1.0, -4.0, -6.0, 9.0, -9.0, 1.0], "lincomb_cube": [1.0451927185058594, -5.09429931640625, -7.415252685546875, 11.087844848632812, -10.88751220703125, 1.0], "sv_LLL": [-11.0, 9.0, 1.0, 14.0, 4.0, 4.0], "sv_cube": [-0.10400390625, 0.17431640625, -4.390625, 1.10498046875, 2.4765625, 3.012451171875], "lincomb_diff": [-0.045192718505859375, 1.09429931640625, 1.415252685546875, -2.0878448486328125, 1.88751220703125, 0.0], "Diff impact": [14.81, 187.43, -84.23, 156.06, -292.41, -0.0, 187.43, 6291.62, -3665.8, 5700.39, -7694.0, 0.0, -84.23, -3665.8, 11238.5, -6122.4, -1252.84, 0.0, 156.06, 5700.39, -6122.4, 12144.44, -11093.44, -0.0, -292.41, -7694.0, -1252.84, -11093.44, 19028.39, 0.0, -0.0, 0.0, 0.0, -0.0, 0.0, 0.0]}, {"B": [[-10, -30, 37, 48, -7, 6], [5, -42, -36, 2, 22, 16], [42, 35, -44, 15, -2, 49], [27, 45, -6, 28, -19, 16], [43, 12, -14, -12, 42, 4], [1, 7, -50, -23, -9, 31]], "G": [[4758, -84, -2070, -269, -2154, -2925], [-84, 3829, 1094, -1645, 1179, 1763], [-2070, 1094, 7555, 4215, 2774, 3679], [-269, -1645, 4215, 4191, 715, 665], [-2154, 1179, 2774, 715, 4113, 849], [-2925, 1763, 3679, 665, 849, 4121]], "lincomb_LLL": [-6.0, 1.0, 11.0, -8.0, -7.0, -12.0], "lincomb_cube": [-8.082656860351562, 1.0, 14.992523193359375, -11.084686279296875, -9.439620971679688, -15.815750122070312], "sv_LLL": [-2.0, -5.0, 4.0, 15.0, 8.0, -9.0], "sv_cube": [-5.4944610595703125, 2.421142578125, -5.279296875, 5.58642578125, 5.08056640625, -3.26318359375], "lincomb_diff": [2.0826568603515625, 0.0, -3.992523193359375, 3.084686279296875, 2.4396209716796875, 3.8157501220703125], "Diff impact": [20637.63, -0.0, 17212.17, -1728.15, -10944.24, -23244.68, -0.0, 0.0, -0.0, -0.0, 0.0, 0.0, 17212.17, -0.0, 120428.52, -51910.6, -27019.43, -56047.62, -1728.15, -0.0, -51910.6, 39878.58, 5380.71, 7827.31, -10944.24, 0.0, -27019.43, 5380.71, 24479.55, 7903.33, -23244.68, 0.0, -56047.62, 7827.31, 7903.33, 60001.55]}, {"B": [[-33, 39, -31, -38, 41, 2], [30, 13, 31, 43, 1, 0], [35, 12, 33, 19, 4, -19], [-38, -9, -9, 47, -12, 28], [-25, 8, 8, 2, -13, -27], [-35, -16, -25, 30, -12, 29]], "G": [[6700, -3037, -2306, -1040, 226, -268], [-3037, 3880, 3050, 473, -325, -755], [-2306, 3050, 3196, -1422, -16, -2271], [-1040, 473, -1422, 4743, 300, 4065], [226, -325, -16, 300, 1655, -20], [-268, -755, -2271, 4065, -20, 3991]], "lincomb_LLL": [0.0, -1.0, 2.0, -1.0, 0.0, 2.0], "lincomb_cube": [0.017616748809814453, 0.8623695373535156, -0.6911191940307617, -1.0, 0.3510923385620117, 0.791356086730957], "sv_LLL": [8.0, -12.0, -6.0, 8.0, -5.0, -8.0], "sv_cube": [2.625823974609375, 2.7514801025390625, -4.594757080078125, 0.72406005859375, -3.2403030395507812, -1.3636474609375], "lincomb_diff": [-0.017616748809814453, -1.8623695373535156, 2.691120147705078, 0.0, -0.3510923385620117, 1.2086448669433594], "Diff impact": [2.08, -99.64, 109.32, 0.0, 1.4, 5.71, -99.64, 13457.47, -15286.17, -0.0, -212.51, 1699.46, 109.32, -15286.17, 23145.84, -0.0, 15.12, -7386.67, 0.0, -0.0, -0.0, 0.0, -0.0, 0.0, 1.4, -212.51, 15.12, -0.0, 204.0, 8.49, 5.71, 1699.46, -7386.67, 0.0, 8.49, 5830.14]}, {"B": [[-10, 43, -25, 16, 44, -22], [-29, 1, -29, -1, -37, -31], [-43, 32, 38, -4, -23, 48], [-2, -26, -18, -7, -18, -23], [-43, -37, 0, -19, 39, 25], [-34, 31, -34, 8, -17, -46]], "G": [[5250, 96, -1276, -1046, -299, 2915], [96, 4014, -456, 1940, -989, 4050], [-1276, -456, 7166, -2092, 1044, -687], [-1046, 1940, -2092, 1906, -96, 1182], [-299, -989, 1044, -96, 5725, -1650], [2915, 4050, -687, 1182, -1650, 5742]], "lincomb_LLL": [6.0, -3.0, 5.0, 14.0, -2.0, -4.0], "lincomb_cube": [4.6728668212890625, -3.0, 3.9825286865234375, 11.522415161132812, -1.5562553405761719, -2.5988731384277344], "sv_LLL": [6.0, 1.0, 11.0, -13.0, -2.0, 13.0], "sv_cube": [1.2581787109375, 2.807373046875, 2.47265625, -10.043243408203125, 1.09161376953125, -3.015380859375], "lincomb_diff": [1.3271331787109375, 0.0, 1.0174713134765625, 2.4775848388671875, -0.4437446594238281, -1.4011268615722656], "Diff impact": [9246.73, 0.0, -1723.01, -3439.34, 176.08, -5420.39, 0.0, 0.0, -0.0, 0.0, 0.0, -0.0, -1723.01, -0.0, 7418.59, -5273.66, -471.36, 979.39, -3439.34, 0.0, -5273.66, 11699.84, 105.54, -4103.21, 176.08, 0.0, -471.36, 105.54, 1127.31, -1025.88, -5420.39, -0.0, 979.39, -4103.21, -1025.88, 11272.44]}, {"B": [[28, -24, 46, -7, 2, -48], [19, -10, 37, -1, 32, -49], [-4, 44, 1, -22, -4, 36], [-37, -23, -22, -37, -13, 20], [-3, 35, 12, -47, 20, 24], [7, -23, -8, 0, 19, -42]], "G": [[5833, 4897, -2704, -2223, -1155, 2434], [4897, 5256, -2349, -2646, -452, 2733], [-2704, -2349, 3749, 700, 3382, -2636], [-2223, -2646, 700, 4320, 1001, -641], [-1155, -452, 3382, 1001, 4563, -1550], [2434, 2733, -2636, -641, -1550, 2767]], "lincomb_LLL": [0.0, 1.0, 3.0, 1.0, -2.0, 1.0], "lincomb_cube": [-0.29576730728149414, 1.0, 1.0681629180908203, 0.4820408821105957, -0.909942626953125, -0.10800337791442871], "sv_LLL": [-17.0, 6.0, -14.0, -10.0, -14.0, -11.0], "sv_cube": [-9.415847778320312, 3.6467056274414062, 3.802703857421875, 2.50262451171875, 0.618377685546875, -4.010963439941406], "lincomb_diff": [0.29576730728149414, 0.0, 1.9318370819091797, 0.5179595947265625, -1.090057373046875, 1.1080036163330078], "Diff impact": [510.26, 0.0, -1545.0, -340.55, 372.38, 797.65, 0.0, 0.0, -0.0, -0.0, 0.0, 0.0, -1545.0, -0.0, 13991.25, 700.43, -7121.86, -5642.31, -340.55, -0.0, 700.43, 1158.98, -565.17, -367.87, 372.38, 0.0, -7121.86, -565.17, 5421.87, 1872.07, 797.65, 0.0, -5642.31, -367.87, 1872.07, 3396.97]}, {"B": [[-1, -43, 9, 27, -32, -10], [47, -1, 6, 2, 9, 7], [-41, -49, -36, 27, -26, 2], [37, -19, -1, -33, 19, -44], [-24, -49, 15, -44, 26, -40], [30, 44, 43, 28, -10, 16]], "G": [[3784, -254, 3365, -288, 646, -619], [-254, 2380, -2260, 1549, -1123, 1702], [3365, -2260, 6787, -2023, 901, -3886], [-288, 1549, -2023, 5117, 3734, -1587], [646, -1123, 901, 3734, 7414, -4363], [-619, 1702, -3886, -1587, -4363, 5825]], "lincomb_LLL": [1.0, 1.0, -1.0, -1.0, 0.0, -1.0], "lincomb_cube": [-0.956517219543457, 1.0, 1.1761016845703125, -0.09287989139556885, 0.6325502395629883, 0.8392562866210938], "sv_LLL": [20.0, -20.0, 9.0, 7.0, -6.0, 23.0], "sv_cube": [6.296295166015625, -9.8017578125, 0.7208251953125, 6.660797119140625, 15.318923950195312, 11.13018798828125], "lincomb_diff": [1.9565162658691406, 0.0, -2.1761016845703125, -0.9071197509765625, -0.6325502395629883, -1.8392562866210938], "Diff impact": [14484.99, -0.0, -14326.75, 511.14, -799.49, 2227.49, -0.0, 0.0, 0.0, -0.0, 0.0, -0.0, -14326.75, 0.0, 32139.29, -3993.37, 1240.22, -15553.36, 511.14, -0.0, -3993.37, 4210.61, 2142.56, -2647.79, -799.49, 0.0, 1240.22, 2142.56, 2966.49, -5076.01, 2227.49, -0.0, -15553.36, -2647.79, -5076.01, 19705.18]}, {"B": [[28, 34, -29, -22, 8, 15], [-36, 23, 28, 26, -20, 49], [-48, 18, -48, -38, 44, 28], [41, 26, 1, -34, -6, 5], [7, 10, 15, -2, -41, -13], [37, 48, -28, 41, -1, 47]], "G": [[3554, -1035, 2268, 2778, -378, 3275], [-1035, 6086, 302, -1369, 529, 2377], [2268, 302, 9096, -380, -2968, 146], [2778, -1369, -380, 3575, 811, 1584], [-378, 529, -2968, 811, 2228, -333], [3275, 2377, 146, 1584, -333, 8348]], "lincomb_LLL": [-8.0, -2.0, 3.0, 4.0, 2.0, 3.0], "lincomb_cube": [-10.020751953125, -2.282684326171875, 3.3870162963867188, 5.2187652587890625, 2.0, 3.6115074157714844], "sv_LLL": [-7.0, 4.0, -18.0, -7.0, -1.0, 1.0], "sv_cube": [0.6142578125, -3.200439453125, -1.7935791015625, -0.966064453125, -2.4076499938964844, 2.508056640625], "lincomb_diff": [2.020751953125, 0.282684326171875, -0.38701629638671875, -1.2187652587890625, 0.0, -0.6115074157714844], "Diff impact": [14512.54, -591.23, -1773.72, -6841.72, -0.0, -4046.93, -591.23, 486.33, -33.04, 471.66, 0.0, -410.9, -1773.72, -33.04, 1362.41, -179.24, 0.0, 34.55, -6841.72, 471.66, -179.24, 5310.26, -0.0, 1180.53, -0.0, 0.0, 0.0, -0.0, 0.0, 0.0, -4046.93, -410.9, 34.55, 1180.53, 0.0, 3121.66]}, {"B": [[33, 5, 49, 40, 22, -47], [-23, -26, 5, -18, -1, -32], [0, 36, 22, 48, -8, -36], [-6, -36, -38, 21, 46, 49], [13, 49, 22, -28, -39, 22], [-16, 23, 3, -16, -31, -27]], "G": [[7808, 118, 4694, -2691, -1260, -319], [118, 2579, -530, -1108, -1624, 968], [4694, -530, 5444, -3256, 424, 1346], [-2691, -1108, -3256, 7734, -3982, -3931], [-1260, -1624, 424, -3982, 5843, 2048], [-319, 968, 1346, -3931, 2048, 2740]], "lincomb_LLL": [1.0, 1.0, 0.0, 2.0, 1.0, 2.0], "lincomb_cube": [-0.2066965103149414, 1.0, 0.5559320449829102, 0.21743321418762207, 0.6230916976928711, -0.8042268753051758], "sv_LLL": [-21.0, 2.0, 6.0, 4.0, 12.0, -13.0], "sv_cube": [-10.157760620117188, -2.813262939453125, 10.13525390625, 0.4040679931640625, 0.637603759765625, 3.77752685546875], "lincomb_diff": [1.206695556640625, 0.0, -0.5559320449829102, 1.7825660705566406, 0.3769083023071289, 2.8042259216308594], "Diff impact": [11369.34, 0.0, -3148.93, -5788.38, -573.07, -1079.45, 0.0, 0.0, 0.0, -0.0, -0.0, 0.0, -3148.93, 0.0, 1682.53, 3226.65, -88.84, -2098.36, -5788.38, -0.0, 3226.65, 24575.11, -2675.36, -19649.96, -573.07, -0.0, -88.84, -2675.36, 830.06, 2164.6, -1079.45, 0.0, -2098.36, -19649.96, 2164.6, 21546.49]}, {"B": [[-26, -33, -32, 0, -37, -20], [32, 5, 17, 43, -22, -34], [-40, -23, -40, 7, 6, 6], [-24, -50, -29, -14, -46, 35], [-25, 45, -28, -11, 7, -42], [13, 24, 44, -19, -49, 12]], "G": [[4558, -47, 2737, 4204, 642, -965], [-47, 4827, -2110, -2291, -250, 1137], [2737, -2110, 3850, 3106, 798, -3187], [4204, -2291, 3106, 7454, -2476, 152], [642, -250, 798, -2476, 5368, -1115], [-965, 1137, -3187, 152, -1115, 5587]], "lincomb_LLL": [2.0, -1.0, 1.0, -2.0, -1.0, 1.0], "lincomb_cube": [0.0558701753616333, 0.03938871622085571, 1.0, -0.5449094772338867, -0.2951784133911133, 0.5279817581176758], "sv_LLL": [-38.0, -15.0, 9.0, -16.0, -10.0, -16.0], "sv_cube": [-12.87115478515625, 1.9872589111328125, 6.18035888671875, 9.537750244140625, 0.194732666015625, 3.2048187255859375], "lincomb_diff": [1.9441299438476562, -1.039388656616211, 0.0, -1.4550895690917969, -0.7048215866088867, 0.4720182418823242], "Diff impact": [17227.6, 94.97, 0.0, -11892.62, -879.71, -885.55, 94.97, 5214.75, 0.0, -3464.92, -183.15, -557.82, 0.0, 0.0, 0.0, -0.0, -0.0, -0.0, -11892.62, -3464.92, -0.0, 15782.25, -2539.33, -104.4, -879.71, -183.15, -0.0, -2539.33, 2666.68, 370.95, -885.55, -557.82, -0.0, -104.4, 370.95, 1244.79]}, {"B": [[-36, 42, 50, 19, -6, -18], [21, -1, -35, -43, -37, 19], [-1, 39, 22, 10, 16, 37], [-8, -30, 6, -28, -35, -6], [38, -18, -44, -7, 21, 7], [-35, 31, 9, 22, -20, 17]], "G": [[6281, -3485, 2202, -886, -4709, 3244], [-3485, 5246, -1149, 2037, 2013, -964], [2202, -1149, 3731, -2092, -1183, 1971], [-886, 2037, -2092, 3045, -609, -614], [-4709, 2013, -1183, -609, 4243, -2739], [3244, -964, 1971, -614, -2739, 3440]], "lincomb_LLL": [2.0, -1.0, 1.0, 3.0, 4.0, 1.0], "lincomb_cube": [3.1807632446289062, -1.0845470428466797, 1.0, 3.7657928466796875, 5.75189208984375, 1.3755035400390625], "sv_LLL": [-1.0, -7.0, 8.0, 1.0, 0.0, 9.0], "sv_cube": [2.01995849609375, -0.190673828125, 0.8883209228515625, 1.625762939453125, -1.47930908203125, 0.19195556640625], "lincomb_diff": [-1.1807632446289062, 0.08454704284667969, 0.0, -0.7657928466796875, -1.75189208984375, -0.3755035400390625], "Diff impact": [8756.98, 347.91, -0.0, -801.14, -9740.9, 1438.33, 347.91, 37.5, -0.0, -131.89, -298.16, 30.6, -0.0, -0.0, 0.0, 0.0, 0.0, -0.0, -801.14, -131.89, 0.0, 1785.71, -817.03, -176.56, -9740.9, -298.16, 0.0, -817.03, 13022.3, -1801.83, 1438.33, 30.6, -0.0, -176.56, -1801.83, 485.05]}, {"B": [[1, -41, 30, -25, 4, -23], [-24, -13, -8, 4, 7, 28], [49, 10, -31, -5, -43, 40], [-5, 35, -1, 40, 19, 44], [28, 22, 4, 20, 30, -2], [-2, -25, 32, 6, 4, 30]], "G": [[3752, -447, -2258, -3406, -1088, 1159], [-447, 1658, -259, 1198, -756, 1009], [-2258, -259, 6936, 879, -2, -342], [-3406, 1198, 879, 5148, 1908, 739], [-1088, -756, -2, 1908, 2588, -298], [1159, 1009, -342, 739, -298, 2605]], "lincomb_LLL": [5.0, 0.0, 1.0, 4.0, -1.0, -3.0], "lincomb_cube": [3.1555328369140625, -0.16549897193908691, 0.5718107223510742, 2.7074966430664062, -1.0, -2.147235870361328], "sv_LLL": [12.0, -2.0, 15.0, -8.0, 11.0, 13.0], "sv_cube": [-2.0967636108398438, 4.9359130859375, 2.8448486328125, -6.992919921875, -0.2707061767578125, 2.3740234375], "lincomb_diff": [1.8444671630859375, 0.16549897193908691, 0.4281892776489258, 1.2925033569335938, 0.0, -0.8527641296386719], "Diff impact": [12764.53, -136.45, -1783.33, -8119.84, -0.0, -1822.99, -136.45, 45.41, -18.35, 256.26, -0.0, -142.4, -1783.33, -18.35, 1271.69, 486.47, -0.0, 124.88, -8119.84, 256.26, 486.47, 8600.07, 0.0, -814.53, -0.0, -0.0, -0.0, 0.0, 0.0, 0.0, -1822.99, -142.4, 124.88, -814.53, 0.0, 1894.37]}, {"B": [[13, 36, -42, -44, 42, 47], [-5, 42, -26, -25, 4, 2], [27, 0, 15, -27, -34, 45], [14, 35, -40, -48, 42, 8], [13, -20, 4, -45, -1, -43], [-40, -34, -18, 5, -31, 29]], "G": [[9138, 3901, 1596, 7374, -802, -1147], [3901, 3110, 104, 3824, 26, -951], [1596, 104, 4864, 6, -275, 874], [7374, 3824, 6, 7153, 1096, -2340], [-802, 26, -275, 1096, 4460, -1353], [-1147, -951, 874, -2340, -1353, 4907]], "lincomb_LLL": [-7.0, -2.0, 2.0, 9.0, -3.0, 1.0], "lincomb_cube": [-4.9294586181640625, -2.0, 1.3781986236572266, 6.758659362792969, -2.198406219482422, 0.8315048217773438], "sv_LLL": [20.0, 5.0, -14.0, 12.0, -20.0, -13.0], "sv_cube": [15.9100341796875, -9.21051025390625, -14.396942138671875, 8.35528564453125, -1.6104736328125, -0.9510498046875], "lincomb_diff": [-2.0705413818359375, 0.0, 0.6218013763427734, 2.2413406372070312, -0.8015937805175781, 0.16849517822265625], "Diff impact": [39175.9, -0.0, -2054.79, -34221.17, -1331.11, 400.16, -0.0, 0.0, 0.0, 0.0, -0.0, -0.0, -2054.79, 0.0, 1880.6, 8.36, 137.07, 91.57, -34221.17, 0.0, 8.36, 35933.87, -1969.12, -883.71, -1331.11, -0.0, 137.07, -1969.12, 2865.78, 182.74, 400.16, -0.0, 91.57, -883.71, 182.74, 139.31]}, {"B": [[13, 19, 20, 15, -6, 1], [-42, 36, -6, -29, -7, 10], [-22, 38, -38, 43, 34, -46], [48, 5, 19, 37, 18, -43], [4, 41, 28, 25, -29, 38], [0, -26, 25, 48, -12, 27]], "G": [[1192, -365, 71, 1503, 1978, 825], [-365, 4086, 575, -3579, 998, -2124], [71, 575, 8493, 2593, -1253, -1524], [1503, -3579, 2593, 6232, -302, 744], [1978, 998, -1253, -302, 5391, 2208], [825, -2124, -1524, 744, 2208, 4478]], "lincomb_LLL": [-34.0, 9.0, -3.0, 15.0, 10.0, 2.0], "lincomb_cube": [-31.18060302734375, 8.42315673828125, -2.7855377197265625, 13.72259521484375, 9.183242797851562, 2.0], "sv_LLL": [6.0, -3.0, -5.0, 1.0, -5.0, -17.0], "sv_cube": [-2.42034912109375, -1.92236328125, -0.4404296875, 1.55810546875, -9.89404296875, -5.92236328125], "lincomb_diff": [-2.81939697265625, 0.57684326171875, -0.2144622802734375, 1.27740478515625, 0.8167572021484375, 0.0], "Diff impact": [9475.21, 593.62, 42.93, -5413.07, -4554.86, -0.0, 593.62, 1359.61, -71.13, -2637.23, 470.2, -0.0, 42.93, -71.13, 390.63, -710.37, 219.48, 0.0, -5413.07, -2637.23, -710.37, 10169.15, -315.09, 0.0, -4554.86, 470.2, 219.48, -315.09, 3596.29, 0.0, -0.0, -0.0, 0.0, 0.0, 0.0, 0.0]}, {"B": [[-34, 39, 12, -15, -7, -45], [5, 14, -42, -5, 24, 13], [-42, 5, 33, -5, 33, 2], [12, -30, 42, 41, -48, -37], [48, -42, -40, 24, -7, 49], [21, -35, 17, -39, -43, 48]], "G": [[5120, -806, 1773, 312, -6266, -3149], [-806, 2755, -683, -3962, 1681, -1312], [1773, -683, 3996, -1131, -3799, -1624], [312, -3962, -1131, 8162, -337, 705], [-6266, 1681, -3799, -337, 8694, 3515], [-3149, -1312, -1624, 705, 3515, 7629]], "lincomb_LLL": [1.0, -8.0, -2.0, -4.0, 2.0, -2.0], "lincomb_cube": [1.0, -2.5363426208496094, -0.20654535293579102, -1.1964340209960938, 1.2990283966064453, -0.5553426742553711], "sv_LLL": [16.0, 23.0, 0.0, -3.0, -1.0, -3.0], "sv_cube": [-1.672821044921875, 3.229278564453125, 0.058135986328125, 2.495697021484375, -2.472869873046875, 2.8785400390625], "lincomb_diff": [0.0, -5.463653564453125, -1.7934551239013672, -2.8035659790039062, 0.7009716033935547, -1.4446563720703125], "Diff impact": [0.0, 0.0, -0.0, -0.0, -0.0, 0.0, 0.0, 82240.91, -6692.59, -60688.78, -6438.0, -10355.75, -0.0, -6692.59, 12853.06, -5686.75, 4775.96, -4207.66, -0.0, -60688.78, -5686.75, 64153.17, 662.28, 2855.38, -0.0, -6438.0, 4775.96, 662.28, 4271.89, -3559.51, 0.0, -10355.75, -4207.66, 2855.38, -3559.51, 15921.97]}, {"B": [[-8, 3, 32, -20, -25, 7], [14, 32, 6, 48, 43, 28], [-40, -3, -30, -49, -38, -20], [39, -30, 49, 20, 48, 19], [29, -28, 36, 37, -48, -28], [33, -45, 24, -41, 16, 6]], "G": [[2171, -1663, 1141, -301, 1100, 831], [-1663, 6193, -5382, 3436, -1346, -1946], [1141, -5382, 6754, -6124, -1585, -624], [-301, 3436, -6124, 7887, 1639, 3875], [1100, -1346, -1585, 1639, 7378, 628], [831, -1946, -624, 3875, 628, 5663]], "lincomb_LLL": [-1.0, 11.0, 11.0, 1.0, 4.0, 4.0], "lincomb_cube": [-0.5019073486328125, 6.122993469238281, 6.572418212890625, 1.0, 2.2137985229492188, 1.9721622467041016], "sv_LLL": [9.0, -6.0, -7.0, 13.0, 0.0, 12.0], "sv_cube": [-4.877685546875, -6.020751953125, -0.4669189453125, 2.9454345703125, -0.623260498046875, 5.328826904296875], "lincomb_diff": [-0.4980926513671875, 4.877006530761719, 4.427581787109375, 0.0, 1.7862014770507812, 2.0278396606445312], "Diff impact": [538.62, 4039.76, -2516.3, 0.0, -978.66, -839.35, 4039.76, 147301.7, -116215.38, 0.0, -11725.43, -19245.53, -2516.3, -116215.38, 132401.91, -0.0, -12535.06, -5602.54, 0.0, 0.0, -0.0, 0.0, 0.0, 0.0, -978.66, -11725.43, -12535.06, 0.0, 23539.62, 2274.7, -839.35, -19245.53, -5602.54, 0.0, 2274.7, 23287.01]}, {"B": [[-38, 40, -35, -36, 31, 13], [25, 20, -22, -22, -42, -23], [-5, -25, 10, 46, 46, 37], [46, -38, -39, 27, 33, -45], [16, -5, 42, 50, -15, 13], [6, 3, 16, 35, -3, 50]], "G": [[6695, -189, -909, -2437, -4374, -1371], [-189, 4286, -4640, 303, -1393, -1936], [-909, -4640, 6351, 1425, 2556, 3377], [-2437, 303, 1425, 8924, -442, -1866], [-4374, -1393, 2556, -442, 4939, 3198], [-1371, -1936, 3377, -1866, 3198, 4035]], "lincomb_LLL": [0.0, -5.0, -6.0, 2.0, -1.0, 4.0], "lincomb_cube": [0.2229001522064209, -6.82537841796875, -8.239639282226562, 2.764911651611328, -1.0, 5.768096923828125], "sv_LLL": [5.0, -9.0, -6.0, -22.0, 3.0, -10.0], "sv_cube": [7.88800048828125, -4.362945556640625, 2.4183349609375, -10.353759765625, 3.490020751953125, 5.99853515625], "lincomb_diff": [-0.2229001522064209, 1.82537841796875, 2.2396392822265625, -0.7649116516113281, 0.0, -1.768096923828125], "Diff impact": [332.64, 76.9, 453.79, -415.51, 0.0, -540.32, 76.9, 14280.98, -18969.2, -423.06, -0.0, 6248.34, 453.79, -18969.2, 31856.52, -2441.2, 0.0, -13372.58, -415.51, -423.06, -2441.2, 5221.34, 0.0, -2523.65, 0.0, -0.0, 0.0, 0.0, 0.0, -0.0, -540.32, 6248.34, -13372.58, -2523.65, -0.0, 12614.08]}, {"B": [[31, 25, -2, 4, -17, 39], [-26, -20, 19, 47, -50, -1], [-35, 18, 23, -19, -41, 12], [23, -21, 41, -13, -35, -48], [-22, -10, 42, 21, -48, -14], [-8, 9, 9, -6, 50, -20]], "G": [[3416, -345, 408, -1223, -662, -1695], [-345, 6147, 2132, 1788, 4971, -2563], [408, 2132, 4264, 866, 2957, -1527], [-1223, 1788, 866, 6349, 3505, -716], [-662, 4971, 2957, 3505, 5289, -1782], [-1695, -2563, -1527, -716, -1782, 3162]], "lincomb_LLL": [1.0, 6.0, 3.0, 3.0, -8.0, 3.0], "lincomb_cube": [1.0, 4.054786682128906, 1.992340087890625, 1.9982986450195312, -5.381156921386719, 2.2047042846679688], "sv_LLL": [-9.0, 3.0, -5.0, 4.0, -11.0, -23.0], "sv_cube": [2.55255126953125, 11.4560546875, -3.37127685546875, 4.5101776123046875, -2.8350830078125, -5.822998046875], "lincomb_diff": [0.0, 1.9452133178710938, 1.007659912109375, 1.0017013549804688, -2.6188430786132812, 0.7952957153320312], "Diff impact": [0.0, -0.0, 0.0, -0.0, 0.0, -0.0, -0.0, 23259.36, 4178.96,