[{"B": [[-29, 90, 17, 15], [-25, -79, -72, 4], [-79, -24, -99, 22], [-85, 55, 48, -93]], "G": [[9455, -7549, -1222, 6836], [-7549, 12066, 11087, -6048], [-1222, 11087, 17102, -1403], [6836, -6048, -1403, 21203]], "The linear combination given by LLL": [44.0, 62.0, -37.0, 1.0], "The linear combination suggested by cube": [40.896484375, 57.6961669921875, -34.3994140625, 1.0], "Shortest vector given by LLL": [12.0, 5.0, -5.0, 1.0], "Shortest vector given by cube": [4.15234375, 3.26953125, -5.33984375, -5.5546875], "The difference of lincombs": [3.103515625, 4.3038330078125, -2.6005859375, 0.0], "Diff impact analysis": [-279.32, 1202.13, -137.21, 0.0, -333.93, -1463.32, 805.86, 0.0, 637.61, 268.62, -669.54, -0.0, -0.0, 0.0, -0.0, -0.0]}, {"B": [[-79, -66, -81, 72], [68, 44, 71, -90], [20, 74, 23, 80], [42, -32, -34, -3]], "G": [[22342, -20507, -2567, 1332], [-20507, 19701, -951, -696], [-2567, -951, 12805, -2550], [1332, -696, -2550, 3953]], "The linear combination given by LLL": [17.0, 18.0, 5.0, 1.0], "The linear combination suggested by cube": [25.322906494140625, 26.744781494140625, 7.261863708496094, 1.0], "Shortest vector given by LLL": [23.0, 8.0, -18.0, 1.0], "Shortest vector given by cube": [5.3720703125, 10.8349609375, -19.25439453125, -5.83203125], "The difference of lincombs": [-8.322906494140625, -8.744781494140625, -2.2618637084960938, 0.0], "Diff impact analysis": [-5472.39, -4803.61, -1524.85, -0.0, 4949.18, 3364.73, 1404.34, 0.0, 376.51, 1463.68, 117.67, -0.0, -0.0, 0.0, 0.0, -0.0]}, {"B": [[5, 99, -81, 32], [71, 35, 48, -62], [81, 39, 71, -95], [69, 50, -73, 52]], "G": [[17411, -2052, -4525, 12872], [-2052, 12414, 16414, -79], [-4525, 16414, 22148, -2584], [12872, -79, -2584, 15294]], "The linear combination given by LLL": [0.0, -8.0, 6.0, 1.0], "The linear combination suggested by cube": [-0.28528881072998047, -5.870643615722656, 4.409149169921875, 1.0], "Shortest vector given by LLL": [-13.0, 4.0, -31.0, -22.0], "Shortest vector given by cube": [7.89892578125, -11.75927734375, -18.6328125, -12.0185546875], "The difference of lincombs": [0.28528881072998047, -2.1293563842773438, 1.590850830078125, 0.0], "Diff impact analysis": [0.41, -60.14, -36.76, 0.0, -43.13, 158.7, -162.6, 0.0, 36.76, -132.11, 179.69, -0.0, 0.0, -0.0, -0.0, 0.0]}, {"B": [[-76, 94, 100, 51], [15, 38, -30, 39], [-19, -88, 39, -57], [-49, 97, 69, -42]], "G": [[27213, 1421, -5835, 17600], [1421, 4090, -7022, -757], [-5835, -7022, 12875, -2520], [17600, -757, -2520, 18335]], "The linear combination given by LLL": [0.0, 9.0, 5.0, 1.0], "The linear combination suggested by cube": [-0.16056370735168457, 7.1040802001953125, 3.997509002685547, 1.0], "Shortest vector given by LLL": [-9.0, -1.0, -6.0, 24.0], "Shortest vector given by cube": [-6.1885986328125, 0.081298828125, -4.27587890625, -0.98779296875], "The difference of lincombs": [0.16056370735168457, 1.8959197998046875, 1.0024909973144531, 0.0], "Diff impact analysis": [-1.96, 28.62, 16.1, 0.0, 4.57, 136.59, -57.02, 0.0, -3.06, -167.26, 39.19, -0.0, -0.0, 0.0, 0.0, -0.0]}, {"B": [[42, 58, 46, 78], [-92, 14, 95, 62], [-94, -18, 32, 12], [46, 42, 90, 5]], "G": [[13328, 6154, -2584, 8898], [6154, 21529, 12180, 5216], [-2584, 12180, 10328, -2140], [8898, 5216, -2140, 12005]], "The linear combination given by LLL": [3.0, -5.0, 7.0, 1.0], "The linear combination suggested by cube": [1.8233928680419922, -3.4218788146972656, 4.698890686035156, 1.0], "Shortest vector given by LLL": [-26.0, 20.0, -23.0, 13.0], "Shortest vector given by cube": [-4.30029296875, 15.27044677734375, -0.838134765625, -8.545166015625], "The difference of lincombs": [1.1766071319580078, -1.5781211853027344, 2.3011093139648438, 0.0], "Diff impact analysis": [58.14, -107.7, 124.55, 0.0, 170.83, 34.87, -344.99, -0.0, -254.51, 65.37, 169.44, 0.0, 0.0, -0.0, 0.0, 0.0]}, {"B": [[-29, 38, 24, 35], [-82, 50, 88, -69], [77, -81, 7, -57], [-82, 83, 91, 42]], "G": [[4086, 3975, -7138, 9186], [3975, 21729, -5815, 15984], [-7138, -5815, 15788, -14794], [9186, 15984, -14794, 23658]], "The linear combination given by LLL": [-11.0, -2.0, -1.0, 5.0], "The linear combination suggested by cube": [-8.4815673828125, -1.349050521850586, -1.0, 3.579376220703125], "Shortest vector given by LLL": [-4.0, -22.0, 8.0, 20.0], "Shortest vector given by cube": [-13.92138671875, -11.6640625, -3.55078125, 3.563232421875], "The difference of lincombs": [-2.5184326171875, -0.6509494781494141, 0.0, 1.420623779296875], "Diff impact analysis": [-183.93, 62.3, -0.0, -125.22, -134.43, 21.19, -0.0, 63.81, -0.0, 0.0, 0.0, -0.0, 293.38, -76.75, 0.0, 84.76]}, {"B": [[68, -91, -51, 81], [5, -96, 44, 65], [7, -63, 34, 69], [-13, 95, 22, 86]], "G": [[22067, 12097, 10064, -3685], [12097, 15402, 12064, -2627], [10064, 12064, 9935, 606], [-3685, -2627, 606, 17074]], "The linear combination given by LLL": [-1.0, -9.0, 12.0, -2.0], "The linear combination suggested by cube": [-1.0, -10.924468994140625, 14.4254150390625, -2.4086570739746094], "Shortest vector given by LLL": [-3.0, 9.0, 19.0, -10.0], "Shortest vector given by cube": [9.668121337890625, 2.126708984375, 7.796630859375, -2.8818359375], "The difference of lincombs": [0.0, 1.924468994140625, -2.4254150390625, 0.4086570739746094], "Diff impact analysis": [0.0, -0.0, 0.0, 0.0, 0.0, -355.54, -205.38, 51.12, -0.0, 294.06, 200.01, -68.39, -0.0, 74.71, -21.81, 14.36]}, {"B": [[49, 92, 0, -10], [83, 46, -23, 21], [-89, 90, 66, -91], [59, 26, -33, 47]], "G": [[10965, 8089, 4829, 4813], [8089, 9975, -6676, 7839], [4829, -6676, 28658, -9366], [4813, 7839, -9366, 7455]], "The linear combination given by LLL": [4.0, -3.0, -2.0, -2.0], "The linear combination suggested by cube": [5.869361877441406, -5.079170227050781, -2.82586669921875, -2.0], "Shortest vector given by LLL": [7.0, -2.0, 3.0, -15.0], "Shortest vector given by cube": [-0.470458984375, 0.01171875, -3.6864013671875, -2.202392578125], "The difference of lincombs": [-1.8693618774414062, 2.0791702270507812, 0.82586669921875, 0.0], "Diff impact analysis": [171.23, -357.58, -0.0, 0.0, -322.6, 198.86, -39.49, 0.0, 137.4, 154.54, 45.02, -0.0, -0.0, 0.0, -0.0, 0.0]}]