[{"B": [[22, -4, -20, -22], [11, -35, 38, -42], [34, -38, -26, -41], [-16, -40, -24, 44]], "G": [[1384, 546, 2322, -680], [546, 4554, 2438, -1536], [2322, 2438, 4957, -204], [-680, -1536, -204, 4368]], "lincomb_LLL": [3.0, 1.0, -2.0, 1.0], "lincomb_cube": [4.4086761474609375, 1.2111663818359375, -2.6196823120117188, 1.0], "sv_LLL": [-7.0, -11.0, 6.0, 18.0], "sv_cube": [5.2445068359375, -0.4775390625, 1.96240234375, 3.547119140625], "lincomb_diff": [-1.4086761474609375, -0.2111663818359375, 0.6196823120117188, 0.0]}, {"B": [[-31, -20, 43, 33], [-10, 33, -16, -23], [-16, 15, -14, 45], [-1, -19, 31, -34]], "G": [[4299, -1797, 1079, 622], [-1797, 1974, -156, -331], [1079, -156, 2702, -2233], [622, -331, -2233, 2479]], "lincomb_LLL": [2.0, 1.0, -4.0, -4.0], "lincomb_cube": [2.5262413024902344, 1.0, -5.338996887207031, -5.3095245361328125], "sv_LLL": [-4.0, 9.0, 2.0, -1.0], "sv_cube": [2.4199981689453125, 3.2711181640625, 2.779296875, 0.635009765625], "lincomb_diff": [-0.5262413024902344, 0.0, 1.3389968872070312, 1.3095245361328125]}, {"B": [[40, 14, -7, -30], [-38, 45, 3, -14], [42, -32, -17, -35], [11, -4, -15, -44]], "G": [[2745, -491, 2401, 1809], [-491, 3674, -2597, -27], [2401, -2597, 4302, 2385], [1809, -27, 2385, 2298]], "lincomb_LLL": [-5.0, 21.0, 31.0, -28.0], "lincomb_cube": [-5.0, 21.910003662109375, 32.24591064453125, -29.273284912109375], "sv_LLL": [-4.0, -5.0, -9.0, 3.0], "sv_cube": [-0.25830078125, 1.1741943359375, -8.3515625, 2.677734375], "lincomb_diff": [0.0, -0.910003662109375, -1.24591064453125, 1.273284912109375]}, {"B": [[46, 9, 12, -28], [-20, -7, 23, 34], [0, 5, 31, -3], [-41, -16, -28, 34]], "G": [[3125, -1659, 501, -3318], [-1659, 2134, 576, 1444], [501, 576, 995, -1050], [-3318, 1444, -1050, 3877]], "lincomb_LLL": [-2.0, 0.0, -1.0, -2.0], "lincomb_cube": [-2.0, 0.8417301177978516, -2.2645111083984375, -2.6384315490722656], "sv_LLL": [-10.0, 9.0, 1.0, -9.0], "sv_cube": [-0.658935546875, 7.000244140625, -0.9639892578125, 1.705810546875], "lincomb_diff": [0.0, -0.8417301177978516, 1.2645111083984375, 0.6384315490722656]}, {"B": [[37, -5, -23, 7], [-50, 36, 38, -30], [16, 14, 10, 3], [-26, 38, -37, -10]], "G": [[1972, -3114, 313, -371], [-3114, 6140, -6, 1562], [313, -6, 561, -284], [-371, 1562, -284, 3589]], "lincomb_LLL": [0.0, 0.0, 1.0, 0.0], "lincomb_cube": [-1.0300617218017578, -0.5785322189331055, 1.0, 0.2244398593902588], "sv_LLL": [16.0, 14.0, 10.0, 3.0], "sv_cube": [0.9788665771484375, 6.85186767578125, 3.4029083251953125, 10.901123046875], "lincomb_diff": [1.0300617218017578, 0.5785322189331055, 0.0, -0.2244398593902588]}, {"B": [[-1, -45, 33, 35], [21, -7, 0, 16], [-45, -46, 32, 26], [49, -17, 18, -8]], "G": [[4340, 854, 4081, 1030], [854, 746, -207, 1020], [4081, -207, 5841, -1055], [1030, 1020, -1055, 3078]], "lincomb_LLL": [-4.0, 4.0, 3.0, 1.0], "lincomb_cube": [-3.16510009765625, 2.948760986328125, 2.49652099609375, 1.0], "sv_LLL": [2.0, -3.0, -18.0, -6.0], "sv_cube": [1.74560546875, -10.0518798828125, -6.5595703125, -6.6888427734375], "lincomb_diff": [-0.83489990234375, 1.051239013671875, 0.50347900390625, 0.0]}, {"B": [[13, -7, -23, -24], [-2, 50, -50, -20], [33, 21, 22, 32], [-10, 23, -46, -27]], "G": [[1323, 1254, -992, 1415], [1254, 5404, -756, 4010], [-992, -756, 3038, -1723], [1415, 4010, -1723, 3474]], "lincomb_LLL": [-1.0, -4.0, 2.0, 6.0], "lincomb_cube": [-1.0, -2.720428466796875, 1.403127670288086, 4.243377685546875], "sv_LLL": [1.0, -13.0, -9.0, 6.0], "sv_cube": [-3.689697265625, -1.9581298828125, -5.304931640625, 8.7374267578125], "lincomb_diff": [0.0, -1.279571533203125, 0.5968723297119141, 1.756622314453125]}, {"B": [[38, -13, 31, -38], [15, -36, 26, -23], [-49, -42, 28, -6], [-13, -35, 9, -37]], "G": [[4018, 2718, -220, 1646], [2718, 2726, 1643, 2150], [-220, 1643, 4985, 2581], [1646, 2150, 2581, 2844]], "lincomb_LLL": [1.0, -1.0, 1.0, -1.0], "lincomb_cube": [0.2256627082824707, 0.3065333366394043, 0.4266824722290039, -1.0], "sv_LLL": [-13.0, 16.0, 24.0, 16.0], "sv_cube": [5.2657470703125, 3.11053466796875, 17.91253662109375, 18.814453125], "lincomb_diff": [0.7743377685546875, -1.3065338134765625, 0.5733175277709961, 0.0]}, {"B": [[47, 33, -19, -1], [-10, -23, 10, 3], [41, 16, 2, -37], [41, -4, 8, -36]], "G": [[3660, -1422, 2454, 1679], [-1422, 738, -869, -346], [2454, -869, 3310, 2965], [1679, -346, 2965, 3057]], "lincomb_LLL": [1.0, 4.0, 3.0, -3.0], "lincomb_cube": [1.0, 4.998321533203125, 4.238853454589844, -4.09478759765625], "sv_LLL": [7.0, 1.0, 3.0, 8.0], "sv_cube": [2.923583984375, 2.2393798828125, 6.70263671875, 4.569580078125], "lincomb_diff": [0.0, -0.998321533203125, -1.2388534545898438, 1.09478759765625]}, {"B": [[34, -12, 41, 43], [-4, 19, -5, -37], [-25, 23, 33, -43], [-43, -34, -19, -1]], "G": [[4830, -2160, -1622, -1876], [-2160, 1771, 1963, -342], [-1622, 1963, 4092, -291], [-1876, -342, -291, 3367]], "lincomb_LLL": [1.0, 1.0, 0.0, 1.0], "lincomb_cube": [1.235738754272461, 2.3031845092773438, -0.5439357757568359, 1.0], "sv_LLL": [-13.0, -27.0, 17.0, 5.0], "sv_cube": [3.4007568359375, -17.578887939453125, 2.199462890625, -9.691741943359375], "lincomb_diff": [-0.23573875427246094, -1.3031845092773438, 0.5439357757568359, 0.0]}, {"B": [[-8, 7, 24, 13], [-47, -12, 47, -47], [4, 23, 40, 7], [0, 7, -5, 40]], "G": [[858, 809, 1180, 449], [809, 6771, 1087, -2199], [1180, 1087, 2194, 241], [449, -2199, 241, 1674]], "lincomb_LLL": [-3.0, 1.0, 1.0, 2.0], "lincomb_cube": [-4.173622131347656, 1.0, 1.5058116912841797, 2.2162818908691406], "sv_LLL": [-19.0, 4.0, 5.0, 1.0], "sv_cube": [-7.587776184082031, 8.93231201171875, -4.0159149169921875, -2.065185546875], "lincomb_diff": [1.1736221313476562, 0.0, -0.5058116912841797, -0.21628189086914062]}, {"B": [[-34, -23, 26, -38], [24, 21, 48, 49], [-17, -21, -45, -12], [8, -22, 28, 12]], "G": [[3805, -1913, 347, 506], [-1913, 5722, -3597, 1662], [347, -3597, 2899, -1078], [506, 1662, -1078, 1476]], "lincomb_LLL": [-1.0, -2.0, -2.0, 1.0], "lincomb_cube": [-0.5040502548217773, -0.851252555847168, -0.6240253448486328, 1.0], "sv_LLL": [28.0, 1.0, -4.0, -24.0], "sv_cube": [15.316070556640625, -15.178619384765625, 2.115753173828125, -3.06915283203125], "lincomb_diff": [-0.49594974517822266, -1.1487464904785156, -1.3759746551513672, 0.0]}, {"B": [[-12, 48, 32, 48], [-34, -18, 11, 6], [-48, -44, 15, -27], [-2, -43, -15, 19]], "G": [[5776, 184, -2352, -1608], [184, 1637, 2427, 791], [-2352, 2427, 5194, 1250], [-1608, 791, 1250, 2439]], "lincomb_LLL": [1.0, -4.0, 2.0, 1.0], "lincomb_cube": [1.0, -2.865631103515625, 1.6078376770019531, 0.7646236419677734], "sv_LLL": [26.0, -11.0, 3.0, -11.0], "sv_cube": [6.7258758544921875, -4.04241943359375, 13.126251220703125, 1.9224395751953125], "lincomb_diff": [0.0, -1.134368896484375, 0.3921623229980469, 0.23537635803222656]}, {"B": [[-49, -43, -9, 44], [-14, 22, -43, -13], [-50, -10, -45, 7], [-31, -47, 43, 21]], "G": [[6267, -445, 3593, 4077], [-445, 2698, 2324, -2722], [3593, 2324, 4674, 232], [4077, -2722, 232, 5460]], "lincomb_LLL": [0.0, 2.0, -1.0, 1.0], "lincomb_cube": [0.7453556060791016, 2.9178123474121094, -2.0733985900878906, 1.0], "sv_LLL": [-9.0, 7.0, 2.0, -12.0], "sv_cube": [-4.701904296875, 5.8756103515625, 4.12890625, 1.35028076171875], "lincomb_diff": [-0.7453556060791016, -0.9178123474121094, 1.0733985900878906, 0.0]}, {"B": [[-36, 29, -26, -17], [16, -45, 38, -25], [4, 22, 4, 37], [-10, -40, -47, -47]], "G": [[3102, -2444, -239, 1221], [-2444, 4350, -1699, 1029], [-239, -1699, 1885, -2847], [1221, 1029, -2847, 6118]], "lincomb_LLL": [1.0, 1.0, 1.0, 0.0], "lincomb_cube": [1.0, 1.2719879150390625, 2.1830368041992188, 0.6023578643798828], "sv_LLL": [-16.0, 6.0, 16.0, -5.0], "sv_cube": [-12.939620971679688, -4.30694580078125, 2.75689697265625, 3.661834716796875], "lincomb_diff": [0.0, -0.2719879150390625, -1.1830368041992188, -0.6023578643798828]}, {"B": [[24, 48, -26, -11], [-15, 45, -13, -20], [-43, 47, -17, -1], [-40, 44, -4, -10]], "G": [[3677, 2358, 1677, 1366], [2358, 2819, 3001, 2832], [1677, 3001, 4348, 3866], [1366, 2832, 3866, 3652]], "lincomb_LLL": [0.0, 0.0, -1.0, 1.0], "lincomb_cube": [0.49013805389404297, -1.0170440673828125, -1.0, 1.663949966430664], "sv_LLL": [3.0, -3.0, 13.0, -9.0], "sv_cube": [3.4610595703125, 3.973388671875, 10.822174072265625, -0.69012451171875], "lincomb_diff": [-0.49013805389404297, 1.0170440673828125, 0.0, -0.6639499664306641]}, {"B": [[-45, -37, -38, -2], [30, 6, 35, -8], [-46, -22, 17, -16], [25, 40, 34, 26]], "G": [[4842, -2886, 2270, -3949], [-2886, 2225, -789, 1972], [2270, -789, 3145, -1868], [-3949, 1972, -1868, 4057]], "lincomb_LLL": [1.0, 0.0, 0.0, 1.0], "lincomb_cube": [1.5868148803710938, 1.0717544555664062, -0.28249692916870117, 1.0], "sv_LLL": [-20.0, 3.0, -4.0, 24.0], "sv_cube": [-1.25909423828125, -6.066650390625, 6.4100341796875, 18.77227783203125], "lincomb_diff": [-0.5868148803710938, -1.0717544555664062, 0.28249692916870117, 0.0]}, {"B": [[-49, 28, -30, -36], [-33, 6, 19, 29], [-24, -3, 5, 2], [26, 7, -21, 13]], "G": [[5381, 171, 870, -916], [171, 2327, 927, -838], [870, 927, 614, -724], [-916, -838, -724, 1335]], "lincomb_LLL": [0.0, 0.0, 1.0, 1.0], "lincomb_cube": [-0.15472888946533203, -0.4656391143798828, 2.1014022827148438, 1.0], "sv_LLL": [2.0, 4.0, -16.0, 15.0], "sv_cube": [-1.48583984375, -6.430450439453125, -14.6982421875, 9.269500732421875], "lincomb_diff": [0.15472888946533203, 0.4656391143798828, -1.1014022827148438, 0.0]}, {"B": [[-10, 29, -28, -14], [-3, -47, -29, 44], [28, 38, 29, -45], [50, -45, -33, 18]], "G": [[1921, -1137, 640, -1133], [-1137, 4995, -4691, 3714], [640, -4691, 5094, -2077], [-1133, 3714, -2077, 5938]], "lincomb_LLL": [-1.0, -9.0, -7.0, 3.0], "lincomb_cube": [-1.0, -6.327491760253906, -4.858283996582031, 2.0674705505371094], "sv_LLL": [-9.0, -7.0, -13.0, -13.0], "sv_cube": [-3.676025390625, -9.2587890625, 2.380615234375, -8.5723876953125], "lincomb_diff": [0.0, -2.6725082397460938, -2.1417160034179688, 0.9325294494628906]}, {"B": [[-20, 48, 4, 7], [39, 34, 32, 28], [-34, 30, -22, -12], [30, 12, 39, 25]], "G": [[2769, 1176, 1948, 307], [1176, 4485, -1346, 3526], [1948, -1346, 2684, -1818], [307, 3526, -1818, 3190]], "lincomb_LLL": [-2.0, -1.0, 3.0, 3.0], "lincomb_cube": [-4.021217346191406, -1.0, 5.583061218261719, 4.674140930175781], "sv_LLL": [-11.0, -4.0, 11.0, -3.0], "sv_cube": [-8.175537109375, -3.4368896484375, 11.37939453125, -6.291748046875], "lincomb_diff": [2.0212173461914062, 0.0, -2.5830612182617188, -1.6741409301757812]}, {"B": [[-39, 4, 11, 3], [-44, -17, 23, 10], [9, 44, 12, -28], [20, 38, -41, 14]], "G": [[1667, 1931, -127, -1037], [1931, 2854, -1148, -2329], [-127, -1148, 2945, 968], [-1037, -2329, 968, 3721]], "lincomb_LLL": [-4.0, 4.0, 1.0, 1.0], "lincomb_cube": [-2.7855186462402344, 2.9888267517089844, 0.7162694931030273, 1.0], "sv_LLL": [9.0, -2.0, 19.0, 14.0], "sv_cube": [3.5733642578125, 7.563720703125, 5.697509765625, 15.4761962890625], "lincomb_diff": [-1.2144813537597656, 1.0111732482910156, 0.28373050689697266, 0.0]}, {"B": [[12, 0, 42, 31], [43, 22, 36, -18], [24, 11, 23, -2], [9, -26, -37, -23]], "G": [[2869, 1470, 1192, -2159], [1470, 3953, 2138, -1103], [1192, 2138, 1230, -875], [-2159, -1103, -875, 2655]], "lincomb_LLL": [1.0, 3.0, -6.0, 0.0], "lincomb_cube": [1.0, 2.2045249938964844, -4.664649963378906, 0.19172239303588867], "sv_LLL": [-3.0, 0.0, 12.0, -11.0], "sv_cube": [-3.4316024780273438, -7.796363830566406, 6.982200622558594, -3.7617721557617188], "lincomb_diff": [0.0, 0.7954750061035156, -1.3353500366210938, -0.19172239303588867]}, {"B": [[-32, -44, 27, -5], [48, -16, 11, -9], [-18, 48, -15, 13], [-40, -50, -21, 5]], "G": [[3714, -490, -2006, 2888], [-490, 2762, -1914, -1396], [-2006, -1914, 3022, -1300], [2888, -1396, -1300, 4566]], "lincomb_LLL": [1.0, 3.0, 3.0, 1.0], "lincomb_cube": [1.0, 1.9935436248779297, 2.18402099609375, 0.5988197326660156], "sv_LLL": [18.0, 2.0, -6.0, 12.0], "sv_cube": [0.424896240234375, -1.00469970703125, 3.5934295654296875, 8.444473266601562], "lincomb_diff": [0.0, 1.0064563751220703, 0.81597900390625, 0.4011802673339844]}, {"B": [[15, 34, -20, -27], [6, -43, 50, 24], [-13, 40, -43, -37], [35, -4, 43, 4]], "G": [[2510, -3020, 3024, -579], [-3020, 4961, -4836, 2628], [3024, -4836, 4987, -2612], [-579, 2628, -2612, 3106]], "lincomb_LLL": [0.0, 1.0, 1.0, 0.0], "lincomb_cube": [1.495401382446289, 1.0, -0.41856956481933594, -0.9193391799926758], "sv_LLL": [-7.0, -3.0, 7.0, -13.0], "sv_cube": [1.695556640625, -5.2218170166015625, -1.44110107421875, -4.566131591796875], "lincomb_diff": [-1.495401382446289, 0.0, 1.418569564819336, 0.9193391799926758]}, {"B": [[34, -11, 36, -14], [-45, -30, 32, 1], [-10, -36, -6, -34], [-32, -49, -11, -44]], "G": [[2769, -62, 316, -329], [-62, 3950, 1304, 2514], [316, 1304, 2588, 3646], [-329, 2514, 3646, 5482]], "lincomb_LLL": [-1.0, 1.0, 5.0, -4.0], "lincomb_cube": [-1.3014640808105469, 1.0, 6.524116516113281, -4.87579345703125], "sv_LLL": [-1.0, -3.0, 10.0, 21.0], "sv_cube": [1.534423828125, -11.63818359375, -0.36370849609375, 11.935302734375], "lincomb_diff": [0.3014640808105469, 0.0, -1.5241165161132812, 0.87579345703125]}, {"B": [[1, -5, 5, -40], [41, 17, -26, -22], [10, 28, 44, -48], [-33, -16, 4, -35]], "G": [[1651, 706, 2010, 1467], [706, 3130, 798, -959], [2010, 798, 5124, 1078], [1467, -959, 1078, 2586]], "lincomb_LLL": [-1.0, 1.0, 0.0, 1.0], "lincomb_cube": [-2.2268829345703125, 1.0, 0.4099693298339844, 1.4632205963134766], "sv_LLL": [7.0, 6.0, -27.0, -17.0], "sv_cube": [-5.4134521484375, 16.201995849609375, -13.242889404296875, -3.81591796875], "lincomb_diff": [1.2268829345703125, 0.0, -0.4099693298339844, -0.46322059631347656]}, {"B": [[3, -37, 10, 4], [-40, -14, -40, 26], [-50, 38, -36, -39], [42, 46, 48, -43]], "G": [[1494, 102, -2072, -1268], [102, 4072, 1894, -5362], [-2072, 1894, 6761, -403], [-1268, -5362, -403, 8033]], "lincomb_LLL": [1.0, 1.0, 0.0, 1.0], "lincomb_cube": [1.0, 2.2695465087890625, -0.2302994728088379, 1.6612110137939453], "sv_LLL": [5.0, -5.0, 18.0, -13.0], "sv_cube": [-6.4959716796875, -1.109375, 7.2470703125, 0.5577392578125], "lincomb_diff": [0.0, -1.2695465087890625, 0.2302994728088379, -0.6612110137939453]}, {"B": [[-17, 16, 32, 45], [-31, -1, 4, 27], [10, -19, 46, 37], [-45, 18, 8, 35]], "G": [[3594, 1854, 2663, 2884], [1854, 1707, 892, 2354], [2663, 892, 3946, 871], [2884, 2354, 871, 3638]], "lincomb_LLL": [-2.0, -1.0, 1.0, 2.0], "lincomb_cube": [-2.0, -2.393341064453125, 1.2658424377441406, 2.8310546875], "sv_LLL": [-15.0, -14.0, -6.0, -10.0], "sv_cube": [-6.54541015625, -2.69866943359375, 7.3038330078125, -8.697021484375], "lincomb_diff": [0.0, 1.393341064453125, -0.2658424377441406, -0.8310546875]}, {"B": [[45, 21, -11, 28], [41, -9, -6, -12], [7, -13, -22, 7], [-28, -42, 24, -45]], "G": [[3371, 1386, 480, -3666], [1386, 1942, 452, -374], [480, 452, 751, -493], [-3666, -374, -493, 5149]], "lincomb_LLL": [0.0, 0.0, 1.0, 0.0], "lincomb_cube": [1.0779895782470703, -0.8477163314819336, 1.0, 0.8016824722290039], "sv_LLL": [7.0, -13.0, -22.0, 7.0], "sv_cube": [-1.693939208984375, -16.403411865234375, -9.53118896484375, 11.2806396484375], "lincomb_diff": [-1.0779895782470703, 0.8477163314819336, 0.0, -0.8016824722290039]}, {"B": [[47, 35, 23, 34], [-22, -39, 4, -3], [-26, -36, 47, 31], [-5, -30, -32, -30]], "G": [[5119, -2409, -347, -3041], [-2409, 2030, 2071, 1242], [-347, 2071, 5142, -1224], [-3041, 1242, -1224, 2849]], "lincomb_LLL": [1.0, 6.0, -3.0, -3.0], "lincomb_cube": [1.0, 7.93218994140625, -4.117431640625, -4.159538269042969], "sv_LLL": [8.0, -1.0, 2.0, 13.0], "sv_cube": [0.342620849609375, -1.341796875, -5.685302734375, 7.34912109375], "lincomb_diff": [0.0, -1.93218994140625, 1.117431640625, 1.1595382690429688]}, {"B": [[-41, -34, -46, -13], [-35, -23, 14, 0], [-9, -3, -17, -24], [-40, 23, 11, -50]], "G": [[5122, 1573, 1565, 1002], [1573, 1950, 146, 1025], [1565, 146, 955, 1304], [1002, 1025, 1304, 4750]], "lincomb_LLL": [1.0, -1.0, -3.0, 1.0], "lincomb_cube": [0.7766532897949219, -1.0, -1.904825210571289, 0.5748805999755859], "sv_LLL": [-19.0, 21.0, 2.0, 9.0], "sv_cube": [-2.694580078125, 15.530517578125, -11.020370483398438, 6.87530517578125], "lincomb_diff": [0.22334671020507812, 0.0, -1.095174789428711, 0.42511940002441406]}, {"B": [[8, -30, -23, 39], [31, -23, 33, -45], [-48, 45, -20, 32], [31, 25, -16, -19]], "G": [[3014, -1576, -26, -875], [-1576, 4604, -4623, 713], [-26, -4623, 5753, -651], [-875, 713, -651, 2203]], "lincomb_LLL": [3.0, 5.0, 4.0, 1.0], "lincomb_cube": [3.6884193420410156, 6.411529541015625, 5.282005310058594, 1.0], "sv_LLL": [18.0, 0.0, 0.0, 1.0], "sv_cube": [5.728515625, 4.572509765625, 5.1068115234375, 5.353515625], "lincomb_diff": [-0.6884193420410156, -1.411529541015625, -1.2820053100585938, 0.0]}, {"B": [[24, -32, -4, -35], [46, -28, -18, -23], [-11, -14, -22, -25], [37, -19, 29, 32]], "G": [[2841, 2877, 1147, 260], [2877, 3753, 857, 976], [1147, 857, 1426, -1579], [260, 976, -1579, 3595]], "lincomb_LLL": [-1.0, 0.0, 2.0, 1.0], "lincomb_cube": [-1.0, 0.4813346862792969, 0.8769721984863281, 0.3268303871154785], "sv_LLL": [-9.0, -15.0, -11.0, 17.0], "sv_cube": [0.5874176025390625, 0.035247802734375, -14.479339599609375, 12.463577270507812], "lincomb_diff": [0.0, -0.4813346862792969, 1.1230278015136719, 0.6731700897216797]}, {"B": [[-11, -30, -48, 5], [-34, -5, -7, 29], [-7, -18, 31, 30], [-39, -44, 34, 30]], "G": [[3350, 1005, -721, 267], [1005, 2071, 981, 2178], [-721, 981, 2234, 3019], [267, 2178, 3019, 5513]], "lincomb_LLL": [0.0, -1.0, -1.0, 1.0], "lincomb_cube": [0.28568077087402344, -1.0, 0.06205958127975464, 0.3472456932067871], "sv_LLL": [2.0, -21.0, 10.0, -29.0], "sv_cube": [16.8804931640625, -19.96630859375, 7.01751708984375, -15.292434692382812], "lincomb_diff": [-0.28568077087402344, 0.0, -1.0620594024658203, 0.6527538299560547]}, {"B": [[-6, -44, -13, 17], [25, 22, 42, -6], [-17, 34, 4, 35], [-26, 37, -4, 7]], "G": [[2430, -1766, -851, -1301], [-1766, 2909, 281, -46], [-851, 281, 2686, 1929], [-1301, -46, 1929, 2110]], "lincomb_LLL": [0.0, 0.0, -1.0, 1.0], "lincomb_cube": [1.0328807830810547, 0.7484245300292969, -1.0, 1.5673961639404297], "sv_LLL": [-9.0, 3.0, -8.0, -28.0], "sv_cube": [-11.239013671875, -4.98779296875, 7.736824035644531, -10.959808349609375], "lincomb_diff": [-1.0328807830810547, -0.7484245300292969, 0.0, -0.5673961639404297]}, {"B": [[31, 2, -38, -21], [38, -38, 12, -26], [12, 30, -36, 6], [-26, 49, -36, 20]], "G": [[2850, 1192, 1674, 240], [1192, 3708, -1272, -3802], [1674, -1272, 2376, 2574], [240, -3802, 2574, 4773]], "lincomb_LLL": [-1.0, 3.0, -1.0, 3.0], "lincomb_cube": [-1.7964401245117188, 4.8025360107421875, -1.0, 4.45513916015625], "sv_LLL": [-7.0, 1.0, 2.0, -3.0], "sv_cube": [-1.0269775390625, 2.212646484375, 1.51025390625, -4.0379638671875], "lincomb_diff": [0.7964401245117188, -1.8025360107421875, 0.0, -1.45513916015625]}, {"B": [[-16, 13, -32, 26], [31, 24, -1, -29], [-27, -37, 6, 36], [-36, -31, 21, 25]], "G": [[2125, -906, 695, 151], [-906, 2379, -2775, -2606], [695, -2775, 3430, 3145], [151, -2606, 3145, 3323]], "lincomb_LLL": [0.0, 1.0, 1.0, 0.0], "lincomb_cube": [0.644282341003418, 2.4337387084960938, 1.0, 0.9329042434692383], "sv_LLL": [4.0, -13.0, 5.0, 7.0], "sv_cube": [4.55291748046875, 0.8653564453125, 2.54022216796875, 5.495574951171875], "lincomb_diff": [-0.644282341003418, -1.4337387084960938, 0.0, -0.9329042434692383]}, {"B": [[-27, 40, 15, 35], [28, -13, -15, 1], [-38, -8, 29, 5], [27, -14, -49, 49]], "G": [[3779, -1466, 1316, -309], [-1466, 1179, -1390, 1722], [1316, -1390, 2374, -2090], [-309, 1722, -2090, 5727]], "lincomb_LLL": [0.0, 1.0, 1.0, 0.0], "lincomb_cube": [0.4151897430419922, 2.013935089111328, 1.0, -0.21821284294128418], "sv_LLL": [-10.0, -21.0, 14.0, 6.0], "sv_cube": [1.2883071899414062, -14.518569946289062, 15.711257934570312, 10.853164672851562], "lincomb_diff": [-0.4151897430419922, -1.0139350891113281, 0.0, 0.21821284294128418]}, {"B": [[-29, -25, 22, 25], [6, 48, -48, 21], [46, 36, -25, -1], [-17, 15, -33, -37]], "G": [[2575, -1905, -2809, -1533], [-1905, 5085, 3183, 1425], [-2809, 3183, 4038, 620], [-1533, 1425, 620, 2972]], "lincomb_LLL": [2.0, -1.0, 2.0, 1.0], "lincomb_cube": [3.3551101684570312, -1.0, 2.8749618530273438, 1.6103324890136719], "sv_LLL": [11.0, -11.0, 9.0, -10.0], "sv_cube": [1.574432373046875, -4.224273681640625, -3.20263671875, 0.42059326171875], "lincomb_diff": [-1.3551101684570312, 0.0, -0.8749618530273438, -0.6103324890136719]}, {"B": [[-23, 47, 30, -9], [44, 50, -44, -19], [11, 36, -24, -24], [14, -20, -37, -4]], "G": [[3719, 189, 935, -2336], [189, 6733, 3796, 1320], [935, 3796, 2569, 418], [-2336, 1320, 418, 1981]], "lincomb_LLL": [1.0, 1.0, -2.0, 1.0], "lincomb_cube": [0.8247184753417969, 0.2501692771911621, -0.8325233459472656, 1.0], "sv_LLL": [13.0, 5.0, -3.0, 16.0], "sv_cube": [-3.11883544921875, 1.2994384765625, -3.28533935546875, 3.80487060546875], "lincomb_diff": [0.17528152465820312, 0.7498302459716797, -1.1674766540527344, 0.0]}, {"B": [[-6, 27, 3, 5], [48, -39, -27, -50], [34, -24, -36, -20], [34, -4, 24, -36]], "G": [[799, -1672, -1060, -420], [-1672, 7054, 4540, 2940], [-1060, 4540, 3428, 1108], [-420, 2940, 1108, 3044]], "lincomb_LLL": [-1.0, -2.0, 2.0, 1.0], "lincomb_cube": [-1.0, -0.9649791717529297, 0.8070955276489258, 0.5002555847167969], "sv_LLL": [12.0, -1.0, 3.0, 19.0], "sv_cube": [4.1309814453125, -10.737106323242188, 6.005126953125, 9.09783935546875], "lincomb_diff": [0.0, -1.0350208282470703, 1.1929054260253906, 0.4997444152832031]}, {"B": [[23, -4, -34, 14], [25, -46, -9, 44], [44, -28, -35, 29], [28, -39, 37, -12]], "G": [[1897, 1681, 2720, -626], [1681, 4758, 3979, 1633], [2720, 3979, 4786, 681], [-626, 1633, 681, 3818]], "lincomb_LLL": [5.0, 1.0, -4.0, 1.0], "lincomb_cube": [3.8466567993164062, 1.0, -3.125743865966797, 0.7605133056640625], "sv_LLL": [-8.0, 7.0, -2.0, -14.0], "sv_cube": [-2.76519775390625, -3.5257568359375, -2.24639892578125, -1.91949462890625], "lincomb_diff": [1.1533432006835938, 0.0, -0.8742561340332031, 0.2394866943359375]}, {"B": [[-41, -16, 43, -48], [-34, -16, 37, -18], [-13, 21, 20, 37], [-44, -32, 27, 40]], "G": [[6090, 4105, -719, 1557], [4105, 3105, 180, 2287], [-719, 180, 2379, 1920], [1557, 2287, 1920, 5289]], "lincomb_LLL": [4.0, -6.0, 1.0, 1.0], "lincomb_cube": [2.6941680908203125, -4.3177642822265625, 0.33388233184814453, 1.0], "sv_LLL": [-17.0, 21.0, -3.0, -7.0], "sv_cube": [-11.9974365234375, 0.98907470703125, -10.23046875, 0.7532958984375], "lincomb_diff": [1.3058319091796875, -1.6822357177734375, 0.6661176681518555, 0.0]}, {"B": [[-27, -27, -33, -34], [3, 20, 15, 27], [22, -21, 27, -44], [43, 1, 18, 23]], "G": [[3703, -2034, 578, -2564], [-2034, 1363, -1137, 1040], [578, -1137, 3590, 399], [-2564, 1040, 399, 2703]], "lincomb_LLL": [-3.0, -5.0, -1.0, -1.0], "lincomb_cube": [-2.453319549560547, -3.3648300170898438, -0.5595521926879883, -1.0], "sv_LLL": [1.0, 1.0, -21.0, -12.0], "sv_cube": [0.8349609375, 9.693588256835938, -2.62078857421875, -5.81732177734375], "lincomb_diff": [-0.5466804504394531, -1.6351699829101562, -0.4404478073120117, 0.0]}, {"B": [[-34, -41, -27, -48], [-47, 30, 28, -3], [37, -18, -16, 9], [16, -6, 44, -7]], "G": [[5870, -244, -520, -1150], [-244, 3902, -2754, 321], [-520, -2754, 2030, -67], [-1150, 321, -67, 2277]], "lincomb_LLL": [1.0, 5.0, 7.0, 0.0], "lincomb_cube": [1.0, 5.8339691162109375, 8.16827392578125, -0.07704472541809082], "sv_LLL": [-10.0, -17.0, 1.0, 0.0], "sv_cube": [-7.2034149169921875, -12.547500610351562, 2.2687225341796875, 8.5517578125], "lincomb_diff": [0.0, -0.8339691162109375, -1.16827392578125, 0.07704472541809082]}, {"B": [[-13, 5, 7, 2], [-21, 2, -3, -25], [-17, -32, -3, -1], [-45, -21, 24, 42]], "G": [[247, 212, 38, 732], [212, 1079, 327, -219], [38, 327, 1323, 1323], [732, -219, 1323, 4806]], "lincomb_LLL": [-4.0, 1.0, -1.0, 1.0], "lincomb_cube": [-2.8933372497558594, 1.0, -0.8973302841186523, 0.7332687377929688], "sv_LLL": [3.0, -7.0, -4.0, 10.0], "sv_cube": [-1.129058837890625, 0.849212646484375, -2.962921142578125, 0.907958984375], "lincomb_diff": [-1.1066627502441406, 0.0, -0.10266971588134766, 0.26673126220703125]}, {"B": [[-26, 22, 36, -26], [10, -7, 15, -13], [40, 11, 16, 29], [50, 38, 40, 37]], "G": [[3132, 464, -976, 14], [464, 543, 186, 353], [-976, 186, 2818, 4131], [14, 353, 4131, 6913]], "lincomb_LLL": [-1.0, 1.0, -2.0, 1.0], "lincomb_cube": [-1.0946979522705078, 1.0, -3.0123748779296875, 1.7512569427490234], "sv_LLL": [6.0, -13.0, -13.0, -8.0], "sv_cube": [5.530029296875, 2.3282470703125, -2.556884765625, -7.1002197265625], "lincomb_diff": [0.09469795227050781, 0.0, 1.0123748779296875, -0.7512569427490234]}, {"B": [[-33, 20, -4, 10], [33, -34, -44, -2], [9, 33, 0, 38], [-27, 32, -44, 34]], "G": [[1605, -1613, 743, 2047], [-1613, 4185, -901, -111], [743, -901, 2614, 2105], [2047, -111, 2105, 4845]], "lincomb_LLL": [-2.0, -1.0, -1.0, 1.0], "lincomb_cube": [-3.029224395751953, -1.3381729125976562, -1.0, 1.6836490631103516], "sv_LLL": [-3.0, -7.0, 8.0, -22.0], "sv_cube": [1.34613037109375, 5.7901611328125, -3.083984375, -8.37188720703125], "lincomb_diff": [1.0292243957519531, 0.33817291259765625, 0.0, -0.6836490631103516]}, {"B": [[1, 30, 1, -32], [28, -49, -14, 39], [0, 23, -27, 46], [26, -44, 29, -13]], "G": [[1926, -2704, -809, -849], [-2704, 4902, 1045, 1971], [-809, 1045, 3374, -2393], [-849, 1971, -2393, 3622]], "lincomb_LLL": [1.0, 0.0, 1.0, 1.0], "lincomb_cube": [1.0, 0.5928792953491211, -0.01209801435470581, -0.09622204303741455], "sv_LLL": [27.0, 9.0, 3.0, 1.0], "sv_cube": [15.098846435546875, 4.9044342041015625, -9.76409912109375, -8.183334350585938], "lincomb_diff": [0.0, -0.5928792953491211, 1.0120983123779297, 1.096221923828125]}, {"B": [[6, 12, -43, -25], [8, -37, 45, -17], [7, -25, 37, -8], [2, 0, -22, -45]], "G": [[2654, -1906, -1649, 2083], [-1906, 3747, 2782, -209], [-1649, 2782, 2107, -440], [2083, -209, -440, 2513]], "lincomb_LLL": [-1.0, -2.0, 2.0, 1.0], "lincomb_cube": [-1.0, 0.2507286071777344, -0.9717626571655273, 0.6795969009399414], "sv_LLL": [-6.0, 12.0, 5.0, -2.0], "sv_cube": [-9.43731689453125, 3.01708984375, 3.3764495849609375, -2.07012939453125], "lincomb_diff": [0.0, -2.2507286071777344, 2.9717636108398438, 0.3204030990600586]}, {"B": [[-33, 40, -49, -21], [2, 14, 50, -42], [-31, -22, -21, -35], [-27, -41, -27, -7]], "G": [[5531, -1074, 1907, 721], [-1074, 4464, 50, -1684], [1907, 50, 3111, 2551], [721, -1684, 2551, 3188]], "lincomb_LLL": [1.0, 1.0, -2.0, 2.0], "lincomb_cube": [1.0, 1.390054702758789, -3.05938720703125, 2.956195831298828], "sv_LLL": [-23.0, 16.0, -11.0, -7.0], "sv_cube": [-15.196044921875, 5.5633544921875, 4.9324951171875, 7.0029296875], "lincomb_diff": [0.0, -0.39005470275878906, 1.05938720703125, -0.9561958312988281]}, {"B": [[-11, -3, 9, -33], [-40, -31, 47, 18], [13, 6, -41, 36], [-31, -23, 11, -29]], "G": [[1300, 362, -1718, 1466], [362, 5094, -1985, 1948], [-1718, -1985, 3182, -2036], [1466, 1948, -2036, 2452]], "lincomb_LLL": [-3.0, -1.0, -1.0, 2.0], "lincomb_cube": [-4.0656585693359375, -1.1000041961669922, -1.6016082763671875, 2.0], "sv_LLL": [-2.0, -12.0, -11.0, -13.0], "sv_cube": [5.9014892578125, -9.3125, -0.625244140625, -1.29119873046875], "lincomb_diff": [1.0656585693359375, 0.10000419616699219, 0.6016082763671875, 0.0]}, {"B": [[0, 40, 15, -44], [25, 48, -28, 41], [4, 29, -23, 23], [-13, -37, 17, -22]], "G": [[3761, -304, -197, -257], [-304, 5394, 3079, -3479], [-197, 3079, 1915, -2022], [-257, -3479, -2022, 2311]], "lincomb_LLL": [0.0, 0.0, 1.0, 1.0], "lincomb_cube": [0.38960933685302734, 1.4941959381103516, 1.0, 3.1676483154296875], "sv_LLL": [-9.0, -8.0, -6.0, 1.0], "sv_cube": [0.17547607421875, -0.897216796875, -5.143310546875, -2.569091796875], "lincomb_diff": [-0.38960933685302734, -1.4941959381103516, 0.0, -2.1676483154296875]}, {"B": [[4, 30, 14, -18], [-38, 25, 49, 38], [-17, -19, -2, 14], [-35, -41, -22, 41]], "G": [[1436, 600, -918, -2416], [600, 5914, 605, 785], [-918, 605, 850, 1992], [-2416, 785, 1992, 5071]], "lincomb_LLL": [1.0, 0.0, -1.0, 1.0], "lincomb_cube": [1.0, -0.18657541275024414, 0.3598141670227051, 0.36397409439086914], "sv_LLL": [-14.0, 8.0, -6.0, 9.0], "sv_cube": [-7.766059875488281, 3.576202392578125, -3.8692550659179688, -5.129547119140625], "lincomb_diff": [0.0, 0.18657541275024414, -1.3598136901855469, 0.6360263824462891]}, {"B": [[47, -42, 6, -50], [-46, -37, -37, 27], [15, -40, -22, 50], [-27, 35, 15, -29]], "G": [[6509, -2180, -247, -1199], [-2180, 5583, 2954, -1391], [-247, 2954, 4809, -3585], [-1199, -1391, -3585, 3020]], "lincomb_LLL": [1.0, -1.0, 5.0, 6.0], "lincomb_cube": [1.2120437622070312, -1.0, 6.013526916503906, 7.1591796875], "sv_LLL": [6.0, 5.0, 23.0, -1.0], "sv_cube": [-0.12890625, -3.87548828125, 19.3623046875, 5.4580078125], "lincomb_diff": [-0.21204376220703125, 0.0, -1.0135269165039062, -1.1591796875]}, {"B": [[41, -29, 32, -3], [24, 22, 48, -46], [2, 24, 34, -33], [-37, 31, 7, -37]], "G": [[3555, 2020, 573, -2081], [2020, 5480, 3726, 1832], [573, 3726, 2825, 2129], [-2081, 1832, 2129, 3748]], "lincomb_LLL": [1.0, 0.0, -1.0, 1.0], "lincomb_cube": [1.0, -0.9905176162719727, 0.560028076171875, 0.7212724685668945], "sv_LLL": [2.0, -22.0, 5.0, -7.0], "sv_cube": [-8.339447021484375, -14.99127197265625, 8.544998168945312, -2.604217529296875], "lincomb_diff": [0.0, 0.9905176162719727, -1.560028076171875, 0.27872753143310547]}, {"B": [[-9, 32, 26, 49], [-12, -44, -9, 18], [18, -29, -41, -26], [-1, 31, 40, -17]], "G": [[4182, -652, -3430, 1208], [-652, 2485, 961, -2018], [-3430, 961, 3522, -2115], [1208, -2018, -2115, 2851]], "lincomb_LLL": [-2.0, -1.0, -3.0, -2.0], "lincomb_cube": [-1.2867145538330078, -1.0, -1.943878173828125, -1.6046829223632812], "sv_LLL": [-22.0, 5.0, 0.0, -4.0], "sv_cube": [-9.8046875, 9.452392578125, -8.94287109375, -3.2286376953125], "lincomb_diff": [-0.7132854461669922, 0.0, -1.056121826171875, -0.39531707763671875]}, {"B": [[35, -33, -15, 28], [-9, 4, -46, -38], [48, -34, 7, 38], [-5, -13, -1, 8]], "G": [[3323, -821, 3761, 493], [-821, 3657, -2334, -265], [3761, -2334, 4953, 499], [493, -265, 499, 259]], "lincomb_LLL": [0.0, 0.0, 0.0, 1.0], "lincomb_cube": [-1.105630874633789, 0.4229850769042969, 0.9381227493286133, 1.0], "sv_LLL": [-5.0, -13.0, -1.0, 8.0], "sv_cube": [-2.47406005859375, -6.7183837890625, 2.6940231323242188, -3.3824462890625], "lincomb_diff": [1.105630874633789, -0.4229850769042969, -0.9381227493286133, 0.0]}, {"B": [[-36, 14, -26, -4], [-17, -45, 32, -13], [28, -28, 38, 1], [46, -46, -19, -41]], "G": [[2184, -798, -2392, -1642], [-798, 3507, 1987, 1213], [-2392, 1987, 3013, 1813], [-1642, 1213, 1813, 6274]], "lincomb_LLL": [-48.0, 17.0, -48.0, -2.0], "lincomb_cube": [-49.62677001953125, 17.625732421875, -49.818603515625, -2.0], "sv_LLL": [3.0, -1.0, 6.0, 5.0], "sv_cube": [0.00390625, -1.01171875, -0.787109375, 1.553955078125], "lincomb_diff": [1.62677001953125, -0.625732421875, 1.818603515625, 0.0]}, {"B": [[-38, -3, 0, 35], [-4, 50, -12, 50], [4, 25, -22, 37], [3, 37, 11, 38]], "G": [[2678, 1752, 1068, 1105], [1752, 5160, 3348, 3606], [1068, 3348, 2494, 2101], [1105, 3606, 2101, 2943]], "lincomb_LLL": [0.0, -2.0, 2.0, 1.0], "lincomb_cube": [0.08237481117248535, -1.2196903228759766, 0.7596416473388672, 1.0], "sv_LLL": [19.0, -13.0, -9.0, 12.0], "sv_cube": [7.787086486816406, -5.2406005859375, 8.924163818359375, 8.00537109375], "lincomb_diff": [-0.08237481117248535, -0.7803096771240234, 1.2403583526611328, 0.0]}, {"B": [[-13, 17, -10, 13], [-16, 29, -41, 41], [-14, -10, -24, 25], [-45, -35, 39, -30]], "G": [[727, 1644, 577, -790], [1644, 4459, 1943, -3124], [577, 1943, 1497, -706], [-790, -3124, -706, 5671]], "lincomb_LLL": [-4.0, 3.0, -2.0, 1.0], "lincomb_cube": [-5.518791198730469, 3.6897506713867188, -2.190277099609375, 1.0], "sv_LLL": [-13.0, 4.0, 4.0, -9.0], "sv_cube": [-1.62786865234375, 0.08612060546875, -4.525146484375, -5.221435546875], "lincomb_diff": [1.5187911987304688, -0.6897506713867188, 0.190277099609375, 0.0]}, {"B": [[-3, -34, 26, -49], [-40, 28, 43, 18], [8, -11, 16, -17], [7, 10, 25, -10]], "G": [[4242, -596, 1599, 779], [-596, 4557, -246, 895], [1599, -246, 730, 516], [779, 895, 516, 874]], "lincomb_LLL": [1.0, 0.0, -3.0, 1.0], "lincomb_cube": [0.45695066452026367, -0.23306727409362793, -1.7863006591796875, 1.0], "sv_LLL": [-20.0, 9.0, 3.0, -8.0], "sv_cube": [0.66143798828125, 7.58709716796875, -1.72198486328125, -6.21868896484375], "lincomb_diff": [0.5430488586425781, 0.23306727409362793, -1.2136993408203125, 0.0]}, {"B": [[38, -31, -1, 29], [-34, 22, 12, -35], [6, 5, -38, 48], [-49, 42, -23, -9]], "G": [[3247, -3001, 1503, -3402], [-3001, 3009, -2230, 2629], [1503, -2230, 3809, 358], [-3402, 2629, 358, 4775]], "lincomb_LLL": [3.0, 2.0, 0.0, 1.0], "lincomb_cube": [3.0, -0.18812036514282227, -1.5152111053466797, 2.3545570373535156], "sv_LLL": [-3.0, -7.0, -2.0, 8.0], "sv_cube": [-4.0684814453125, -5.8233642578125, -1.834228515625, -0.336883544921875], "lincomb_diff": [0.0, 2.188121795654297, 1.5152111053466797, -1.3545570373535156]}, {"B": [[43, -4, 46, 16], [6, 49, -44, 34], [23, 17, -15, 21], [0, -1, 36, -21]], "G": [[4237, -1418, 567, 1324], [-1418, 5529, 2345, -2347], [567, 2345, 1484, -998], [1324, -2347, -998, 1738]], "lincomb_LLL": [-1.0, -1.0, 3.0, 1.0], "lincomb_cube": [-0.6718244552612305, -0.4302859306335449, 1.6091270446777344, 1.0], "sv_LLL": [20.0, 5.0, -11.0, -8.0], "sv_cube": [5.539764404296875, 7.95843505859375, -0.1082763671875, -12.58721923828125], "lincomb_diff": [-0.32817554473876953, -0.5697135925292969, 1.3908729553222656, 0.0]}, {"B": [[-34, 50, 39, 37], [-47, -34, -9, -34], [1, 12, 30, 27], [-7, -24, 4, -27]], "G": [[6546, -1711, 2735, -1805], [-1711, 4602, -1643, 2027], [2735, -1643, 1774, -904], [-1805, 2027, -904, 1370]], "lincomb_LLL": [0.0, 0.0, 1.0, 1.0], "lincomb_cube": [0.3453946113586426, -0.47841739654541016, -0.466005802154541, 1.0], "sv_LLL": [-6.0, -12.0, 34.0, 0.0], "sv_cube": [3.2761993408203125, 3.943878173828125, 7.7959442138671875, -10.536346435546875], "lincomb_diff": [-0.3453946113586426, 0.47841739654541016, 1.4660053253173828, 0.0]}, {"B": [[-43, -11, 35, 14], [5, 6, -32, -17], [-41, -6, -23, 8], [-5, 23, 35, -24]], "G": [[3391, -1639, 1136, 851], [-1639, 1374, 359, -599], [1136, 359, 2310, -930], [851, -599, -930, 2355]], "lincomb_LLL": [-1.0, -1.0, 1.0, 1.0], "lincomb_cube": [-2.0566062927246094, -2.487773895263672, 1.8006134033203125, 1.0], "sv_LLL": [-8.0, 22.0, 9.0, -13.0], "sv_cube": [-2.8299560546875, 19.892364501953125, 1.21343994140625, 3.90460205078125], "lincomb_diff": [1.0566062927246094, 1.4877738952636719, -0.8006134033203125, 0.0]}, {"B": [[3, 49, 29, 23], [6, -32, -16, -27], [19, -38, -28, -38], [32, 35, -11, 46]], "G": [[3780, -2635, -3491, 2550], [-2635, 2045, 2804, -1994], [-3491, 2804, 4033, -2162], [2550, -1994, -2162, 4486]], "lincomb_LLL": [0.0, -1.0, 1.0, 0.0], "lincomb_cube": [-0.3284130096435547, -2.0162010192871094, 1.0, -0.22756385803222656], "sv_LLL": [13.0, -6.0, -12.0, -11.0], "sv_cube": [-1.3644866943359375, 2.4614715576171875, -2.761566162109375, -1.5840301513671875], "lincomb_diff": [0.3284130096435547, 1.0162010192871094, 0.0, 0.22756385803222656]}, {"B": [[40, -19, 5, 45], [-45, -20, -45, 45], [-34, 17, -22, 17], [-31, 33, 29, -30]], "G": [[4011, 380, -1028, -3072], [380, 6475, 2945, -1920], [-1028, 2945, 2218, 467], [-3072, -1920, 467, 3791]], "lincomb_LLL": [0.0, 1.0, -2.0, 1.0], "lincomb_cube": [0.48027658462524414, 0.6636276245117188, -0.8690977096557617, 1.0], "sv_LLL": [-8.0, -21.0, 28.0, -19.0], "sv_cube": [-12.102874755859375, -4.1724853515625, 20.658294677734375, 6.7010498046875], "lincomb_diff": [-0.48027658462524414, 0.33637237548828125, -1.1309013366699219, 0.0]}, {"B": [[38, 25, 38, 32], [22, 9, 12, -12], [-14, -25, -2, 32], [-13, 41, -25, 49]], "G": [[4537, 1133, -209, 1149], [1133, 853, -941, -805], [-209, -941, 1849, 775], [1149, -805, 775, 4876]], "lincomb_LLL": [0.0, 1.0, 1.0, 0.0], "lincomb_cube": [-0.5998859405517578, 2.230968475341797, 1.0, 0.3507380485534668], "sv_LLL": [8.0, -16.0, 10.0, 20.0], "sv_cube": [7.726051330566406, -5.5381927490234375, -6.7924957275390625, 3.21820068359375], "lincomb_diff": [0.5998859405517578, -1.2309684753417969, 0.0, -0.3507380485534668]}, {"B": [[-11, -10, 50, -11], [0, -38, -15, 28], [27, 7, 16, -45], [12, 46, 13, -43]], "G": [[2842, -678, 928, 531], [-678, 2453, -1766, -3147], [928, -1766, 3059, 2789], [531, -3147, 2789, 4278]], "lincomb_LLL": [2.0, 13.0, -4.0, 12.0], "lincomb_cube": [2.0, 11.667434692382812, -3.6240577697753906, 10.697265625], "sv_LLL": [14.0, 10.0, -3.0, 6.0], "sv_cube": [8.517578125, 3.34375, 6.068115234375, 7.7880859375], "lincomb_diff": [0.0, 1.3325653076171875, -0.3759422302246094, 1.302734375]}, {"B": [[4, 42, 8, 2], [-45, -26, 13, 22], [16, 33, 1, 10], [47, 14, -10, -46]], "G": [[1848, -1124, 1478, 604], [-1124, 3354, -1345, -3621], [1478, -1345, 1446, 744], [604, -3621, 744, 4621]], "lincomb_LLL": [-1.0, 3.0, 3.0, 2.0], "lincomb_cube": [-1.0, 1.8107452392578125, 2.0815277099609375, 1.214468002319336], "sv_LLL": [3.0, 7.0, 14.0, 2.0], "sv_cube": [4.90093994140625, -3.3863525390625, 5.476531982421875, 2.78619384765625], "lincomb_diff": [0.0, 1.1892547607421875, 0.9184722900390625, 0.7855319976806641]}, {"B": [[24, 2, 4, -17], [5, -28, -27, -48], [-2, -11, -30, -17], [43, -47, 43, -50]], "G": [[885, 772, 99, 1960], [772, 3842, 1924, 2770], [99, 1924, 1314, -9], [1960, 2770, -9, 8407]], "lincomb_LLL": [-1.0, -2.0, 3.0, 1.0], "lincomb_cube": [-1.0, -0.21324729919433594, 0.3896670341491699, 0.3038187026977539], "sv_LLL": [3.0, -26.0, 3.0, 12.0], "sv_cube": [-12.781341552734375, -14.594894409179688, 3.131866455078125, 5.4206085205078125], "lincomb_diff": [0.0, -1.786752700805664, 2.610332489013672, 0.6961812973022461]}, {"B": [[-34, 33, 44, -15], [43, -12, -9, 44], [-39, 18, 33, 36], [-3, 6, 27, 45]], "G": [[4406, -2914, 2832, 813], [-2914, 4010, -606, 1536], [2832, -606, 4230, 2736], [813, 1536, 2736, 2799]], "lincomb_LLL": [-1.0, -1.0, 0.0, 1.0], "lincomb_cube": [-1.0, -1.9231204986572266, -1.2956829071044922, 2.6123275756835938], "sv_LLL": [-12.0, -15.0, -8.0, 16.0], "sv_cube": [-5.999580383300781, -17.5709228515625, 1.0833740234375, 1.292724609375], "lincomb_diff": [0.0, 0.9231204986572266, 1.2956829071044922, -1.6123275756835938]}, {"B": [[9, 25, 6, -1], [33, 50, 5, 12], [-41, 49, 39, -43], [11, 3, 15, -4]], "G": [[743, 1565, 1133, 268], [1565, 3758, 776, 540], [1133, 776, 7452, 453], [268, 540, 453, 371]], "lincomb_LLL": [-10.0, 4.0, 1.0, 0.0], "lincomb_cube": [-8.944793701171875, 3.4968719482421875, 1.0, 0.15065622329711914], "sv_LLL": [1.0, -1.0, -1.0, 15.0], "sv_cube": [-4.449226379394531, 0.6756019592285156, 5.0754547119140625, 7.304603576660156], "lincomb_diff": [-1.055206298828125, 0.5031280517578125, 0.0, -0.15065622329711914]}, {"B": [[-15, -4, 30, -19], [-14, -33, 35, -40], [30, -46, 2, 16], [-2, -17, 24, -30]], "G": [[1502, 2152, -510, 1388], [2152, 4110, 528, 2629], [-510, 528, 3276, 290], [1388, 2629, 290, 1769]], "lincomb_LLL": [-1.0, 0.0, 0.0, 1.0], "lincomb_cube": [0.0013712532818317413, -0.6423320770263672, 0.01521696150302887, 1.0], "sv_LLL": [13.0, -13.0, -6.0, -11.0], "sv_cube": [7.4285888671875, 3.491485595703125, 1.589935302734375, -4.08929443359375], "lincomb_diff": [-1.0013713836669922, 0.6423320770263672, -0.01521696150302887, 0.0]}, {"B": [[29, 21, -23, 21], [-14, -14, 46, 24], [-26, -47, -29, -49], [25, 25, -13, -29]], "G": [[2252, -1254, -2103, 940], [-1254, 3084, -1488, -1994], [-2103, -1488, 6127, -27], [940, -1994, -27, 2260]], "lincomb_LLL": [2.0, 2.0, 1.0, 1.0], "lincomb_cube": [0.9473285675048828, 1.3488235473632812, 0.6571378707885742, 1.0], "sv_LLL": [29.0, -8.0, 4.0, 12.0], "sv_cube": [16.50341796875, -4.8751220703125, 8.2003173828125, -8.93414306640625], "lincomb_diff": [1.0526714324951172, 0.6511764526367188, 0.3428621292114258, 0.0]}, {"B": [[-13, 17, -8, -46], [12, 20, 16, 8], [-43, -36, -8, 3], [46, 38, -25, -49]], "G": [[2638, -312, -127, 2502], [-312, 864, -1340, 520], [-127, -1340, 3218, -3293], [2502, 520, -3293, 6586]], "lincomb