[{"B": [[-14, 29, -23, 45], [5, 38, 36, -21], [-1, -47, 37, -26], [32, 44, -48, -37]], "G": [[3591, -741, -3370, 267], [-741, 3206, 87, 881], [-3370, 87, 4255, -2914], [267, 881, -2914, 6633]], "lincomb_LLL": [-12.0, -1.0, -13.0, -5.0], "lincomb_cube": [-10.883880615234375, -1.0, -11.741180419921875, -4.587188720703125], "sv_LLL": [16.0, 5.0, -1.0, 4.0], "sv_cube": [12.325439453125, -3.6328125, 0.090576171875, 6.22216796875], "lincomb_diff": [-1.116119384765625, 0.0, -1.258819580078125, -0.412811279296875]}, {"B": [[39, 8, 7, -30], [-20, -7, 15, 17], [-12, 8, 18, -29], [31, 9, -35, 0]], "G": [[2534, -1241, 592, 1036], [-1241, 963, -39, -1208], [592, -39, 1373, -930], [1036, -1208, -930, 2267]], "lincomb_LLL": [0.0, 1.0, 1.0, 1.0], "lincomb_cube": [0.23765850067138672, 2.1869544982910156, 1.0, 1.4669723510742188], "sv_LLL": [-1.0, 10.0, -2.0, -12.0], "sv_cube": [-0.9942626953125, 7.79534912109375, 1.1239013671875, 1.0484619140625], "lincomb_diff": [-0.23765850067138672, -1.1869544982910156, 0.0, -0.46697235107421875]}, {"B": [[-6, 41, 23, -12], [23, -49, -32, 40], [-35, -50, -6, -2], [-21, 21, 32, -17]], "G": [[2390, -3363, -1954, 1927], [-3363, 5554, 1757, -3216], [-1954, 1757, 3765, -473], [1927, -3216, -473, 2195]], "lincomb_LLL": [-3.0, -1.0, -1.0, 1.0], "lincomb_cube": [-1.7865524291992188, -1.0, -0.46001672744750977, 0.004145413637161255], "sv_LLL": [9.0, -3.0, 1.0, -19.0], "sv_cube": [3.7328453063964844, -1.1607799530029297, -6.197944641113281, -17.7117919921875], "lincomb_diff": [-1.2134475708007812, 0.0, -0.5399837493896484, 0.995854377746582]}, {"B": [[-41, 7, 42, -7], [-29, 45, -5, -32], [33, 33, -30, 18], [46, -38, -24, 41]], "G": [[3543, 1518, -2508, -3447], [1518, 3915, 102, -4236], [-2508, 102, 3402, 1722], [-3447, -4236, 1722, 5817]], "lincomb_LLL": [-1.0, -3.0, 1.0, -3.0], "lincomb_cube": [-1.0, -1.5146541595458984, 0.19578218460083008, -1.7535171508789062], "sv_LLL": [23.0, 5.0, 15.0, -2.0], "sv_cube": [10.72412109375, -2.06494140625, 1.7841796875, -12.901123046875], "lincomb_diff": [0.0, -1.4853458404541016, 0.8042182922363281, -1.2464828491210938]}, {"B": [[45, 18, 20, -31], [-26, -5, -19, 2], [-5, -28, -10, -12], [16, 23, -23, -24]], "G": [[3710, -1702, -557, 1418], [-1702, 1066, 436, -142], [-557, 436, 1053, -206], [1418, -142, -206, 1890]], "lincomb_LLL": [-1.0, -1.0, 0.0, 1.0], "lincomb_cube": [-1.251840591430664, -2.0161209106445312, 0.3682365417480469, 1.0], "sv_LLL": [-3.0, 10.0, -24.0, 5.0], "sv_cube": [10.2451171875, 0.23681640625, -13.41290283203125, 6.35601806640625], "lincomb_diff": [0.25184059143066406, 1.0161209106445312, -0.3682365417480469, 0.0]}, {"B": [[-11, 43, -20, -9], [-39, -47, 23, 11], [-40, 18, -22, -5], [13, 39, -3, -2]], "G": [[2451, -2151, 1699, 1612], [-2151, 4380, 153, -2431], [1699, 153, 2433, 258], [1612, -2431, 258, 1703]], "lincomb_LLL": [-3.0, -1.0, 2.0, 1.0], "lincomb_cube": [-4.0595855712890625, -1.0, 2.684772491455078, 2.008441925048828], "sv_LLL": [5.0, -7.0, -10.0, 4.0], "sv_cube": [2.3743896484375, -0.9071044921875, -6.898681640625, 8.09552001953125], "lincomb_diff": [1.0595855712890625, 0.0, -0.6847724914550781, -1.0084419250488281]}, {"B": [[33, -4, -46, 23], [-14, 46, -28, -50], [6, -22, -3, -11], [-23, 45, 24, 21]], "G": [[3750, -508, 171, -1560], [-508, 5596, -462, 670], [171, -462, 650, -1431], [-1560, 670, -1431, 3571]], "lincomb_LLL": [4.0, 1.0, 26.0, 12.0], "lincomb_cube": [3.638927459716797, 1.0, 24.11346435546875, 11.064987182617188], "sv_LLL": [-2.0, -2.0, -2.0, 8.0], "sv_cube": [-3.7294921875, -1.12744140625, -2.17138671875, 0.81201171875], "lincomb_diff": [0.3610725402832031, 0.0, 1.88653564453125, 0.9350128173828125]}, {"B": [[-48, 16, -47, -13], [-48, -27, 6, -23], [3, -4, -36, -8], [3, 31, 30, 30]], "G": [[4938, 1889, 1588, -1448], [1889, 3598, -68, -1491], [1588, -68, 1385, -1435], [-1448, -1491, -1435, 2770]], "lincomb_LLL": [-1.0, 1.0, 2.0, 1.0], "lincomb_cube": [-1.0, 1.3024177551269531, 3.0119094848632812, 1.738626480102539], "sv_LLL": [9.0, -20.0, 11.0, 4.0], "sv_cube": [-0.264434814453125, -9.31549072265625, -1.45538330078125, 11.10791015625], "lincomb_diff": [0.0, -0.3024177551269531, -1.0119094848632812, -0.7386264801025391]}, {"B": [[4, -2, -19, -35], [-1, -11, -46, 47], [21, 8, 43, 40], [48, 5, -45, 16]], "G": [[1606, -753, -2149, 477], [-753, 4447, -207, 2719], [-2149, -207, 3954, -247], [477, 2719, -247, 4610]], "lincomb_LLL": [-2.0, -1.0, -1.0, 1.0], "lincomb_cube": [-3.2349815368652344, -1.2411537170410156, -1.760721206665039, 1.0], "sv_LLL": [20.0, 12.0, -4.0, -1.0], "sv_cube": [-0.6739501953125, 11.036880493164062, -2.1533203125, 0.4613037109375], "lincomb_diff": [1.2349815368652344, 0.24115371704101562, 0.7607212066650391, 0.0]}, {"B": [[-21, 15, 18, -1], [-48, 34, 49, -36], [1, -2, 33, -48], [-32, -16, -26, -44]], "G": [[991, 2436, 591, 8], [2436, 7157, 3229, 1302], [591, 3229, 3398, 1254], [8, 1302, 1254, 3892]], "lincomb_LLL": [2.0, -1.0, 1.0, 0.0], "lincomb_cube": [3.894947052001953, -1.8280563354492188, 1.0, 0.2813382148742676], "sv_LLL": [7.0, -6.0, 20.0, -14.0], "sv_cube": [-2.0500640869140625, -10.23114013671875, 6.219505310058594, 1.536224365234375], "lincomb_diff": [-1.8949470520019531, 0.8280563354492188, 0.0, -0.2813382148742676]}, {"B": [[1, -8, 19, 14], [25, 3, 40, -6], [-19, -22, -26, 8], [-44, -5, -14, 42]], "G": [[622, 677, -225, 318], [677, 2270, -1629, -1927], [-225, -1629, 1585, 1646], [318, -1927, 1646, 3921]], "lincomb_LLL": [-1.0, 1.0, 1.0, 0.0], "lincomb_cube": [-2.21466064453125, 2.0147972106933594, 1.0, 0.7500057220458984], "sv_LLL": [5.0, -11.0, -5.0, -12.0], "sv_cube": [-3.844970703125, -1.988372802734375, 2.0132904052734375, -3.59375], "lincomb_diff": [1.21466064453125, -1.0147972106933594, 0.0, -0.7500057220458984]}, {"B": [[15, 43, 11, 18], [-7, 45, -24, 40], [48, -5, 50, -35], [-47, -4, 11, -8]], "G": [[2519, 2286, 425, -900], [2286, 4250, -3161, -435], [425, -3161, 6054, -1406], [-900, -435, -1406, 2410]], "lincomb_LLL": [-13.0, 14.0, 9.0, 3.0], "lincomb_cube": [-14.067184448242188, 14.920578002929688, 9.474807739257812, 3.0], "sv_LLL": [-2.0, 14.0, 4.0, -13.0], "sv_cube": [-1.6611328125, 7.1630859375, -6.0927734375, -12.00390625], "lincomb_diff": [1.0671844482421875, -0.9205780029296875, -0.4748077392578125, 0.0]}, {"B": [[37, -18, -6, -28], [10, -30, 10, -9], [3, -22, 36, 30], [3, -31, 46, -1]], "G": [[2513, 1102, -549, 421], [1102, 1181, 780, 1429], [-549, 780, 2689, 2317], [421, 1429, 2317, 3087]], "lincomb_LLL": [0.0, -1.0, -1.0, 1.0], "lincomb_cube": [0.38413524627685547, -1.0, 0.0418054461479187, 0.37914323806762695], "sv_LLL": [-10.0, 21.0, 0.0, -22.0], "sv_cube": [5.4758453369140625, 10.412429809570312, 6.6407623291015625, -0.8807621002197266], "lincomb_diff": [-0.38413524627685547, 0.0, -1.0418052673339844, 0.6208572387695312]}, {"B": [[1, -20, -17, -39], [26, -25, -24, -31], [-4, -12, -11, -17], [-4, 9, 0, 28]], "G": [[2211, 2143, 1086, -1276], [2143, 2838, 987, -1197], [1086, 987, 570, -568], [-1276, -1197, -568, 881]], "lincomb_LLL": [1.0, 0.0, -1.0, 1.0], "lincomb_cube": [1.7833480834960938, -0.22558951377868652, -2.010631561279297, 1.0], "sv_LLL": [1.0, 1.0, -6.0, 6.0], "sv_cube": [-0.03945159912109375, 3.100311279296875, -2.78582763671875, -0.37652587890625], "lincomb_diff": [-0.7833480834960938, 0.22558951377868652, 1.0106315612792969, 0.0]}, {"B": [[-50, 10, 22, 48], [-1, -20, -19, -13], [13, 33, 35, -30], [18, 10, -24, 45]], "G": [[5388, -1192, -990, 832], [-1192, 931, -948, -347], [-990, -948, 3383, -1626], [832, -347, -1626, 3025]], "lincomb_LLL": [1.0, 4.0, 2.0, 1.0], "lincomb_cube": [0.764399528503418, 2.8945350646972656, 1.5154533386230469, 1.0], "sv_LLL": [-10.0, 6.0, -8.0, -19.0], "sv_cube": [-3.413604736328125, 9.76324462890625, -9.138427734375, -1.40142822265625], "lincomb_diff": [0.23560047149658203, 1.1054649353027344, 0.4845466613769531, 0.0]}, {"B": [[-23, 7, -6, -31], [2, -12, -36, 8], [47, 8, 44, -31], [39, -3, 23, 46]], "G": [[1575, -162, -328, -2482], [-162, 1508, -1834, -346], [-328, -1834, 5170, 1395], [-2482, -346, 1395, 4175]], "lincomb_LLL": [-3.0, -1.0, 0.0, -2.0], "lincomb_cube": [-4.00811767578125, -1.0, 0.06185060739517212, -2.486328125], "sv_LLL": [-11.0, -3.0, 8.0, -7.0], "sv_cube": [-3.873046875, -8.10302734375, 5.5845947265625, -0.0367431640625], "lincomb_diff": [1.00811767578125, 0.0, -0.06185060739517212, 0.486328125]}, {"B": [[46, 29, -38, -33], [-14, -44, -35, 27], [3, 38, 21, -8], [43, 49, -5, -42]], "G": [[5490, -1481, 706, 4975], [-1481, 4086, -2665, -3717], [706, -2665, 1958, 2222], [4975, -3717, 2222, 6039]], "lincomb_LLL": [-35.0, 33.0, 3.0, 48.0], "lincomb_cube": [-37.42144775390625, 35.06829833984375, 3.0, 51.3089599609375], "sv_LLL": [1.0, -1.0, -2.0, 6.0], "sv_cube": [2.94140625, -0.0859375, 1.080078125, 2.7734375], "lincomb_diff": [2.42144775390625, -2.06829833984375, 0.0, -3.3089599609375]}, {"B": [[-45, 9, -38, 41], [-4, -36, 20, 21], [-10, -7, -6, 27], [43, 39, 37, -45]], "G": [[5231, -43, 1722, -4835], [-43, 2153, 739, -1781], [1722, 739, 914, -2140], [-4835, -1781, -2140, 6764]], "lincomb_LLL": [1.0, 1.0, -3.0, 0.0], "lincomb_cube": [1.0, 0.9385528564453125, -1.5068435668945312, 0.48520374298095703], "sv_LLL": [-19.0, -6.0, 0.0, -19.0], "sv_cube": [-12.822021484375, 4.682952880859375, 7.7646636962890625, -1.809326171875], "lincomb_diff": [0.0, 0.0614471435546875, -1.4931564331054688, -0.48520374298095703]}, {"B": [[-28, -46, 11, -2], [9, 50, 7, -29], [47, -1, 43, -35], [5, 44, -30, 47]], "G": [[3025, -2417, -727, -2588], [-2417, 3471, 1689, 672], [-727, 1689, 5284, -2744], [-2588, 672, -2744, 5070]], "lincomb_LLL": [1.0, 0.0, 1.0, 1.0], "lincomb_cube": [2.010894775390625, 0.6262245178222656, 1.0, 1.484689712524414], "sv_LLL": [24.0, -3.0, 24.0, 10.0], "sv_cube": [3.7543792724609375, 3.13629150390625, 24.96270751953125, 12.59808349609375], "lincomb_diff": [-1.010894775390625, -0.6262245178222656, 0.0, -0.48468971252441406]}, {"B": [[6, -18, -16, -17], [17, -47, -25, -27], [-32, 45, -28, -23], [0, 30, -43, -17]], "G": [[905, 1807, -163, 437], [1807, 3852, -1338, 124], [-163, -1338, 4362, 2945], [437, 124, 2945, 3038]], "lincomb_LLL": [-8.0, 4.0, 1.0, 0.0], "lincomb_cube": [-9.136581420898438, 4.628364562988281, 1.0, 0.1559467315673828], "sv_LLL": [-12.0, 1.0, 0.0, 5.0], "sv_cube": [-8.13720703125, -3.39630126953125, -4.229515075683594, 4.704864501953125], "lincomb_diff": [1.1365814208984375, -0.6283645629882812, 0.0, -0.1559467315673828]}, {"B": [[-5, -8, 4, 18], [18, -1, 17, -14], [-17, -21, -31, -28], [-9, -34, -41, -47]], "G": [[429, -266, -375, -693], [-266, 810, -420, -167], [-375, -420, 2475, 3454], [-693, -167, 3454, 5127]], "lincomb_LLL": [0.0, -1.0, -3.0, 2.0], "lincomb_cube": [-0.3514080047607422, -1.0, -1.8585262298583984, 1.1719951629638672], "sv_LLL": [15.0, -4.0, -6.0, 4.0], "sv_cube": [4.8040313720703125, 2.99249267578125, -8.8431396484375, 4.62957763671875], "lincomb_diff": [0.3514080047607422, 0.0, -1.1414737701416016, 0.8280048370361328]}, {"B": [[41, 15, -31, 21], [-38, 26, -40, -9], [50, 14, -46, 47], [24, -35, 9, 35]], "G": [[3308, -117, 4673, 915], [-117, 3801, -119, -2497], [4673, -119, 7021, 1941], [915, -2497, 1941, 3107]], "lincomb_LLL": [1.0, 1.0, -1.0, 1.0], "lincomb_cube": [2.8004493713378906, 1.0, -2.2254981994628906, 1.3692569732666016], "sv_LLL": [-23.0, -8.0, -16.0, 0.0], "sv_cube": [-1.59423828125, -11.07427978515625, -12.117721557617188, -6.86492919921875], "lincomb_diff": [-1.8004493713378906, 0.0, 1.2254981994628906, -0.36925697326660156]}, {"B": [[29, -19, -29, 14], [-35, 33, 12, -3], [-13, -49, 41, -22], [-33, 22, -28, 36]], "G": [[2239, -2032, -943, -59], [-2032, 2467, -604, 1437], [-943, -604, 4735, -2589], [-59, 1437, -2589, 3653]], "lincomb_LLL": [-5.0, -5.0, -1.0, 1.0], "lincomb_cube": [-3.737274169921875, -3.8287124633789062, -0.6859111785888672, 1.0], "sv_LLL": [10.0, 1.0, 16.0, 3.0], "sv_cube": [1.540771484375, 0.270263671875, 6.3140869140625, 10.25433349609375], "lincomb_diff": [-1.262725830078125, -1.1712875366210938, -0.3140888214111328, 0.0]}, {"B": [[-5, 9, 36, -46], [-25, 11, 28, -45], [-46, 8, 40, -33], [11, -24, -1, 38]], "G": [[3518, 3302, 3260, -2055], [3302, 3555, 3843, -2277], [3260, 3843, 4869, -1992], [-2055, -2277, -1992, 2142]], "lincomb_LLL": [-1.0, 1.0, 0.0, 0.0], "lincomb_cube": [-1.0, 2.3447418212890625, -0.8940286636352539, 0.7017126083374023], "sv_LLL": [-20.0, 2.0, -8.0, 1.0], "sv_cube": [-4.774383544921875, -7.201141357421875, -6.810050964355469, -3.34539794921875], "lincomb_diff": [0.0, -1.3447418212890625, 0.8940286636352539, -0.7017126083374023]}, {"B": [[-22, 42, 39, -2], [29, -48, -21, 4], [46, -21, 40, 2], [-14, -30, 18, 14]], "G": [[3773, -3481, -338, -278], [-3481, 3602, 1510, 712], [-338, 1510, 4161, 734], [-278, 712, 734, 1616]], "lincomb_LLL": [-6.0, -7.0, 2.0, 1.0], "lincomb_cube": [-5.167793273925781, -5.828643798828125, 1.5189952850341797, 1.0], "sv_LLL": [7.0, 12.0, 11.0, 2.0], "sv_cube": [0.534423828125, 0.828643798828125, -0.38262939453125, 4.0590057373046875], "lincomb_diff": [-0.8322067260742188, -1.171356201171875, 0.4810047149658203, 0.0]}, {"B": [[-12, -49, 19, 45], [50, -16, -30, -25], [-28, -27, 12, 28], [36, -26, -32, 22]], "G": [[4931, -1511, 3147, 1224], [-1511, 4281, -2028, 2626], [3147, -2028, 2441, -74], [1224, 2626, -74, 3480]], "lincomb_LLL": [0.0, -1.0, -1.0, 1.0], "lincomb_cube": [-0.5665397644042969, -0.747004508972168, 0.14009666442871094, 1.0], "sv_LLL": [14.0, 17.0, -14.0, 19.0], "sv_cube": [1.5255126953125, 9.929931640625, -18.6729736328125, 19.103515625], "lincomb_diff": [0.5665397644042969, -0.25299549102783203, -1.140096664428711, 0.0]}, {"B": [[0, -1, 14, -46], [41, 46, 43, -43], [-26, -26, 0, -39], [32, 0, -26, 3]], "G": [[2313, 2534, 1820, -502], [2534, 7495, -585, 65], [1820, -585, 2873, -949], [-502, 65, -949, 1709]], "lincomb_LLL": [-20.0, 8.0, 15.0, 2.0], "lincomb_cube": [-18.426666259765625, 7.291114807128906, 13.818252563476562, 2.0], "sv_LLL": [2.0, -2.0, 12.0, -3.0], "sv_cube": [3.6611328125, -5.45654296875, 3.544921875, 1.197265625], "lincomb_diff": [-1.573333740234375, 0.7088851928710938, 1.1817474365234375, 0.0]}, {"B": [[6, 15, -34, -5], [-19, 0, 50, -17], [47, -10, 25, 32], [2, -48, -39, 10]], "G": [[1442, -1729, -878, 568], [-1729, 3150, -187, -2158], [-878, -187, 3958, -81], [568, -2158, -81, 3929]], "lincomb_LLL": [4.0, 3.0, 1.0, 1.0], "lincomb_cube": [2.681102752685547, 2.1993980407714844, 0.7191247940063477, 1.0], "sv_LLL": [16.0, 2.0, 0.0, -29.0], "sv_cube": [10.096923828125, -14.97467041015625, -2.20947265625, -17.783294677734375], "lincomb_diff": [1.3188972473144531, 0.8006019592285156, 0.28087520599365234, 0.0]}, {"B": [[-4, -2, -5, -4], [-8, 24, -46, -35], [-29, -45, -30, -14], [18, -36, 24, 36]], "G": [[61, 354, 412, -264], [354, 3981, 1022, -3372], [412, 1022, 3962, -126], [-264, -3372, -126, 3492]], "lincomb_LLL": [-152.0, 2.0, 15.0, -9.0], "lincomb_cube": [-137.1552734375, 2.0, 13.493728637695312, -7.9509735107421875], "sv_LLL": [-5.0, 1.0, 2.0, 4.0], "sv_cube": [-1.814697265625, 1.32763671875, -1.85888671875, 3.47412109375], "lincomb_diff": [-14.8447265625, 0.0, 1.5062713623046875, -1.0490264892578125]}, {"B": [[31, 18, 30, 27], [-11, -4, 31, -4], [-46, -30, 38, 24], [50, 28, -3, -9]], "G": [[2914, 409, -178, 1721], [409, 1114, 1708, -719], [-178, 1708, 5036, -3470], [1721, -719, -3470, 3374]], "lincomb_LLL": [2.0, 1.0, -3.0, -4.0], "lincomb_cube": [0.8906326293945312, 1.0, -1.626424789428711, -1.9138927459716797], "sv_LLL": [-11.0, 10.0, -11.0, 14.0], "sv_cube": [-4.2694091796875, 7.235107421875, 1.6565322875976562, -1.762054443359375], "lincomb_diff": [1.1093673706054688, 0.0, -1.373575210571289, -2.0861053466796875]}, {"B": [[49, 0, 39, 11], [-42, -19, -31, 15], [-16, 1, -6, -22], [-6, 9, 1, -46]], "G": [[4043, -3102, -1260, -761], [-3102, 3311, 509, -640], [-1260, 509, 777, 1111], [-761, -640, 1111, 2234]], "lincomb_LLL": [0.0, -1.0, 4.0, -2.0], "lincomb_cube": [-0.22143983840942383, -1.0, 2.8156661987304688, -1.762186050415039], "sv_LLL": [-10.0, 5.0, 5.0, -11.0], "sv_cube": [-3.328094482421875, 5.95599365234375, 3.7076644897460938, 1.6800537109375], "lincomb_diff": [0.22143983840942383, 0.0, 1.1843338012695312, -0.23781394958496094]}, {"B": [[-18, 3, -26, -30], [19, 37, -4, -7], [24, -22, 49, -19], [27, 50, -7, 8]], "G": [[1909, 83, -1202, -394], [83, 1795, -421, 2335], [-1202, -421, 3822, -947], [-394, 2335, -947, 3342]], "lincomb_LLL": [2.0, -5.0, 1.0, 4.0], "lincomb_cube": [2.0, -6.073463439941406, 1.1506156921386719, 4.805259704589844], "sv_LLL": [1.0, -1.0, -11.0, -12.0], "sv_cube": [5.9609375, -3.768798828125, -4.962799072265625, -0.9053955078125], "lincomb_diff": [0.0, 1.0734634399414062, -0.15061569213867188, -0.8052597045898438]}, {"B": [[-5, 16, -10, -39], [26, 2, -49, -49], [8, 22, 21, -19], [-33, 26, 39, -9]], "G": [[1902, 2303, 843, 542], [2303, 5482, 154, -2276], [843, 154, 1350, 1298], [542, -2276, 1298, 3367]], "lincomb_LLL": [7.0, -5.0, 1.0, -5.0], "lincomb_cube": [8.189178466796875, -5.804862976074219, 1.0, -5.627685546875], "sv_LLL": [8.0, -6.0, 1.0, -2.0], "sv_cube": [1.841064453125, -4.90283203125, 4.06689453125, -3.290283203125], "lincomb_diff": [-1.189178466796875, 0.8048629760742188, 0.0, 0.627685546875]}, {"B": [[12, -15, -37, 40], [-37, 42, 37, -35], [-38, 47, 30, -3], [24, 10, 4, 34]], "G": [[3338, -3843, -2391, 1350], [-3843, 5727, 4595, -1510], [-2391, 4595, 4562, -424], [1350, -1510, -424, 1848]], "lincomb_LLL": [2.0, 4.0, -3.0, 1.0], "lincomb_cube": [1.3535594940185547, 2.753002166748047, -1.9705562591552734, 1.0], "sv_LLL": [14.0, 7.0, -12.0, -17.0], "sv_cube": [13.2626953125, 12.7066650390625, -3.33734130859375, -2.301025390625], "lincomb_diff": [0.6464405059814453, 1.2469978332519531, -1.0294437408447266, 0.0]}, {"B": [[-24, -41, -7, -14], [39, -26, 38, -13], [-49, 25, -49, 23], [14, -37, 22, -25]], "G": [[2502, 46, 172, 1377], [46, 3810, -4722, 2669], [172, -4722, 5956, -3264], [1377, 2669, -3264, 2674]], "lincomb_LLL": [-2.0, 3.0, 4.0, 3.0], "lincomb_cube": [-2.0, 1.6075859069824219, 3.0729598999023438, 3.1763229370117188], "sv_LLL": [11.0, -7.0, -2.0, 6.0], "sv_cube": [4.58935546875, -0.4971923828125, -5.6075439453125, -1.6285400390625], "lincomb_diff": [0.0, 1.3924140930175781, 0.9270401000976562, -0.17632293701171875]}, {"B": [[27, -37, 30, 45], [33, 28, 22, 34], [18, -9, 9, 10], [-30, -6, -12, -3]], "G": [[5023, 2045, 1539, -1083], [2045, 3513, 880, -1524], [1539, 880, 586, -624], [-1083, -1524, -624, 1089]], "lincomb_LLL": [-1.0, 0.0, 4.0, 1.0], "lincomb_cube": [-0.5106496810913086, 0.2058124542236328, 2.0968856811523438, 1.0], "sv_LLL": [15.0, -5.0, -6.0, -8.0], "sv_cube": [0.74822998046875, -0.215179443359375, -3.9196319580078125, 1.98724365234375], "lincomb_diff": [-0.4893503189086914, -0.2058124542236328, 1.9031143188476562, 0.0]}, {"B": [[-46, 23, -11, 50], [25, 9, -40, 23], [-22, 10, 19, -10], [9, -15, -17, -20]], "G": [[5266, 647, 533, -1572], [647, 2835, -1450, 310], [533, -1450, 1045, -471], [-1572, 310, -471, 995]], "lincomb_LLL": [0.0, 1.0, 2.0, 1.0], "lincomb_cube": [0.2832770347595215, -0.05983012914657593, 0.22321510314941406, 1.0], "sv_LLL": [-10.0, 14.0, -19.0, -17.0], "sv_cube": [-10.437255859375, -6.79095458984375, -13.48175048828125, -9.44439697265625], "lincomb_diff": [-0.2832770347595215, 1.0598297119140625, 1.776784896850586, 0.0]}, {"B": [[2, -21, -34, -39], [-20, 3, -50, -28], [-15, 36, -9, 35], [2, -4, -50, 4]], "G": [[3122, 2689, -1845, 1632], [2689, 3693, -122, 2336], [-1845, -122, 2827, 416], [1632, 2336, 416, 2536]], "lincomb_LLL": [-5.0, 3.0, -3.0, 1.0], "lincomb_cube": [-3.325305938720703, 1.7146110534667969, -2.2433700561523438, 1.0], "sv_LLL": [-23.0, 2.0, -3.0, 10.0], "sv_cube": [-5.29229736328125, -9.7861328125, -2.4798583984375, 7.1600341796875], "lincomb_diff": [-1.6746940612792969, 1.2853889465332031, -0.7566299438476562, 0.0]}, {"B": [[-27, -11, 4, -28], [-29, 38, 19, 4], [1, 17, 43, 48], [46, -49, 30, -8]], "G": [[1650, 329, -1386, -359], [329, 2662, 1626, -2658], [-1386, 1626, 4443, 119], [-359, -2658, 119, 5481]], "lincomb_LLL": [-1.0, 2.0, -1.0, 1.0], "lincomb_cube": [-1.0, 0.9222774505615234, -0.6600847244262695, 0.3960890769958496], "sv_LLL": [14.0, 21.0, 21.0, -20.0], "sv_cube": [17.81396484375, 15.416778564453125, -2.9776763916015625, -3.163677215576172], "lincomb_diff": [0.0, 1.0777225494384766, -0.33991527557373047, 0.6039104461669922]}, {"B": [[49, -12, 8, -50], [1, -22, -46, -36], [-1, -19, 7, 47], [48, -30, -50, 3]], "G": [[5109, 1745, -2115, 2162], [1745, 3897, -1597, 2900], [-2115, -1597, 2620, 313], [2162, 2900, 313, 5713]], "lincomb_LLL": [-1.0, -1.0, -2.0, 1.0], "lincomb_cube": [-0.3618454933166504, -1.0, -0.9850912094116211, 0.6985197067260742], "sv_LLL": [0.0, 42.0, -26.0, -5.0], "sv_cube": [15.7835693359375, 24.103302001953125, 1.28363037109375, 9.888519287109375], "lincomb_diff": [-0.6381549835205078, 0.0, -1.0149078369140625, 0.3014802932739258]}, {"B": [[16, 14, 0, 4], [0, -29, 31, -17], [-34, 24, -32, 44], [-21, -9, -30, -41]], "G": [[468, -474, -32, -626], [-474, 2091, -2436, 28], [-32, -2436, 4692, -346], [-626, 28, -346, 3103]], "lincomb_LLL": [3.0, 2.0, 1.0, 1.0], "lincomb_cube": [4.070892333984375, 2.600677490234375, 1.451730728149414, 1.0], "sv_LLL": [-7.0, -1.0, 0.0, -19.0], "sv_cube": [-5.22454833984375, 7.41436767578125, 4.16558837890625, -5.05181884765625], "lincomb_diff": [-1.070892333984375, -0.600677490234375, -0.45173072814941406, 0.0]}, {"B": [[-41, -14, -45, -41], [20, -12, -40, -33], [-24, -23, -45, -30], [-35, 42, 22, -43]], "G": [[5583, 2501, 4561, 1620], [2501, 3233, 2586, -665], [4561, 2586, 4030, 174], [1620, -665, 174, 5322]], "lincomb_LLL": [-4.0, -1.0, 5.0, 1.0], "lincomb_cube": [-5.447700500488281, -1.0, 6.750511169433594, 1.3126049041748047], "sv_LLL": [-11.0, -5.0, 17.0, 4.0], "sv_cube": [-4.59765625, -11.864501953125, 10.2508544921875, -2.6019287109375], "lincomb_diff": [1.4477005004882812, 0.0, -1.7505111694335938, -0.3126049041748047]}, {"B": [[23, -44, -17, 41], [46, -42, -6, 43], [38, -1, 23, -36], [24, -46, -1, -15]], "G": [[4435, 4771, -949, 1978], [4771, 5765, 104, 2397], [-949, 104, 3270, 1475], [1978, 2397, 1475, 2918]], "lincomb_LLL": [-7.0, 5.0, -3.0, 2.0], "lincomb_cube": [-5.639488220214844, 3.8835830688476562, -2.662311553955078, 2.0], "sv_LLL": [3.0, 9.0, 18.0, 6.0], "sv_cube": [-4.2313232421875, -4.310791015625, 9.336669921875, 1.618408203125], "lincomb_diff": [-1.3605117797851562, 1.1164169311523438, -0.3376884460449219, 0.0]}, {"B": [[39, 41, -3, -8], [35, -9, 2, -2], [33, -32, 4, -3], [-28, 32, -9, -2]], "G": [[3275, 1006, -13, 263], [1006, 1314, 1457, -1282], [-13, 1457, 2138, -1978], [263, -1282, -1978, 1893]], "lincomb_LLL": [-1.0, 3.0, -1.0, 1.0], "lincomb_cube": [-0.5378103256225586, 1.6919746398925781, -1.0, 0.1756761074066162], "sv_LLL": [5.0, -4.0, -4.0, 3.0], "sv_cube": [0.3255767822265625, 0.34362030029296875, -0.583709716796875, 3.567180633544922], "lincomb_diff": [-0.4621896743774414, 1.3080253601074219, 0.0, 0.8243236541748047]}, {"B": [[21, -11, 40, 18], [48, 30, -10, 49], [0, -10, 35, -16], [27, 8, -21, 18]], "G": [[2486, 1160, 1222, -37], [1160, 5705, -1434, 2628], [1222, -1434, 1581, -1103], [-37, 2628, -1103, 1558]], "lincomb_LLL": [1.0, -1.0, -1.0, 1.0], "lincomb_cube": [0.06084316968917847, -0.40087175369262695, 0.2870335578918457, 1.0], "sv_LLL": [0.0, -23.0, -6.0, 3.0], "sv_cube": [9.035858154296875, -7.565765380859375, -4.511383056640625, -5.14007568359375], "lincomb_diff": [0.9391565322875977, -0.5991287231445312, -1.2870330810546875, 0.0]}, {"B": [[6, -37, 48, 27], [-10, 40, 13, -42], [-19, -2, 22, 22], [-40, 25, 42, 13]], "G": [[4438, -2050, 1610, 1202], [-2050, 3633, -528, 1400], [1610, -528, 1333, 1920], [1202, 1400, 1920, 4158]], "lincomb_LLL": [1.0, -4.0, -13.0, 7.0], "lincomb_cube": [1.0, -4.468559265136719, -14.119277954101562, 7.735206604003906], "sv_LLL": [13.0, 4.0, 4.0, 0.0], "sv_cube": [9.54345703125, 5.876220703125, 4.16357421875, 4.6131591796875], "lincomb_diff": [0.0, 0.46855926513671875, 1.1192779541015625, -0.7352066040039062]}, {"B": [[48, 25, 3, 37], [-32, 11, -41, 46], [-7, 34, -44, 44], [-2, -8, 25, 15]], "G": [[4307, 318, 2010, 334], [318, 4942, 4426, -359], [2010, 4426, 5077, -698], [334, -359, -698, 918]], "lincomb_LLL": [0.0, 0.0, 0.0, 1.0], "lincomb_cube": [-0.5832509994506836, -1.0023174285888672, 1.2421894073486328, 1.0], "sv_LLL": [-2.0, -8.0, 25.0, 15.0], "sv_cube": [-6.6172027587890625, 8.627685546875, 9.68896484375, 1.96942138671875], "lincomb_diff": [0.5832509994506836, 1.0023174285888672, -1.2421894073486328, 0.0]}, {"B": [[-16, 44, 47, -44], [12, -28, -42, 23], [-47, 34, 13, -10], [-24, 11, -8, 28]], "G": [[6337, -4410, 3299, -740], [-4410, 3221, -2292, 384], [3299, -2292, 3634, 1118], [-740, 384, 1118, 1545]], "lincomb_LLL": [2.0, 2.0, -1.0, 1.0], "lincomb_cube": [1.3399829864501953, 0.9895820617675781, -1.0, 1.1194744110107422], "sv_LLL": [15.0, 9.0, -11.0, -4.0], "sv_cube": [10.56787109375, 9.565139770507812, -0.5390472412109375, 5.14642333984375], "lincomb_diff": [0.6600170135498047, 1.0104179382324219, 0.0, -0.11947441101074219]}, {"B": [[33, -26, -5, -5], [6, -28, -50, 9], [-41, 24, 37, -21], [17, 11, 47, -3]], "G": [[1815, 1131, -2057, 55], [1131, 3401, -2957, -2583], [-2057, -2957, 4067, 1369], [55, -2583, 1369, 2628]], "lincomb_LLL": [-1.0, 1.0, 0.0, 1.0], "lincomb_cube": [-1.0, 2.079700469970703, 0.3773775100708008, 1.8684329986572266], "sv_LLL": [-10.0, 9.0, 2.0, 11.0], "sv_cube": [-4.23089599609375, -2.621795654296875, 2.79443359375, 10.187088012695312], "lincomb_diff": [0.0, -1.0797004699707031, -0.3773775100708008, -0.8684329986572266]}, {"B": [[-48, -11, 48, -16], [-36, 22, 44, -47], [35, -12, -34, -39], [-11, 40, 41, 49]], "G": [[4985, 4350, -2556, 1272], [4350, 5925, -1187, 777], [-2556, -1187, 4046, -4170], [1272, 777, -4170, 5803]], "lincomb_LLL": [0.0, 0.0, 1.0, 1.0], "lincomb_cube": [1.0267486572265625, -0.5827836990356445, 1.5083045959472656, 1.0], "sv_LLL": [24.0, 28.0, 7.0, 10.0], "sv_cube": [13.4869384765625, -2.21514892578125, 13.359100341796875, 1.1390380859375], "lincomb_diff": [-1.0267486572265625, 0.5827836990356445, -0.5083045959472656, 0.0]}, {"B": [[40, -27, -15, -15], [-22, -26, -32, 26], [-41, 7, -7, 15], [-38, -2, 7, 35]], "G": [[2779, -88, -1949, -2096], [-88, 2860, 1334, 1574], [-1949, 1334, 2004, 2020], [-2096, 1574, 2020, 2722]], "lincomb_LLL": [3.0, -2.0, 3.0, 1.0], "lincomb_cube": [1.918914794921875, -1.2931365966796875, 1.7190666198730469, 1.0], "sv_LLL": [3.0, -10.0, 5.0, -17.0], "sv_cube": [-3.276123046875, -8.155624389648438, 7.5631866455078125, -1.6192626953125], "lincomb_diff": [1.081085205078125, -0.7068634033203125, 1.2809333801269531, 0.0]}, {"B": [[6, -25, 0, 26], [28, -41, 50, 42], [7, -25, 12, 21], [49, 47, 30, -34]], "G": [[1337, 2285, 1213, -1765], [2285, 6729, 2703, -483], [1213, 2703, 1259, -1186], [-1765, -483, -1186, 6666]], "lincomb_LLL": [-1.0, 0.0, 1.0, 0.0], "lincomb_cube": [-1.0, -0.5537815093994141, 2.2407264709472656, 0.09376311302185059], "sv_LLL": [1.0, 0.0, 12.0, -5.0], "sv_cube": [-1.226409912109375, -3.9062423706054688, 2.0125389099121094, -5.3914947509765625], "lincomb_diff": [0.0, 0.5537815093994141, -1.2407264709472656, -0.09376311302185059]}, {"B": [[-3, 32, 44, 19], [36, -36, -11, -9], [-19, 24, 18, 3], [-28, 16, -36, -50]], "G": [[3330, -1915, 1674, -1938], [-1915, 2794, -1773, -738], [1674, -1773, 1270, 118], [-1938, -738, 118, 4836]], "lincomb_LLL": [0.0, 1.0, 1.0, 0.0], "lincomb_cube": [-0.8054904937744141, 1.0, 2.4792213439941406, -0.2306842803955078], "sv_LLL": [17.0, -12.0, 7.0, -6.0], "sv_cube": [-2.2295608520507812, -5.965301513671875, 6.489013671875, -5.332427978515625], "lincomb_diff": [0.8054904937744141, 0.0, -1.4792213439941406, 0.2306842803955078]}, {"B": [[50, -14, 21, 25], [24, -15, 3, -19], [-35, 9, 30, 24], [9, 35, -49, 46]], "G": [[3762, 998, -646, 81], [998, 1171, -1341, -1330], [-646, -1341, 2782, -366], [81, -1330, -366, 5823]], "lincomb_LLL": [-1.0, 4.0, 2.0, 1.0], "lincomb_cube": [-1.0, 5.208015441894531, 2.4568405151367188, 1.3578681945800781], "sv_LLL": [-15.0, 7.0, 2.0, -7.0], "sv_cube": [1.2238616943359375, 5.5167236328125, 1.793701171875, -2.526123046875], "lincomb_diff": [0.0, -1.2080154418945312, -0.45684051513671875, -0.3578681945800781]}, {"B": [[48, 6, -20, -49], [-16, 42, 37, 31], [22, 27, 18, 8], [1, -28, -50, -44]], "G": [[5141, -2775, 466, 3036], [-2775, 4350, 1696, -4406], [466, 1696, 1601, -1986], [3036, -4406, -1986, 5221]], "lincomb_LLL": [0.0, 1.0, 0.0, 1.0], "lincomb_cube": [0.9358129501342773, 1.0, -1.8175487518310547, -0.3916449546813965], "sv_LLL": [-15.0, 14.0, -13.0, -13.0], "sv_cube": [-11.458724975585938, 9.50714111328125, 5.150115966796875, -12.162872314453125], "lincomb_diff": [-0.9358129501342773, 0.0, 1.8175487518310547, 1.3916454315185547]}, {"B": [[50, -20, 46, 18], [-24, 49, 24, -29], [-14, 30, 24, -33], [-44, -14, -30, -48]], "G": [[5340, -1598, -790, -4164], [-1598, 4394, 3339, 1042], [-790, 3339, 2761, 1060], [-4164, 1042, 1060, 5336]], "lincomb_LLL": [1.0, 3.0, -4.0, 1.0], "lincomb_cube": [1.0, 2.4120559692382812, -2.9766578674316406, 0.9006547927856445], "sv_LLL": [-10.0, -7.0, -8.0, 15.0], "sv_cube": [-5.84490966796875, -3.718048095703125, 5.429931640625, 3.0487060546875], "lincomb_diff": [0.0, 0.5879440307617188, -1.0233421325683594, 0.09934520721435547]}, {"B": [[10, -10, -30, 1], [-36, 21, -47, 3], [-8, 45, 29, 17], [-36, 35, 28, -14]], "G": [[1101, 843, -1383, -1564], [843, 3955, -79, 673], [-1383, -79, 3219, 2437], [-1564, 673, 2437, 3501]], "lincomb_LLL": [2.0, -1.0, 0.0, 1.0], "lincomb_cube": [3.004497528076172, -1.0, 0.2212071418762207, 1.3804492950439453], "sv_LLL": [20.0, -6.0, 15.0, -15.0], "sv_cube": [14.5791015625, 7.22503662109375, 1.9327392578125, -15.561279296875], "lincomb_diff": [-1.0044975280761719, 0.0, -0.2212071418762207, -0.3804492950439453]}, {"B": [[44, -9, -31, 13], [-26, 2, 30, -23], [-1, 7, 27, 5], [-32, 14, -31, 29]], "G": [[3147, -2391, -879, -196], [-2391, 2109, 735, -737], [-879, 735, 804, -562], [-196, -737, -562, 3022]], "lincomb_LLL": [-5.0, -6.0, -1.0, -2.0], "lincomb_cube": [-3.1063270568847656, -3.6168060302734375, -1.0, -1.2694988250732422], "sv_LLL": [1.0, -2.0, 10.0, 10.0], "sv_cube": [-1.01751708984375, -4.049652099609375, 0.146484375, 0.98876953125], "lincomb_diff": [-1.8936729431152344, -2.3831939697265625, 0.0, -0.7305011749267578]}, {"B": [[43, 16, 31, -16], [40, -38, -32, 9], [-22, 23, 32, 8], [32, -4, 47, 36]], "G": [[3322, -24, 286, 2193], [-24, 4149, -2706, 252], [286, -2706, 2101, 996], [2193, 252, 996, 4545]], "lincomb_LLL": [1.0, 4.0, 6.0, -2.0], "lincomb_cube": [1.0, 5.0458221435546875, 7.503570556640625, -2.4066238403320312], "sv_LLL": [7.0, 10.0, 1.0, -4.0], "sv_cube": [2.742431640625, 6.467315673828125, -3.46337890625, 2.802490234375], "lincomb_diff": [0.0, -1.0458221435546875, -1.503570556640625, 0.40662384033203125]}, {"B": [[-14, 32, -23, 4], [-29, 19, 10, -9], [-47, -40, 1, 43], [-47, 21, -3, 24]], "G": [[1765, 748, -473, 1495], [748, 1383, 226, 1516], [-473, 226, 5659, 2398], [1495, 1516, 2398, 3235]], "lincomb_LLL": [2.0, 1.0, 1.0, -2.0], "lincomb_cube": [0.7403163909912109, 1.0, 0.5328807830810547, -1.2057552337646484], "sv_LLL": [-10.0, 1.0, -29.0, -6.0], "sv_cube": [-7.73944091796875, -3.94598388671875, -2.87713623046875, -12.062957763671875], "lincomb_diff": [1.259683609008789, 0.0, 0.4671192169189453, -0.7942447662353516]}, {"B": [[26, 34, -5, 43], [8, -33, 7, -30], [-29, 25, -21, 7], [-34, 6, 4, 0]], "G": [[3706, -2239, 502, -700], [-2239, 2102, -1414, -442], [502, -1414, 1956, 1052], [-700, -442, 1052, 1208]], "lincomb_LLL": [-10.0, -15.0, -4.0, -8.0], "lincomb_cube": [-9.234359741210938, -13.99658203125, -4.0, -6.988853454589844], "sv_LLL": [8.0, 7.0, -3.0, -8.0], "sv_cube": [1.55517578125, 5.98583984375, 4.240325927734375, -5.18017578125], "lincomb_diff": [-0.7656402587890625, -1.00341796875, 0.0, -1.0111465454101562]}, {"B": [[13, 15, -14, 8], [-14, -4, -5, -22], [28, 31, -11, 43], [-32, 15, -48, -39]], "G": [[654, -348, 1327, 169], [-348, 721, -1407, 1486], [1327, -1407, 3715, -1580], [169, 1486, -1580, 5074]], "lincomb_LLL": [-1.0, 1.0, 1.0, 0.0], "lincomb_cube": [-0.69427490234375, 2.3383407592773438, 1.0, -0.35030412673950195], "sv_LLL": [1.0, 12.0, -2.0, 13.0], "sv_cube": [-2.5525970458984375, 5.9779510498046875, 3.842742919921875, -0.3358154296875], "lincomb_diff": [-0.30572509765625, -1.3383407592773438, 0.0, 0.35030412673950195]}, {"B": [[38, -49, 36, -44], [8, 35, -32, 33], [13, -12, 26, -16], [-42, -16, -4, 6]], "G": [[7077, -4015, 2722, -1220], [-4015, 3402, -1676, -570], [2722, -1676, 1245, -554], [-1220, -570, -554, 2072]], "lincomb_LLL": [0.0, 1.0, 2.0, 1.0], "lincomb_cube": [0.31713104248046875, 1.0, 0.9742412567138672, 0.7223110198974609], "sv_LLL": [-8.0, -5.0, 16.0, 7.0], "sv_cube": [2.378997802734375, -3.78729248046875, 1.8577346801757812, 7.792236328125], "lincomb_diff": [-0.31713104248046875, 0.0, 1.0257587432861328, 0.27768898010253906]}, {"B": [[-4, 50, 27, 4], [-32, 5, -6, 48], [-5, -29, -17, -9], [0, 5, 0, -36]], "G": [[3261, 408, -1925, 106], [408, 3389, -315, -1703], [-1925, -315, 1236, 179], [106, -1703, 179, 1321]], "lincomb_LLL": [-2.0, 1.0, -3.0, 2.0], "lincomb_cube": [-2.7579917907714844, 1.0, -4.344566345214844, 2.0991859436035156], "sv_LLL": [-9.0, 2.0, -9.0, -5.0], "sv_cube": [0.75482177734375, 3.5886993408203125, -6.608154296875, 0.4984130859375], "lincomb_diff": [0.7579917907714844, 0.0, 1.3445663452148438, -0.09918594360351562]}, {"B": [[34, -5, 39, 18], [-20, -36, 17, -45], [3, -13, 31, -2], [-9, 30, -42, 32]], "G": [[3026, -647, 1340, -1518], [-647, 4010, 1025, -3054], [1340, 1025, 1143, -1783], [-1518, -3054, -1783, 3769]], "lincomb_LLL": [2.0, 2.0, -1.0, 2.0], "lincomb_cube": [0.9068279266357422, 0.8352346420288086, -1.0, 0.5689496994018555], "sv_LLL": [7.0, -9.0, -3.0, 12.0], "sv_cube": [6.006927490234375, -4.53411865234375, -5.33062744140625, -1.0562744140625], "lincomb_diff": [1.0931720733642578, 1.164764404296875, 0.0, 1.4310493469238281]}, {"B": [[-10, 26, -25, 19], [8, -47, 45, -18], [14, 3, 17, 44], [26, 44, -4, 37]], "G": [[1762, -2769, 349, 1687], [-2769, 4622, -56, -2706], [349, -56, 2430, 2056], [1687, -2706, 2056, 3997]], "lincomb_LLL": [2.0, 2.0, -1.0, 1.0], "lincomb_cube": [3.1672439575195312, 2.4678573608398438, -1.2441024780273438, 1.0], "sv_LLL": [8.0, -1.0, 19.0, -5.0], "sv_cube": [-3.34698486328125, 6.6268310546875, 6.722686767578125, -1.98431396484375], "lincomb_diff": [-1.1672439575195312, -0.46785736083984375, 0.24410247802734375, 0.0]}, {"B": [[-29, 27, -31, -7], [-4, -28, 19, 2], [-41, -39, 4, 28], [-1, 24, -18, -15]], "G": [[2580, -1243, -184, 1340], [-1243, 1165, 1388, -1040], [-184, 1388, 4002, -1387], [1340, -1040, -1387, 1126]], "lincomb_LLL": [3.0, 1.0, -2.0, -5.0], "lincomb_cube": [1.5523223876953125, 1.0, -1.0392742156982422, -2.2038955688476562], "sv_LLL": [-4.0, 11.0, 8.0, 0.0], "sv_cube": [-4.203208923339844, 1.5509033203125, 6.3909912109375, -4.90753173828125], "lincomb_diff": [1.4476776123046875, 0.0, -0.9607257843017578, -2.7961044311523438]}, {"B": [[-47, -17, -40, -11], [-36, 5, -49, -25], [11, -31, 38, 45], [-33, -22, 6, -22]], "G": [[4219, 3842, -2005, 1927], [3842, 4347, -3538, 1334], [-2005, -3538, 4551, -443], [1927, 1334, -443, 2093]], "lincomb_LLL": [10.0, -13.0, -6.0, -2.0], "lincomb_cube": [9.020065307617188, -11.6605224609375, -5.285797119140625, -2.0], "sv_LLL": [-2.0, -5.0, -3.0, -11.0], "sv_cube": [3.692138671875, -3.783935546875, -2.2978515625, -1.568359375], "lincomb_diff": [0.9799346923828125, -1.3394775390625, -0.714202880859375, 0.0]}, {"B": [[-1, 7, 45, 30], [44, 4, 28, -13], [18, -10, 36, 28], [-28, -2, -20, 6]], "G": [[2975, 854, 2372, -706], [854, 2905, 1396, -1878], [2372, 1396, 2504, -1036], [-706, -1878, -1036, 1224]], "lincomb_LLL": [0.0, 8.0, 1.0, 13.0], "lincomb_cube": [0.3223695755004883, 11.352188110351562, 1.0, 18.450164794921875], "sv_LLL": [6.0, -4.0, 0.0, 2.0], "sv_cube": [0.5693359375, 0.7650146484375, -0.63525390625, 0.793701171875], "lincomb_diff": [-0.3223695755004883, -3.3521881103515625, 0.0, -5.450164794921875]}, {"B": [[23, 32, -35, 10], [-2, -23, 46, 14], [19, 29, -1, 0], [34, -30, 17, 39]], "G": [[2878, -2252, 1400, -383], [-2252, 2845, -751, 1950], [1400, -751, 1203, -241], [-383, 1950, -241, 3866]], "lincomb_LLL": [-2.0, -2.0, 1.0, 1.0], "lincomb_cube": [-1.2078781127929688, -0.9978151321411133, 1.0, 0.4459705352783203], "sv_LLL": [11.0, -19.0, -6.0, -9.0], "sv_cube": [8.37744140625, -0.08148193359375, 2.9577789306640625, -8.65533447265625], "lincomb_diff": [-0.7921218872070312, -1.0021858215332031, 0.0, 0.5540294647216797]}, {"B": [[-26, -2, -16, 46], [-33, -34, -27, 33], [15, 47, 18, -28], [40, -45, 36, 22]], "G": [[3052, 2876, -2060, -514], [2876, 4063, -3503, -36], [-2060, -3503, 3542, -1483], [-514, -36, -1483, 5405]], "lincomb_LLL": [-1.0, 4.0, 4.0, 1.0], "lincomb_cube": [-1.0, 3.2099151611328125, 2.8946495056152344, 0.7205028533935547], "sv_LLL": [-6.0, 9.0, 16.0, -4.0], "sv_cube": [-7.6873779296875, -3.5111083984375, 7.37408447265625, -5.2718658447265625], "lincomb_diff": [0.0, 0.7900848388671875, 1.1053504943847656, 0.2794971466064453]}, {"B": [[-50, -27, 18, 38], [-4, -8, 40, 38], [40, -42, 37, 33], [-47, -40, -7, 17]], "G": [[4997, 2580, 1054, 3950], [2580, 3124, 2910, 874], [1054, 2910, 5822, 102], [3950, 874, 102, 4147]], "lincomb_LLL": [-5.0, 4.0, -1.0, 4.0], "lincomb_cube": [-3.881317138671875, 3.2897377014160156, -1.0, 3.0282058715820312], "sv_LLL": [6.0, -15.0, 5.0, -3.0], "sv_cube": [-1.418701171875, -0.6505126953125, 3.52838134765625, -4.00048828125], "lincomb_diff": [-1.118682861328125, 0.7102622985839844, 0.0, 0.9717941284179688]}, {"B": [[9, 14, -36, -46], [14, -8, 41, 40], [1, 5, -8, -16], [-39, -48, -12, 3]], "G": [[3689, -3302, 1103, -729], [-3302, 3541, -994, -534], [1103, -994, 346, -231], [-729, -534, -231, 3978]], "lincomb_LLL": [1.0, 0.0, -3.0, 0.0], "lincomb_cube": [1.0, 0.42200469970703125, -1.8885612487792969, 0.13023948669433594], "sv_LLL": [6.0, -1.0, -12.0, 2.0], "sv_cube": [7.940162658691406, -5.070343017578125, -5.152198791503906, 1.4878864288330078], "lincomb_diff": [0.0, -0.42200469970703125, -1.1114387512207031, -0.13023948669433594]}, {"B": [[-26, -6, 13, -33], [-9, 0, 4, -15], [35, 2, -38, 41], [22, 11, 9, 40]], "G": [[1970, 781, -2769, -1841], [781, 322, -1082, -762], [-2769, -1082, 4354, 2090], [-1841, -762, 2090, 2286]], "lincomb_LLL": [2.0, 1.0, 1.0, 1.0], "lincomb_cube": [0.8198785781860352, 1.0, 0.5221014022827148, 0.5162754058837891], "sv_LLL": [-4.0, 1.0, 1.0, 0.0], "sv_cube": [-0.685211181640625, 1.8039627075195312, -0.5349502563476562, 0.001129150390625], "lincomb_diff": [1.1801223754882812, 0.0, 0.47789859771728516, 0.48372459411621094]}, {"B": [[-39, -15, -20, 41], [-10, -27, -12, 30], [-48, -15, -27, 49], [-25, 4, -5, -3]], "G": [[3827, 2265, 4646, 892], [2265, 1873, 2679, 112], [4646, 2679, 5659, 1128], [892, 112, 1128, 675]], "lincomb_LLL": [-2.0, 1.0, 1.0, 1.0], "lincomb_cube": [-3.3324623107910156, 1.0, 2.1259536743164062, 0.6851596832275391], "sv_LLL": [-5.0, -8.0, -4.0, -6.0], "sv_cube": [0.791290283203125, -6.161735534667969, -6.1772613525390625, -4.51458740234375], "lincomb_diff": [1.3324623107910156, 0.0, -1.1259536743164062, 0.31484031677246094]}, {"B": [[-37, -41, -12, 34], [-49, 14, 6, 2], [-37, 46, -3, -20], [-24, 13, -5, 6]], "G": [[4350, 1235, -1161, 619], [1235, 2637, 2399, 1340], [-1161, 2399, 3894, 1381], [619, 1340, 1381, 806]], "lincomb_LLL": [0.0, 1.0, 0.0, -2.0], "lincomb_cube": [0.5748739242553711, -0.1231694221496582, 0.9565773010253906, -2.0], "sv_LLL": [-1.0, -12.0, 16.0, -10.0], "sv_cube": [-2.62841796875, -7.2916259765625, -0.507232666015625, -11.8321533203125], "lincomb_diff": [-0.5748739242553711, 1.1231689453125, -0.9565773010253906, 0.0]}, {"B": [[-4, 27, -15, 16], [20, 37, -42, -15], [33, 43, -44, -5], [-46, 21, -9, 45]], "G": [[1226, 1309, 1609, 1606], [1309, 3758, 4174, -440], [1609, 4174, 4899, -444], [1606, -440, -444, 4663]], "lincomb_LLL": [0.0