[{"B": [[5, -45, 23, 11], [-12, -45, -47, 21], [7, -40, -37, -8], [44, -16, -50, -50]], "G": [[2700, 1115, 896, -760], [1115, 4819, 3287, 1492], [896, 3287, 3082, 3198], [-760, 1492, 3198, 7192]], "The linear combination given by LLL": [1.0, 1.0, -2.0, 1.0], "The linear combination suggested by cube": [1.0, 1.8667068481445312, -3.693653106689453, 1.3608417510986328], "The difference": [0.0, -0.8667068481445312, 1.6936531066894531, -0.3608417510986328], "Shortest vector given by LLL": [23.0, -26.0, 0.0, -2.0]}, {"B": [[-38, 42, 19, -27], [-9, 6, 1, -7], [-41, 30, 45, -12], [-27, -7, 44, 1]], "G": [[4298, 802, 3997, 1541], [802, 167, 678, 238], [3997, 678, 4750, 2865], [1541, 238, 2865, 2715]], "The linear combination given by LLL": [3.0, -5.0, -3.0, 2.0], "The linear combination suggested by cube": [3.5705184936523438, -6.901084899902344, -3.2257728576660156, 2.0], "The difference": [-0.5705184936523438, 1.9010848999023438, 0.22577285766601562, 0.0], "Shortest vector given by LLL": [0.0, -8.0, 5.0, -8.0]}, {"B": [[2, 33, 33, 33], [5, 26, -41, -45], [19, 39, 11, 15], [15, 34, -38, -17]], "G": [[3271, -1970, 2183, -663], [-1970, 4407, -17, 3282], [2183, -17, 2228, 938], [-663, 3282, 938, 3114]], "The linear combination given by LLL": [-1.0, 1.0, 2.0, -2.0], "The linear combination suggested by cube": [0.18719029426574707, 1.0, 0.28763723373413086, -1.1007366180419922], "The difference": [-1.1871910095214844, 0.0, 1.712362289428711, -0.8992633819580078], "Shortest vector given by LLL": [11.0, 3.0, 24.0, -14.0]}, {"B": [[-45, 18, 8, -22], [46, -31, -2, -1], [12, 10, -12, 47], [33, 38, -33, 32]], "G": [[2897, -2622, -1490, -1769], [-2622, 3082, 219, 374], [-1490, 219, 2597, 2676], [-1769, 374, 2676, 4646]], "The linear combination given by LLL": [16.0, 13.0, 7.0, 1.0], "The linear combination suggested by cube": [14.186569213867188, 11.51165771484375, 6.138214111328125, 1.0], "The difference": [1.8134307861328125, 1.48834228515625, 0.861785888671875, 0.0], "Shortest vector given by LLL": [-5.0, -7.0, -15.0, -4.0]}, {"B": [[-26, 19, -44, -4], [14, 15, 0, 38], [14, -27, 35, -11], [-7, -23, 12, 46]], "G": [[2989, -231, -2373, -967], [-231, 1865, -627, 1305], [-2373, -627, 2271, 437], [-967, 1305, 437, 2838]], "The linear combination given by LLL": [-4.0, -3.0, -5.0, 1.0], "The linear combination suggested by cube": [-5.220146179199219, -3.5767898559570312, -6.634544372558594, 1.0], "The difference": [1.2201461791992188, 0.5767898559570312, 1.6345443725585938, 0.0], "Shortest vector given by LLL": [-15.0, -9.0, 13.0, 3.0]}]