[{"B": [[-11, -20, 47, -44, -15, 16], [-30, -42, -39, 44, -44, -17], [12, -2, 0, 26, 43, 47], [1, -20, -40, -33, 34, 2], [1, 18, 5, -20, -28, -39], [15, -35, 5, 42, -27, 32]], "G": [[5147, -2211, -1129, -517, 540, -161], [-2211, 8346, -1823, -612, 34, 3317], [-1129, -1823, 4882, 750, -3581, 1685], [-517, -612, 750, 4250, -929, -1725], [540, 34, -3581, -929, 3055, -1922], [-161, 3317, 1685, -1725, -1922, 4992]], "lincomb_LLL": [-4.0, -5.0, -16.0, -2.0, -18.0, 1.0], "lincomb_cube": [-3.5051193237304688, -4.4766693115234375, -14.17547607421875, -1.6194992065429688, -15.810134887695312, 1.0], "sv_LLL": [-3.0, 3.0, 2.0, 8.0, 1.0, -1.0], "sv_cube": [0.32110595703125, -0.71875, 0.5787353515625, 0.33544921875, 0.625, -0.869140625], "lincomb_diff": [-0.49488067626953125, -0.5233306884765625, -1.82452392578125, -0.38050079345703125, -2.1898651123046875, 0.0], "Diff impact": [1260.54, -572.62, -1019.4, -97.35, 585.21, 0.0, -572.62, 2285.76, -1740.65, -121.87, 38.96, -0.0, -1019.4, -1740.65, 16251.63, 520.67, -14307.75, -0.0, -97.35, -121.87, 520.67, 615.32, -774.08, 0.0, 585.21, 38.96, -14307.75, -774.08, 14650.28, 0.0, 0.0, -0.0, -0.0, 0.0, 0.0, 0.0]}, {"B": [[-5, 4, 35, -24, -33, 49], [16, 18, -14, 20, 12, -47], [13, -26, 32, 43, 17, -24], [21, 49, -32, -40, 38, 39], [-47, -45, 46, 4, -40, -29], [23, 28, 26, -4, 40, -25]], "G": [[5332, -3677, -1818, 588, 1468, -1542], [-3677, 3529, 1484, -511, -1243, 2083], [-1818, 1484, 4583, -4035, 2219, 1511], [588, -511, -4035, 8431, -7475, 1728], [1468, -1243, 2219, -7475, 8807, -2036], [-1542, 2083, 1511, 1728, -2036, 4230]], "lincomb_LLL": [1.0, 3.0, 3.0, 5.0, 3.0, -3.0], "lincomb_cube": [1.0, 2.4617996215820312, 2.2082862854003906, 3.245769500732422, 1.906515121459961, -2.044841766357422], "sv_LLL": [-23.0, 6.0, -11.0, -11.0, 4.0, 19.0], "sv_cube": [-5.3797607421875, 6.89093017578125, 1.869140625, 6.166877746582031, -0.6324462890625, 2.71356201171875], "lincomb_diff": [0.0, 0.5382003784179688, 0.7917137145996094, 1.7542304992675781, 1.093484878540039, -0.9551582336425781], "Diff impact": [0.0, -0.0, -0.0, 0.0, 0.0, 0.0, -0.0, 1022.21, 632.33, -482.45, -731.52, -1070.8, -0.0, 632.33, 2872.67, -5604.0, 1921.05, -1142.64, 0.0, -482.45, -5604.0, 25944.92, -14338.73, -2895.38, 0.0, -731.52, 1921.05, -14338.73, 10530.61, 2126.5, 0.0, -1070.8, -1142.64, -2895.38, 2126.5, 3859.14]}, {"B": [[-47, 8, -25, 46, -37, 20], [-30, 46, -50, -4, -33, 9], [-19, 29, -47, -31, -3, -44], [-24, -43, 43, -2, -17, 17], [5, 28, -4, 5, 29, -43], [-40, 42, 46, 23, 10, -50]], "G": [[6783, 4245, 105, 586, -1614, 754], [4245, 6702, 4081, -2686, -26, -40], [105, 4081, 6317, -3447, 2555, 1273], [586, -2686, -3447, 4856, -2730, 66], [-1614, -26, 2555, -2730, 3540, 3347], [754, -40, 1273, 66, 3347, 8609]], "lincomb_LLL": [-1.0, 5.0, -3.0, 6.0, 9.0, -3.0], "lincomb_cube": [-1.0, 3.712230682373047, -2.2627334594726562, 4.21319580078125, 6.433570861816406, -2.0941200256347656], "sv_LLL": [-25.0, 3.0, 0.0, -9.0, 10.0, 22.0], "sv_cube": [-6.55908203125, 8.162841796875, 4.8406982421875, -15.12744140625, 15.292449951171875, 12.6572265625], "lincomb_diff": [0.0, 1.2877693176269531, -0.7372665405273438, 1.78680419921875, 2.5664291381835938, -0.9058799743652344], "Diff impact": [0.0, 0.0, -0.0, 0.0, -0.0, -0.0, 0.0, 11114.26, -3874.62, -6180.46, -85.93, 46.66, -0.0, -3874.62, 3433.68, 4540.91, -4834.42, 850.2, 0.0, -6180.46, 4540.91, 15503.6, -12518.98, -106.83, -0.0, -85.93, -4834.42, -12518.98, 23316.42, -7781.36, -0.0, 46.66, 850.2, -106.83, -7781.36, 7064.7]}, {"B": [[36, 49, 30, 6, 36, -34], [50, -25, 40, -26, 35, 26], [22, -17, -46, 18, -22, 25], [-18, 19, 43, 34, 15, -41], [35, 26, -8, -49, -15, 0], [-34, -49, -5, 49, 27, 25]], "G": [[7085, 1995, -2955, 3711, 1460, -3359], [1995, 7302, -903, -1080, 1529, -354], [-2955, -903, 4322, -3440, 144, 1228], [3711, -1080, -3440, 5596, -2371, 512], [1460, 1529, 144, -2371, 4591, -5230], [-3359, -354, 1228, 512, -5230, 7337]], "lincomb_LLL": [2.0, 1.0, -2.0, -9.0, -18.0, -11.0], "lincomb_cube": [2.0, 0.986720085144043, -1.4801139831542969, -7.9663848876953125, -16.065185546875, -9.684783935546875], "sv_LLL": [-16.0, 7.0, 4.0, -13.0, -11.0, 2.0], "sv_cube": [-0.830078125, 3.99169921875, 1.9447021484375, 1.486328125, -0.90966796875, 5.15380859375], "lincomb_diff": [0.0, 0.013279914855957031, -0.5198860168457031, -1.0336151123046875, -1.934814453125, -1.315216064453125], "Diff impact": [0.0, 0.0, 0.0, -0.0, -0.0, 0.0, 0.0, 1.29, 6.23, 14.82, -39.29, 6.18, 0.0, 6.23, 1168.16, -1848.53, 144.85, 839.66, -0.0, 14.82, -1848.53, 5978.54, -4741.65, 696.03, -0.0, -39.29, 144.85, -4741.65, 17186.44, -13308.78, 0.0, 6.18, 839.66, 696.03, -13308.78, 12691.49]}, {"B": [[27, 50, 37, 13, 7, 45], [30, -7, -17, 8, 6, -8], [12, -3, -11, 18, -25, 15], [-28, 24, -2, 34, -7, 33], [17, 28, -8, 38, -28, 42], [-15, 40, -1, -17, -32, -32]], "G": [[6841, -383, 501, 2248, 3751, -327], [-383, 1402, 442, -1008, 250, -785], [501, 442, 1448, 896, 2222, -275], [2248, -1008, 896, 3658, 3086, -28], [3751, 250, 2222, 3086, 5129, -221], [-327, -785, -275, -28, -221, 4163]], "lincomb_LLL": [1.0, 0.0, 4.0, 1.0, -3.0, 0.0], "lincomb_cube": [0.6746826171875, 0.7450199127197266, 2.043060302734375, 1.0, -2.0066566467285156, 0.22864103317260742], "sv_LLL": [-4.0, -22.0, 15.0, 5.0, -16.0, 12.0], "sv_cube": [-0.4590339660644531, -0.6509857177734375, 3.6488609313964844, 5.36627197265625, -0.0137786865234375, -3.5495452880859375], "lincomb_diff": [0.3253173828125, -0.7450199127197266, 1.956939697265625, 0.0, -0.9933433532714844, -0.22864103317260742], "Diff impact": [723.99, 92.83, 318.95, 0.0, -1212.14, 24.32, 92.83, 778.19, -644.42, 0.0, 185.02, -133.72, 318.95, -644.42, 5545.28, 0.0, -4319.37, 123.05, 0.0, 0.0, 0.0, 0.0, -0.0, 0.0, -1212.14, 185.02, -4319.37, -0.0, 5060.94, -50.19, 24.32, -133.72, 123.05, 0.0, -50.19, 217.63]}, {"B": [[-26, -18, -30, 0, -3, 27], [-4, -37, -42, 28, -18, 39], [-41, 26, 31, -9, 35, 20], [-46, 31, 3, -25, -19, -50], [-50, -9, -21, 30, -11, 28], [-16, 26, -8, 26, -34, -49]], "G": [[2638, 3137, 103, -745, 2881, -1033], [3137, 5778, -2202, -3397, 3545, -1133], [103, -2202, 5024, 1345, 1070, -1320], [-745, -3397, 1345, 6572, 17, 3964], [2881, 3545, 1070, 17, 4827, 516], [-1033, -1133, -1320, 3964, 516, 5229]], "lincomb_LLL": [-2.0, 7.0, 4.0, 2.0, -5.0, 1.0], "lincomb_cube": [-2.0, 3.55865478515625, 1.6288719177246094, 1.2953014373779297, -1.7834358215332031, -0.018790602684020996], "sv_LLL": [2.0, 14.0, -7.0, -14.0, 3.0, 10.0], "sv_cube": [0.8702297210693359, 2.397216796875, 2.5200767517089844, -1.391693115234375, -5.399330139160156, 3.5844955444335938], "lincomb_diff": [0.0, 3.44134521484375, 2.3711280822753906, 0.7046985626220703, -3.216564178466797, 1.0187911987304688], "Diff impact": [0.0, 0.0, 0.0, -0.0, -0.0, -0.0, 0.0, 68428.03, -17968.03, -8238.1, -39240.7, -3972.31, 0.0, -17968.03, 28246.18, 2247.4, -8160.77, -3188.7, -0.0, -8238.1, 2247.4, 3263.66, -38.53, 2845.92, -0.0, -39240.7, -8160.77, -38.53, 49941.52, -1690.94, -0.0, -3972.31, -3188.7, 2845.92, -1690.94, 5427.36]}, {"B": [[27, 7, -23, -26, -25, -34], [12, 43, -45, -39, -18, -24], [-16, -36, -23, 35, -28, 15], [-46, -47, 13, -32, -1, 8], [35, 12, 31, -6, 42, -34], [18, -25, 50, 1, 38, -28]], "G": [[3764, 3940, -875, -1285, 578, -863], [3940, 6439, -1926, -2084, -165, -3160], [-875, -1926, 4315, 1157, -3601, -1987], [-1285, -2084, 1157, 5583, -1893, 703], [578, -165, -3601, -1893, 5286, 4422], [-863, -3160, -1987, 703, 4422, 5678]], "lincomb_LLL": [-1.0, 1.0, 1.0, 0.0, 1.0, 0.0], "lincomb_cube": [-1.0, 1.5961360931396484, -0.00850851833820343, -0.7452526092529297, -2.3075408935546875, 2.6227073669433594], "sv_LLL": [4.0, 12.0, -14.0, 16.0, 21.0, -9.0], "sv_cube": [-6.9837646484375, 3.708984375, 1.28271484375, 3.7689170837402344, -0.0008544921875, -5.376220703125], "lincomb_diff": [0.0, -0.5961360931396484, 1.0085086822509766, 0.7452526092529297, 3.3075408935546875, -2.6227073669433594], "Diff impact": [0.0, -0.0, -0.0, -0.0, 0.0, 0.0, -0.0, 2288.28, 1157.93, 925.86, 325.34, -4940.63, -0.0, 1157.93, 4388.74, 869.59, -12011.8, 5255.66, -0.0, 925.86, 869.59, 3100.81, -4666.16, -1374.07, 0.0, 325.34, -12011.8, -4666.16, 57827.92, -38359.58, 0.0, -4940.63, 5255.66, -1374.07, -38359.58, 39056.66]}, {"B": [[-36, 1, 28, -28, 22, -38], [35, 31, -28, -41, 1, -45], [16, -39, -19, 30, -28, -35], [49, -27, -27, 47, 8, 31], [43, -7, 6, 30, -46, 33], [33, -50, 10, 47, 22, 28]], "G": [[4793, 867, -1273, -4865, -4493, -2854], [867, 6677, 200, -1680, -1641, -3840], [-1273, 200, 5047, 2451, 1880, 2102], [-4865, -1680, 2451, 7093, 4199, 5950], [-4493, -1641, 1880, 4199, 6039, 3151], [-2854, -3840, 2102, 5950, 3151, 7166]], "lincomb_LLL": [1.0, 0.0, 0.0, 0.0, 1.0, 0.0], "lincomb_cube": [2.570697784423828, -0.4266057014465332, -0.2534937858581543, 2.6266746520996094, 1.0, -1.7510852813720703], "sv_LLL": [7.0, -6.0, 34.0, 2.0, -24.0, -5.0], "sv_cube": [2.38897705078125, 8.8663330078125, 6.309814453125, 9.059326171875, -0.28387451171875, -4.220458984375], "lincomb_diff": [-1.5706977844238281, 0.4266057014465332, 0.2534937858581543, -2.6266746520996094, 0.0, 1.7510852813720703], "Diff impact": [11824.77, -580.95, 506.86, -20071.59, 0.0, 7849.72, -580.95, 1215.16, 21.63, 1882.53, -0.0, -2868.57, 506.86, 21.63, 324.32, -1631.99, 0.0, 933.06, -20071.59, 1882.53, -1631.99, 48937.58, -0.0, -27367.21, 0.0, -0.0, 0.0, -0.0, 0.0, 0.0, 7849.72, -2868.57, 933.06, -27367.21, 0.0, 21973.1]}, {"B": [[-23, -10, -4, 42, 36, 46], [-31, 21, -31, 34, 9, 8], [34, -40, -38, 3, 0, 46], [-10, -25, 31, -9, 28, -39], [45, 39, 22, 2, -26, 27], [-5, -49, 13, -9, 43, -2]], "G": [[5821, 2747, 2012, -808, -1123, 1631], [2747, 3664, -246, -1542, -1208, -1212], [2012, -246, 6325, -2339, 382, 1177], [-808, -1542, -2339, 4072, -2542, 3041], [-1123, -1208, 382, -2542, 5439, -3040], [1631, -1212, 1177, 3041, -3040, 4529]], "lincomb_LLL": [-1.0, 1.0, -1.0, -2.0, 1.0, 3.0], "lincomb_cube": [-0.6653814315795898, 1.0, -0.06120806932449341, -0.21671032905578613, 0.578486442565918, 1.0569419860839844], "sv_LLL": [8.0, 13.0, 10.0, -18.0, 20.0, 15.0], "sv_cube": [5.136962890625, 6.29071044921875, -6.2636566162109375, -0.534759521484375, 9.38623046875, -3.4661788940429688], "lincomb_diff": [-0.33461856842041016, 0.0, -0.9387922286987305, -1.7832889556884766, 0.42151355743408203, 1.9430580139160156], "Diff impact": [651.77, -0.0, 632.04, -482.15, 158.39, -1060.45, -0.0, 0.0, 0.0, 0.0, -0.0, -0.0, 632.04, 0.0, 5574.42, -3915.81, -151.16, -2147.0, -482.15, 0.0, -3915.81, 12949.45, 1910.77, -10537.17, 158.39, -0.0, -151.16, 1910.77, 966.37, -2489.84, -1060.45, -0.0, -2147.0, -10537.17, -2489.84, 17099.12]}, {"B": [[20, -48, 32, -25, -16, 3], [-8, 38, -47, -7, 13, -30], [-24, 43, -34, 44, -43, -49], [20, 43, -27, -32, 24, -20], [4, -49, 9, -13, 8, 3], [-40, 24, -44, -38, -4, -30]], "G": [[4618, -3611, -4191, -2172, 2926, -2436], [-3611, 4835, 4027, 3879, -2212, 4414], [-4191, 4027, 9767, 827, -3572, 3458], [-2172, 3879, 827, 4978, -1722, 3140], [2926, -2212, -3572, -1722, 2740, -1360], [-2436, 4414, 3458, 3140, -1360, 6472]], "lincomb_LLL": [-2.0, -4.0, 1.0, 2.0, 2.0, 1.0], "lincomb_cube": [-2.9599838256835938, -5.763969421386719, 1.7023391723632812, 3.4622039794921875, 3.399158477783203, 1.0], "sv_LLL": [-24.0, -1.0, 10.0, -6.0, -3.0, 1.0], "sv_cube": [-11.10333251953125, 2.564697265625, 11.420654296875, -3.7291259765625, 5.513702392578125, -8.422027587890625], "lincomb_diff": [0.9599838256835938, 1.7639694213867188, -0.7023391723632812, -1.4622039794921875, -1.3991584777832031, 0.0], "Diff impact": [4255.81, -6114.8, 2825.72, 3048.82, -3930.11, -0.0, -6114.8, 15044.53, -4989.07, -10005.04, 5459.38, 0.0, 2825.72, -4989.07, 4817.87, 849.3, -3510.15, -0.0, 3048.82, -10005.04, 849.3, 10643.17, -3522.96, -0.0, -3930.11, 5459.38, -3510.15, -3522.96, 5363.95, 0.0, -0.0, 0.0, -0.0, -0.0, 0.0, 0.0]}, {"B": [[-23, 44, 15, 41, -47, -5], [16, -15, 5, 7, 38, 6], [-18, 3, -12, 44, -15, -2], [20, -20, 26, 0, 33, 10], [32, -40, -21, -19, -44, -8], [16, -35, -13, 2, 16, 3]], "G": [[6605, -2482, 2885, -2551, -1482, -2788], [-2482, 2035, -667, 2064, -846, 1356], [2885, -667, 2642, -1247, -604, -395], [-2551, 2064, -1247, 2665, -638, 1240], [-1482, -846, -604, -638, 5426, 1419], [-2788, 1356, -395, 1240, 1419, 1919]], "lincomb_LLL": [-4.0, 1.0, 5.0, 2.0, 2.0, -8.0], "lincomb_cube": [-1.697946548461914, 1.0, 2.042583465576172, 0.6086463928222656, 1.009042739868164, -3.8924484252929688], "sv_LLL": [-6.0, -16.0, -1.0, 9.0, 1.0, -4.0], "sv_cube": [0.46942138671875, 0.119140625, 0.2564697265625, 0.3011016845703125, 0.57293701171875, -3.2586517333984375], "lincomb_diff": [-2.3020553588867188, 0.0, 2.957416534423828, 1.3913536071777344, 0.9909572601318359, -4.107551574707031], "Diff impact": [35002.93, 0.0, -19641.47, 8170.78, 3380.8, -26362.8, 0.0, 0.0, -0.0, 0.0, -0.0, -0.0, -19641.47, -0.0, 23107.76, -5131.17, -1770.13, 4798.36, 8170.78, 0.0, -5131.17, 5159.08, -879.66, -7086.67, 3380.8, -0.0, -1770.13, -879.66, 5328.31, -5775.91, -26362.8, -0.0, 4798.36, -7086.67, -5775.91, 32377.33]}, {"B": [[16, -6, 3, -14, 31, 24], [-5, -41, 47, 1, 21, 13], [-7, -20, 17, -34, -47, -22], [46, 9, -24, -1, 48, 37], [2, -18, 50, -27, 16, 48], [-45, -43, -17, 21, 11, -49]], "G": [[2034, 1256, -1450, 3000, 2316, -1642], [1256, 4526, 347, -239, 4011, 804], [-1450, 347, 4587, -3946, 306, 733], [3000, -239, -3946, 6447, 1301, -3355], [2316, 4011, 306, 1301, 6117, -2909], [-1642, 804, 733, -3355, -2909, 7126]], "lincomb_LLL": [4.0, 1.0, 0.0, -2.0, -2.0, -1.0], "lincomb_cube": [1.8123836517333984, 1.0, -0.11267352104187012, -0.9621410369873047, -1.484872817993164, -0.7427663803100586], "sv_LLL": [8.0, -4.0, 24.0, -20.0, 6.0, -12.0], "sv_cube": [10.983123779296875, 0.38665771484375, 11.996414184570312, 4.9131011962890625, 4.3683624267578125, -11.5015869140625], "lincomb_diff": [2.1876144409179688, 0.0, 0.11267352104187012, -1.0378589630126953, -0.5151271820068359, -0.2572336196899414], "Diff impact": [9734.03, 0.0, -357.41, -6811.31, -2609.9, 924.0, 0.0, 0.0, 0.0, 0.0, -0.0, -0.0, -357.41, 0.0, 58.23, 461.44, -17.76, -21.24, -6811.31, 0.0, 461.44, 6944.39, 695.55, -895.69, -2609.9, -0.0, -17.76, 695.55, 1623.18, -385.47, 924.0, -0.0, -21.24, -895.69, -385.47, 471.52]}, {"B": [[-1, -33, -6, 41, 28, 28], [-49, 20, -22, -1, -9, -1], [9, 12, -13, -30, -21, -36], [-38, 44, 24, -15, -18, 34], [20, -10, 25, -20, -9, -7], [-38, -7, 34, -44, 10, 31]], "G": [[4375, -800, -3153, -1725, -1108, -591], [-800, 3368, 340, 2357, -1622, 897], [-3153, 340, 3031, -522, 776, -874], [-1725, 2357, -522, 5661, -376, 3486], [-1108, -1622, 776, -376, 1655, 733], [-591, 897, -874, 3486, 733, 5646]], "lincomb_LLL": [2.0, 0.0, 2.0, 1.0, 1.0, 0.0], "lincomb_cube": [0.2988114356994629, 0.5861577987670898, -0.06960809230804443, 0.05109548568725586, 1.0, -0.23399615287780762], "sv_LLL": [-2.0, -8.0, 11.0, -13.0, -13.0, 11.0], "sv_cube": [-2.6967620849609375, -5.0867462158203125, 4.486968994140625, 3.2827606201171875, -7.7066192626953125, -2.2302017211914062], "lincomb_diff": [1.7011890411376953, -0.5861577987670898, 2.0696067810058594, 0.9489040374755859, 0.0, 0.23399615287780762], "Diff impact": [12661.44, 797.73, -11101.06, -2784.61, -0.0, -235.26, 797.73, 1157.18, -412.46, -1310.98, 0.0, -123.03, -11101.06, -412.46, 12982.6, -1025.13, 0.0, -423.26, -2784.61, -1310.98, -1025.13, 5097.27, -0.0, 774.03, -0.0, 0.0, 0.0, -0.0, 0.0, 0.0, -235.26, -123.03, -423.26, 774.03, 0.0, 309.14]}, {"B": [[-18, -28, 8, 26, 49, 37], [22, -41, 7, 7, -37, 23], [1, 40, -31, -50, -43, -48], [-8, 28, 33, 17, 7, -25], [5, 35, 13, 39, 20, -45], [38, -6, 27, 13, -40, 19]], "G": [[5618, 28, -6569, -516, -637, -1219], [28, 4161, -1698, -1808, -2736, 3279], [-6569, -1698, 9215, 138, 352, -881], [-516, -1808, 138, 2900, 3297, -115], [-637, -2736, 352, 3297, 5365, -817], [-1219, 3279, -881, -115, -817, 4339]], "lincomb_LLL": [4.0, 1.0, 3.0, 0.0, 1.0, 1.0], "lincomb_cube": [5.7011566162109375, 1.3405838012695312, 4.426055908203125, 0.5697250366210938, 1.0, 1.6906681060791016], "sv_LLL": [-4.0, -4.0, -14.0, 13.0, 10.0, 1.0], "sv_cube": [-4.014404296875, 3.25433349609375, -4.76544189453125, 6.97528076171875, -4.20404052734375, 2.205230712890625], "lincomb_diff": [-1.7011566162109375, -0.34058380126953125, -1.426055908203125, -0.5697250366210938, 0.0, -0.6906681060791016], "Diff impact": [16258.12, 16.22, -15936.03, -500.1, 0.0, -1432.25, 16.22, 482.66, -824.7, -350.82, 0.0, 771.32, -15936.03, -824.7, 18739.95, 112.12, -0.0, -867.72, -500.1, -350.82, 112.12, 941.3, -0.0, -45.25, 0.0, 0.0, -0.0, -0.0, 0.0, 0.0, -1432.25, 771.32, -867.72, -45.25, 0.0, 2069.8]}, {"B": [[-42, -33, 5, 38, 24, -49], [-1, -25, 0, -29, -3, -22], [-44, 18, 24, 29, 37, 9], [30, 35, 10, 39, -41, 26], [42, 7, 34, 6, -22, -50], [31, 49, 24, 35, 5, 18]], "G": [[7299, 771, 2923, -3141, 325, -2231], [771, 1960, -1556, -2485, 775, -2682], [2923, -1556, 5127, -602, -1996, 1456], [-3141, -2485, -602, 6103, 1681, 4513], [325, 775, -1996, 1681, 5989, 1661], [-2231, -2682, 1456, 4513, 1661, 5512]], "lincomb_LLL": [-1.0, -2.0, 1.0, 0.0, 1.0, -2.0], "lincomb_cube": [-1.0, -4.703666687011719, 0.4290933609008789, -1.0293655395507812, 1.7890872955322266, -2.5031089782714844], "sv_LLL": [-20.0, 10.0, 5.0, -15.0, -13.0, 16.0], "sv_cube": [-5.5120849609375, 12.158935546875, -4.24102783203125, -6.1695556640625, -3.6840667724609375, -4.93121337890625], "lincomb_diff": [0.0, 2.7036666870117188, 0.5709066390991211, 1.0293655395507812, -0.7890872955322266, 0.5031089782714844], "Diff impact": [0.0, 0.0, 0.0, -0.0, -0.0, -0.0, 0.0, 14327.23, -2401.75, -6915.91, -1653.41, -3648.16, 0.0, -2401.75, 1671.07, -353.78, 899.19, 418.2, -0.0, -6915.91, -353.78, 6466.7, -1365.41, 2337.21, -0.0, -1653.41, 899.19, -1365.41, 3729.1, -659.41, -0.0, -3648.16, 418.2, 2337.21, -659.41, 1395.19]}, {"B": [[37, -15, -15, -10, 34, -21], [17, 16, 14, 35, -9, 17], [-45, -30, 32, 36, 8, 30], [-27, -41, 37, -47, -15, 3], [5, 23, -9, 38, 21, 26], [-24, -10, -23, 38, 41, -48]], "G": [[3516, -834, -2413, -1042, -237, 1629], [-834, 2336, 901, -2056, 1910, -745], [-2413, 901, 6209, 1907, 1113, 900], [-1042, -2056, 1907, 6222, -3434, -2338], [-237, 1910, 1113, -3434, 3196, 914], [1629, -745, 900, -2338, 914, 6634]], "lincomb_LLL": [0.0, -1.0, 0.0, 0.0, 1.0, 0.0], "lincomb_cube": [0.19759035110473633, -1.0, 0.8681516647338867, -1.290182113647461, -0.9021539688110352, -0.6089973449707031], "sv_LLL": [-12.0, 7.0, -23.0, 3.0, 30.0, 9.0], "sv_cube": [-3.81591796875, -6.770530700683594, -14.793472290039062, -2.50762939453125, -1.89813232421875, 6.80047607421875], "lincomb_diff": [-0.19759035110473633, 0.0, -0.8681516647338867, 1.290182113647461, 1.9021530151367188, 0.6089973449707031], "Diff impact": [137.27, 0.0, -413.92, 265.63, 89.08, -196.02, 0.0, 0.0, -0.0, -0.0, 0.0, -0.0, -413.92, -0.0, 4679.64, -2135.98, -1837.96, -475.83, 265.63, -0.0, -2135.98, 10356.95, -8427.46, -1837.01, 89.08, 0.0, -1837.96, -8427.46, 11563.72, 1058.78, -196.02, -0.0, -475.83, -1837.01, 1058.78, 2460.4]}, {"B": [[42, 6, 25, 9, 10, 46], [15, -19, -20, 2, 5, 37], [16, -49, -15, -26, -28, 38], [-4, 15, 20, 22, 21, -5], [32, -5, -21, 45, -13, -13], [45, 49, 28, 26, -41, -2]], "G": [[4722, 1786, 1237, 600, 466, 2616], [1786, 2384, 2685, -781, 539, -1043], [1237, 2685, 5786, -2449, -228, -1705], [600, -781, -2449, 1591, 159, 836], [466, 539, -228, 159, 3853, 2336], [2616, -1043, -1705, 836, 2336, 7571]], "lincomb_LLL": [0.0, -1.0, 1.0, 1.0, 0.0, 0.0], "lincomb_cube": [0.7089900970458984, -1.0, -0.11661911010742188, -0.7449626922607422, 0.33961057662963867, -0.43152761459350586], "sv_LLL": [-3.0, -15.0, 25.0, -6.0, -12.0, -4.0], "sv_cube": [7.340362548828125, -5.049102783203125, 5.3601531982421875, -4.913421630859375, 2.98870849609375, -8.645065307617188], "lincomb_diff": [-0.7089900970458984, 0.0, 1.1166191101074219, 1.7449626922607422, -0.33961057662963867, 0.43152761459350586], "Diff impact": [2373.59, -0.0, -979.3, -742.3, 112.2, -800.36, -0.0, 0.0, 0.0, -0.0, -0.0, -0.0, -979.3, 0.0, 7214.21, -4771.78, 86.46, -821.56, -742.3, -0.0, -4771.78, 4844.43, -94.22, 629.51, 112.2, -0.0, 86.46, -94.22, 444.39, -342.34, -800.36, -0.0, -821.56, 629.51, -342.34, 1409.84]}, {"B": [[49, -4, 15, 41, 45, -27], [37, 31, 50, -43, 37, -31], [-24, -8, -33, -40, -5, 39], [1, 6, -18, 10, 35, 16], [31, 0, 6, -29, 25, -1], [-29, -6, -12, 35, 43, 10]], "G": [[7077, 3178, -4557, 1308, 1572, 1523], [3178, 9009, -2460, -308, 3650, -2083], [-4557, -2460, 4875, 571, 54, -85], [1308, -308, 571, 1942, 492, 2166], [1572, 3650, 54, 492, 2464, -921], [1523, -2083, -85, 2166, -921, 4195]], "lincomb_LLL": [-4.0, -2.0, -5.0, 1.0, 6.0, 1.0], "lincomb_cube": [-2.563556671142578, -1.2413692474365234, -3.1701431274414062, 1.0, 3.5347442626953125, 0.5097885131835938], "sv_LLL": [8.0, -6.0, 11.0, -7.0, -1.0, -5.0], "sv_cube": [0.33172607421875, 0.0742034912109375, 1.18389892578125, 0.41375732421875, -0.150390625, 1.626007080078125], "lincomb_diff": [-1.4364433288574219, -0.7586307525634766, -1.8298568725585938, 0.0, 2.4652557373046875, 0.49021148681640625], "Diff impact": [14602.47, 3463.16, -11978.01, -0.0, -5566.77, -1072.44, 3463.16, 5184.87, -3414.94, 0.0, -6826.3, 774.65, -11978.01, -3414.94, 16323.33, -0.0, -243.6, 76.25, -0.0, 0.0, -0.0, 0.0, 0.0, 0.0, -5566.77, -6826.3, -243.6, 0.0, 14974.93, -1113.03, -1072.44, 774.65, 76.25, 0.0, -1113.03, 1008.09]}, {"B": [[42, 22, 34, 27, 1, 5], [-33, 27, -1, -49, 13, -24], [-20, 20, -43, -13, 20, -9], [28, 11, 32, 23, -2, -10], [-18, -49, 15, 12, -9, -23], [40, 1, 6, 40, 12, 28]], "G": [[4159, -2256, -2238, 3075, -1124, 3138], [-2256, 4965, 2356, -1572, -897, -3775], [-2238, 2356, 3299, -1965, -1394, -1570], [3075, -1572, -1965, 2562, -39, 1939], [-1124, -897, -1394, -39, 3704, -951], [3138, -3775, -1570, 1939, -951, 4165]], "lincomb_LLL": [11.0, -1.0, 2.0, -10.0, 3.0, -3.0], "lincomb_cube": [14.795318603515625, -1.0, 2.7602386474609375, -13.236129760742188, 4.1444854736328125, -3.904644012451172], "sv_LLL": [1.0, -5.0, -4.0, 6.0, -5.0, 8.0], "sv_cube": [-2.199951171875, 1.1197700500488281, 0.53387451171875, 1.707275390625, -0.68365478515625, 0.8424072265625], "lincomb_diff": [-3.795318603515625, 0.0, -0.7602386474609375, 3.2361297607421875, -1.1444854736328125, 0.9046440124511719], "Diff impact": [59908.08, 0.0, -6457.41, -37767.59, -4882.3, -10774.05, 0.0, 0.0, -0.0, -0.0, 0.0, -0.0, -6457.41, -0.0, 1906.7, 4834.35, -1212.89, 1079.76, -37767.59, -0.0, 4834.35, 26830.64, 144.44, 5676.51, -4882.3, 0.0, -1212.89, 144.44, 4851.67, 984.62, -10774.05, -0.0, 1079.76, 5676.51, 984.62, 3408.56]}, {"B": [[16, -20, -17, -23, 5, 40], [-45, 30, 27, 20, 0, 15], [-39, -28, -5, -31, 48, -20], [13, -27, -16, -48, 20, -46], [38, -7, -17, -30, -43, -3], [-49, 30, 14, -19, -8, 30]], "G": [[3099, -1639, 174, 384, 1392, -25], [-1639, 4279, -140, -3477, -3024, 3553], [174, -140, 5995, 3697, -2275, 606], [384, -3477, 3697, 5974, 1673, -2299], [1392, -3024, -2275, 1673, 4540, -1486], [-25, 3553, 606, -2299, -1486, 4822]], "lincomb_LLL": [0.0, 1.0, 1.0, -1.0, 1.0, -1.0], "lincomb_cube": [-0.7719802856445312, -1.6674365997314453, 0.523503303527832, -1.0, -0.022104352712631226, 0.6752414703369141], "sv_LLL": [-10.0, -8.0, 7.0, 26.0, -7.0, 8.0], "sv_cube": [-4.66046142578125, -1.829620361328125, -8.685501098632812, 4.01171875, -3.18316650390625, -0.03729248046875], "lincomb_diff": [0.7719802856445312, 2.6674346923828125, 0.47649669647216797, 0.0, 1.022104263305664, -1.675241470336914], "Diff impact": [1846.86, -3375.04, 64.01, 0.0, 1098.35, 32.33, -3375.04, 30445.97, -177.94, -0.0, -8244.62, -15876.93, 64.01, -177.94, 1361.16, 0.0, -1107.99, -483.74, 0.0, -0.0, 0.0, 0.0, 0.0, 0.0, 1098.35, -8244.62, -1107.99, 0.0, 4742.92, 2544.44, 32.33, -15876.93, -483.74, 0.0, 2544.44, 13532.62]}, {"B": [[-25, 19, -32, -46, 24, 48], [35, 11, 48, -43, 14, -11], [-10, 33, 49, -36, -38, 25], [-30, 10, -34, -21, 20, 34], [-19, -20, -17, -49, 20, 7], [-11, -29, 8, 6, 49, -35]], "G": [[7006, -416, 1253, 5106, 3709, -1312], [-416, 5816, 3106, -1763, 609, 493], [1253, 3106, 6955, -190, -124, -3408], [5106, -1763, -190, 4153, 2615, -568], [3709, 609, -124, 2615, 3900, 1094], [-1312, 493, -3408, -568, 1094, 4688]], "lincomb_LLL": [6.0, -2.0, 0.0, -8.0, 0.0, 1.0], "lincomb_cube": [4.565635681152344, -1.6241931915283203, 0.22439050674438477, -5.900489807128906, -0.40543651580810547, 1.0], "sv_LLL": [9.0, -17.0, -8.0, -16.0, 5.0, 3.0], "sv_cube": [0.4864959716796875, -3.610260009765625, 2.4427108764648438, 1.51959228515625, 1.1910400390625, 4.17169189453125], "lincomb_diff": [1.4343643188476562, -0.3758068084716797, -0.22439050674438477, -2.0995101928710938, 0.40543651580810547, 0.0], "Diff impact": [14414.15, 224.24, -403.29, -15376.53, 2156.95, -0.0, 224.24, 821.4, 261.92, -1391.03, -92.79, -0.0, -403.29, 261.92, 350.19, -89.51, 11.28, 0.0, -15376.53, -1391.03, -89.51, 18306.19, -2225.94, 0.0, 2156.95, -92.79, 11.28, -2225.94, 641.08, 0.0, -0.0, -0.0, 0.0, 0.0, 0.0, 0.0]}, {"B": [[-49, 26, 22, 11, -24, 20], [21, 6, 2, 11, -30, -32], [-17, -25, -21, 23, -19, 36], [-36, 20, 26, -26, 3, -30], [34, -32, -19, -27, 9, -48], [-14, 1, 0, -7, 34, -48]], "G": [[4658, -628, 1150, 1898, -4389, -1141], [-628, 2526, -878, 0, 1453, 151], [1150, -878, 3541, -2169, -1899, -2322], [1898, 0, -2169, 3957, -189, 2248], [-4389, 1453, -1899, -189, 5655, 2291], [-1141, 151, -2322, 2248, 2291, 3706]], "lincomb_LLL": [-11.0, 3.0, 5.0, 8.0, -7.0, -1.0], "lincomb_cube": [-8.4337158203125, 2.2944602966308594, 3.781219482421875, 6.435508728027344, -5.2451934814453125, -1.0], "sv_LLL": [5.0, -10.0, 0.0, 15.0, 6.0, 8.0], "sv_cube": [1.139892578125, -4.483642578125, 6.62353515625, 0.733154296875, -0.16815185546875, 0.731201171875], "lincomb_diff": [-2.5662841796875, 0.7055397033691406, 1.218780517578125, 1.5644912719726562, -1.7548065185546875, 0.0], "Diff impact": [30676.72, 1137.07, -3596.9, -7620.34, -19765.13, 0.0, 1137.07, 1257.41, -754.99, 0.0, -1798.94, 0.0, -3596.9, -754.99, 5259.89, -4135.79, 4061.44, -0.0, -7620.34, 0.0, -4135.79, 9685.28, 518.88, 0.0, -19765.13, -1798.94, 4061.44, 518.88, 17413.7, -0.0, 0.0, 0.0, -0.0, 0.0, -0.0, 0.0]}, {"B": [[-21, -27, -26, -50, -11, -24], [-34, -30, 7, 13, -7, 19], [-47, 18, 17, -30, -16, -9], [-41, -38, 35, 8, -23, 23], [26, 15, 13, -23, -35, -38], [-1, 5, 40, 14, -46, -6]], "G": [[5043, 313, 1951, 278, 1158, -1204], [313, 2684, 728, 3481, -2019, 554], [1951, 728, 4059, 1759, 861, 1187], [278, 3481, 1759, 5472, -1434, 2283], [1158, -2019, 861, -1434, 4268, 2085], [-1204, 554, 1187, 2283, 2085, 3974]], "lincomb_LLL": [-1.0, 1.0, 0.0, 1.0, 2.0, -2.0], "lincomb_cube": [0.3605952262878418, -1.8987960815429688, -0.17959833145141602, 1.0, -0.7423696517944336, 0.24260544776916504], "sv_LLL": [0.0, -21.0, 14.0, -3.0, 3.0, 2.0], "sv_cube": [4.883522033691406, -3.927520751953125, 9.333206176757812, -8.855194091796875, 4.02166748046875, 6.639366149902344], "lincomb_diff": [-1.360595703125, 2.8987960815429688, 0.17959833145141602, 0.0, 2.74237060546875, -2.2426071166992188], "Diff impact": [9335.71, -1234.5, -476.75, -0.0, -4320.8, -3673.74, -1234.5, 22553.7, 379.01, 0.0, -16050.19, -3601.48, -476.75, 379.01, 130.93, 0.0, 424.06, -478.09, -0.0, 0.0, 0.0, 0.0, -0.0, -0.0, -4320.8, -16050.19, 424.06, -0.0, 32097.91, -12822.87, -3673.74, -3601.48, -478.09, -0.0, -12822.87, 19986.39]}, {"B": [[-50, 49, 48, -33, -45, 13], [-38, -6, -31, -2, -34, -17], [1, 18, -7, 22, 32, 8], [-1, -5, -2, -8, -16, -49], [-42, -17, 27, 42, 2, 29], [-35, 39, 16, 39, 45, 13]], "G": [[10488, 1493, -1566, 56, 1464, 1286], [1493, 3890, -1197, 1523, 216, -1229], [-1566, -1197, 1946, -1157, 683, 2957], [56, 1523, -1157, 2751, -1716, -1861], [1464, 216, 683, -1716, 5391, 3344], [1286, -1229, 2957, -1861, 3344, 6717]], "lincomb_LLL": [1.0, 0.0, 6.0, 1.0, 1.0, -3.0], "lincomb_cube": [0.6935653686523438, -0.18459630012512207, 3.7179946899414062, 1.0, 0.886937141418457, -1.9678153991699219], "sv_LLL": [18.0, 18.0, -17.0, 16.0, -2.0, 2.0], "sv_cube": [6.676513671875, 5.193603515625, 3.44989013671875, 11.7840576171875, -8.736083984375, -6.96197509765625], "lincomb_diff": [0.30643463134765625, 0.18459630012512207, 2.2820053100585938, 0.0, 0.11306285858154297, -1.0321846008300781], "Diff impact": [984.85, 84.45, -1095.08, 0.0, 50.72, -406.76, 84.45, 132.55, -504.24, 0.0, 4.51, 234.17, -1095.08, -504.24, 10133.89, -0.0, 176.22, -6965.07, 0.0, 0.0, -0.0, 0.0, -0.0, 0.0, 50.72, 4.51, 176.22, -0.0, 68.91, -390.25, -406.76, 234.17, -6965.07, 0.0, -390.25, 7156.33]}, {"B": [[-47, 32, -18, 24, -26, 5], [-30, -19, -28, 2, -40, 29], [-42, 19, 9, 30, 8, 42], [21, -41, -9, -22, 30, -5], [-29, -50, -26, 48, -26, 50], [-44, -36, -33, -1, 47, 10]], "G": [[4834, 2539, 3142, -3470, 2309, 314], [2539, 4490, 1605, -988, 5134, 1336], [3142, 1605, 4934, -2372, 3366, 1633], [-3470, -988, -2372, 3612, -411, 2231], [2309, 5134, 3366, -411, 9497, 3164], [314, 1336, 1633, 2231, 3164, 6631]], "lincomb_LLL": [-1.0, 0.0, -1.0, -2.0, 0.0, 1.0], "lincomb_cube": [-2.3111343383789062, 0.2833671569824219, -1.0, -3.713512420654297, 0.1030876636505127, 1.4988384246826172], "sv_LLL": [3.0, -5.0, -6.0, -11.0, 5.0, -27.0], "sv_cube": [-4.79986572265625, -5.198974609375, 5.94580078125, 0.2461261749267578, -2.885498046875, -6.6276702880859375], "lincomb_diff": [1.3111343383789062, -0.2833671569824219, 0.0, 1.7135124206542969, -0.1030876636505127, -0.4988384246826172], "Diff impact": [8310.0, -943.32, 0.0, -7795.86, -312.09, -205.37, -943.32, 360.53, -0.0, 479.73, 149.97, 188.85, 0.0, -0.0, 0.0, -0.0, -0.0, -0.0, -7795.86, 479.73, -0.0, 10605.28, 72.6, -1906.98, -312.09, 149.97, -0.0, 72.6, 100.93, 162.71, -205.37, 188.85, -0.0, -1906.98, 162.71, 1650.06]}, {"B": [[23, -24, -14, 30, 1, -9], [-5, -5, -41, -49, -8, -45], [-22, -30, -1, -19, -17, -40], [-27, -6, -7, -4, 3, -39], [34, -15, -7, 34, 2, -20], [8, -8, -7, -47, -19, 7]], "G": [[2283, -494, 1, -145, 2442, -1018], [-494, 6221, 3168, 2379, -590, 2427], [1, 3168, 3635, 2366, -171, 1007], [-145, 2379, 2366, 2360, -129, -261], [2442, -590, -171, -129, 2990, -1335], [-1018, 2427, 1007, -261, -1335, 2796]], "lincomb_LLL": [-1.0, 0.0, 0.0, 0.0, 1.0, 0.0], "lincomb_cube": [-1.0, 1.5198898315429688, 2.1319313049316406, -4.071525573730469, -0.2557649612426758, -2.953411102294922], "sv_LLL": [11.0, 9.0, 7.0, 4.0, 1.0, -11.0], "sv_cube": [0.10589599609375, 4.335540771484375, 0.5174560546875, 1.4189453125, -6.0133056640625, -1.44140625], "lincomb_diff": [0.0, -1.5198898315429688, -2.1319313049316406, 4.071525573730469, 1.2557640075683594, 2.953411102294922], "Diff impact": [0.0, 0.0, -0.0, -0.0, 0.0, -0.0, 0.0, 14370.91, 10265.27, -14721.9, 1126.09, -10894.46, -0.0, 10265.27, 16521.55, -20537.38, 457.8, -6340.54, -0.0, -14721.9, -20537.38, 39122.48, -659.56, -3138.5, 0.0, 1126.09, 457.8, -659.56, 4715.06, -4951.23, -0.0, -10894.46, -6340.54, -3138.5, -4951.23, 24388.49]}, {"B": [[19, 27, -31, 48, -29, 24], [30, 13, 32, 13, -17, 16], [1, -5, -1, -11, -5, 7], [8, 32, -41, -29, 39, -23], [-42, -42, -19, 45, -27, 9], [47, 10, 13, 32, 42, 8]], "G": [[5772, 1430, -300, -788, 1816, 1270], [1430, 2807, -13, -2064, -1226, 1786], [-300, -13, 222, -148, -110, -522], [-788, -2064, -148, 5660, -3466, 689], [1816, -1226, -110, -3466, 6724, -2263], [1270, 1786, -522, 689, -2263, 5330]], "lincomb_LLL": [0.0, 0.0, 1.0, 0.0, 0.0, 0.0], "lincomb_cube": [-0.8953266143798828, 2.8222618103027344, 1.0, 2.0335769653320312, 1.772247314453125, -0.14484691619873047], "sv_LLL": [1.0, -5.0, -1.0, -11.0, -5.0, 7.0], "sv_cube": [3.6831588745117188, -3.2927093505859375, -1.8649444580078125, -1.144012451171875, -1.6388092041015625, -1.3124923706054688], "lincomb_diff": [0.8953266143798828, -2.8222618103027344, 0.0, -2.0335769653320312, -1.772247314453125, 0.14484691619873047], "Diff impact": [4626.89, -3613.39, -0.0, 1434.72, -2881.52, 164.7, -3613.39, 22358.21, 0.0, -11845.89, -6132.14, -730.11, -0.0, 0.0, 0.0, 0.0, 0.0, -0.0, 1434.72, -11845.89, 0.0, 23406.56, -12491.47, -202.95, -2881.52, -6132.14, 0.0, -12491.47, 21119.15, 580.92, 164.7, -730.11, -0.0, -202.95, 580.92, 111.83]}, {"B": [[-44, -19, -20, 4, 50, 16], [-17, 48, -18, 45, 38, -20], [-29, -15, 22, -23, -43, 36], [-33, 1, -22, 49, 11, 9], [-26, -8, -43, 35, -24, 15], [-33, -1, 31, 47, -3, 25]], "G": [[5469, 1956, -545, 2763, 1336, 1289], [1956, 6786, -4012, 3448, 1195, 1456], [-545, -4012, 5224, -818, 695, 1602], [2763, 3448, -818, 4177, 3382, 2901], [1336, 1195, 695, 3382, 4615, 1625], [1289, 1456, 1602, 2901, 1625, 4894]], "lincomb_LLL": [2.0, 2.0, -2.0, -11.0, 6.0, 4.0], "lincomb_cube": [1.8952713012695312, 1.2312812805175781, -2.0, -8.962783813476562, 4.7621612548828125, 3.5207977294921875], "sv_LLL": [11.0, 25.0, -12.0, 3.0, -15.0, 11.0], "sv_cube": [9.44580078125, 2.5105133056640625, -2.5155029296875, 1.965576171875, 4.1074066162109375, 12.4859619140625], "lincomb_diff": [0.10472869873046875, 0.7687187194824219, 0.0, -2.0372161865234375, 1.2378387451171875, 0.4792022705078125], "Diff impact": [59.98, 157.47, -0.0, -589.5, 173.2, 64.69, 157.47, 4010.04, -0.0, -5399.73, 1137.1, 536.35, -0.0, -0.0, 0.0, 0.0, 0.0, 0.0, -589.5, -5399.73, 0.0, 17335.59, -8528.54, -2832.07, 173.2, 1137.1, 0.0, -8528.54, 7071.31, 963.91, 64.69, 536.35, 0.0, -2832.07, 963.91, 1123.83]}, {"B": [[26, -49, 6, -30, -23, -10], [20, 11, -4, -31, 43, 24], [-13, -49, 41, 15, -24, 19], [-44, -33, 9, -14, -44, 22], [-11, 1, 16, -31, 23, 48], [-48, -14, -15, -33, -32, -11]], "G": [[4642, -342, 2221, 1739, -318, 1184], [-342, 3923, -2004, -2209, 2829, -1671], [2221, -2004, 5413, 3822, 645, 759], [1739, -2209, 3822, 5722, 1073, 4067], [-318, 2829, 645, 1073, 4172, 33], [1184, -1671, 759, 4067, 33, 4959]], "lincomb_LLL": [0.0, -1.0, 1.0, -2.0, 1.0, 1.0], "lincomb_cube": [-0.6154327392578125, 1.7616920471191406, 1.0, 0.10148417949676514, -1.4262657165527344, 0.5137710571289062], "sv_LLL": [-4.0, -7.0, 28.0, 10.0, 12.0, -12.0], "sv_cube": [-7.204833984375, -11.433242797851562, 0.6471633911132812, 4.689605712890625, 12.19757080078125, -4.444572448730469], "lincomb_diff": [0.6154327392578125, -2.7616920471191406, 0.0, -2.101482391357422, 2.4262657165527344, 0.48622894287109375], "Diff impact": [1758.19, 581.28, 0.0, -2249.09, -474.84, 354.3, 581.28, 29920.5, 0.0, -12820.26, -18955.99, 2243.84, 0.0, 0.0, 0.0, -0.0, 0.0, 0.0, -2249.09, -12820.26, -0.0, 25269.66, -5470.96, -4155.67, -474.84, -18955.99, 0.0, -5470.96, 24559.58, 38.93, 354.3, 2243.84, 0.0, -4155.67, 38.93, 1172.4]}, {"B": [[-29, 32, -7, 36, -20, 31], [-35, -9, -42, 25, 17, -29], [28, 22, 40, -48, 23, -23], [28, -21, -45, -33, 50, 33], [-28, 14, -30, 6, 19, 21], [-45, 34, 11, -12, 30, -46]], "G": [[4571, 682, -3289, -2334, 1957, -142], [682, 4825, -3000, 167, 1978, 2351], [-3289, -3000, 6230, 497, -2010, 2252], [-2334, 167, 497, 7928, 1717, -2091], [1957, 1978, -2010, 1717, 2718, 938], [-142, 2351, 2252, -2091, 938, 6462]], "lincomb_LLL": [-1.0, 2.0, 3.0, -2.0, 4.0, -3.0], "lincomb_cube": [-1.0, 0.49321937561035156, 1.024362564086914, -1.2137928009033203, 2.3303756713867188, -1.289438247680664], "sv_LLL": [10.0, 12.0, -20.0, -4.0, 9.0, -2.0], "sv_cube": [-0.79248046875, 0.37103271484375, -2.2151947021484375, -3.32818603515625, -3.15057373046875, -0.66680908203125], "lincomb_diff": [0.0, 1.5067806243896484, 1.975637435913086, -0.7862071990966797, 1.6696243286132812, -1.710561752319336], "Diff impact": [0.0, 0.0, -0.0, 0.0, 0.0, 0.0, 0.0, 10954.62, -8930.56, -197.84, 4976.17, -6059.56, -0.0, -8930.56, 24316.58, -771.97, -6630.13, -7610.52, 0.0, -197.84, -771.97, 4900.47, -2253.86, -2812.09, 0.0, 4976.17, -6630.13, -2253.86, 7576.82, -2678.92, 0.0, -6059.56, -7610.52, -2812.09, -2678.92, 18907.95]}, {"B": [[39, 25, 41, -44, -42, 31], [-25, 41, -33, 6, -42, -44], [15, 42, 41, -26, -34, 9], [26, 14, 34, 3, -5, 3], [14, 2, 27, -30, 50, 21], [-37, -43, -47, -11, -44, -3]], "G": [[8488, -1167, 6167, 2929, 1574, -2206], [-1167, 7131, 870, -1102, -4363, 2627], [6167, 870, 5583, 2491, 670, -2533], [2929, -1102, 2491, 2071, 1033, -2984], [1574, -4363, 670, 1033, 4770, -3806], [-2206, 2627, -2533, -2984, -3806, 7493]], "lincomb_LLL": [1.0, 0.0, -1.0, -1.0, -1.0, -1.0], "lincomb_cube": [0.5028972625732422, 0.4957160949707031, -1.0, 0.7376308441162109, 0.35699892044067383, 0.11130023002624512], "sv_LLL": [21.0, 10.0, -14.0, 20.0, -9.0, 1.0], "sv_cube": [12.27838134765625, -2.848297119140625, -7.2525634765625, -2.874542236328125, 1.3228073120117188, -5.845741271972656], "lincomb_diff": [0.4971027374267578, -0.4957160949707031, 0.0, -1.737630844116211, -1.3569984436035156, -1.1112995147705078], "Diff impact": [2097.48, 287.57, 0.0, -2530.01, -1061.77, 1218.66, 287.57, 1752.33, -0.0, -949.23, -2934.93, 1447.19, 0.0, -0.0, 0.0, -0.0, -0.0, 0.0, -2530.01, -949.23, -0.0, 6253.1, 2435.78, -5762.19, -1061.77, -2934.93, -0.0, 2435.78, 8783.69, -5739.57, 1218.66, 1447.19, 0.0, -5762.19, -5739.57, 9253.75]}, {"B": [[-16, -11, 23, 0, 12, 22], [27, -31, -10, -20, 26, 36], [5, -46, -33, -8, -16, 24], [-20, -37, -31, 23, 28, 41], [42, 17, -50, 49, 31, -2], [36, 29, -25, 15, 16, -12]], "G": [[1534, 783, 3, 1252, -1681, -1542], [783, 4162, 2499, 2661, 861, 7], [3, 2499, 4126, 2977, 142, -993], [1252, 2661, 2977, 5724, 1994, -717], [-1681, 861, 142, 1994, 7919, 4510], [-1542, 7, -993, -717, 4510, 3387]], "lincomb_LLL": [-2.0, 1.0, -1.0, -1.0, 2.0, -4.0], "lincomb_cube": [0.7065334320068359, 0.08347547054290771, 0.32224082946777344, -1.0, 1.119729995727539, -1.2867164611816406], "sv_LLL": [14.0, -8.0, 8.0, 3.0, -12.0, -29.0], "sv_cube": [13.2674560546875, -6.4620361328125, 11.9630126953125, 8.318572998046875, -8.3829345703125, -1.5162200927734375], "lincomb_diff": [-2.7065353393554688, 0.9165248870849609, -1.3222408294677734, 0.0, 0.8802700042724609, -2.7132835388183594], "Diff impact": [11237.06, -1942.32, 10.74, -0.0, 4004.95, -11323.83, -1942.32, 3496.15, -3028.45, 0.0, 694.65, -17.41, 10.74, -3028.45, 7213.57, -0.0, -165.28, -3562.5, -0.0, 0.0, -0.0, 0.0, 0.0, 0.0, 4004.95, 694.65, -165.28, 0.0, 6136.24, -10771.78, -11323.83, -17.41, -3562.5, 0.0, -10771.78, 24934.78]}, {"B": [[7, 0, -21, 24, -20, 17], [16, -7, 26, -15, -10, 27], [-47, 28, 49, -11, 39, 24], [6, -44, 28, -40, -9, 42], [-40, -40, -24, -16, 23, -28], [-45, 20, 42, 27, 32, -50]], "G": [[1755, -135, -1994, -612, -1096, -2039], [-135, 2035, 749, 2956, -1730, -1843], [-1994, 749, 7612, 955, -15, 4484], [-612, 2956, 955, 6201, 105, -3442], [-1096, -1730, -15, 105, 5345, 1696], [-2039, -1843, 4484, -3442, 1696, 8442]], "lincomb_LLL": [5.0, 46.0, 1.0, -23.0, 17.0, -2.0], "lincomb_cube": [5.0, 49.29547119140625, 0.9072685241699219, -24.69158935546875, 18.176177978515625, -2.2313385009765625], "sv_LLL": [-4.0, -2.0, 4.0, 13.0, 13.0, 9.0], "sv_cube": [6.2999267578125, -4.90899658203125, -0.1702880859375, 7.18792724609375, 11.302734375, 3.3408203125], "lincomb_diff": [0.0, -3.29547119140625, 0.09273147583007812, 1.69158935546875, -1.176177978515625, 0.2313385009765625], "Diff impact": [0.0, 0.0, -0.0, -0.0, 0.0, -0.0, 0.0, 22100.37, -228.89, -16478.47, -6705.58, 1405.05, -0.0, -228.89, 65.46, 149.8, 1.64, 96.19, -0.0, -16478.47, 149.8, 17744.0, -208.91, -1346.96, 0.0, -6705.58, 1.64, -208.91, 7394.24, -461.47, -0.0, 1405.05, 96.19, -1346.96, -461.47, 451.79]}, {"B": [[-33, 22, 37, 36, 14, -47], [40, 43, -5, -33, 23, -3], [-22, -43, -40, -49, 4, 4], [-5, -35, -27, -20, -8, 22], [-4, 36, -28, -41, -24, 37], [-41, 36, -19, -13, 15, 26]], "G": [[6643, -1284, -3596, -3470, -3663, -38], [-1284, 5101, -832, -1160, 2218, 699], [-3596, -832, 6366, 3731, 1721, 915], [-3470, -1160, 3731, 2927, 1342, 170], [-3663, 2218, 1721, 1342, 5722, 3127], [-38, 699, 915, 170, 3127, 4408]], "lincomb_LLL": [31.0, 18.0, -21.0, 68.0, 6.0, -5.0], "lincomb_cube": [30.109375, 17.444915771484375, -20.34259033203125, 66.1473388671875, 5.849815368652344, -5.0], "sv_LLL": [0.0, 15.0, -12.0, 10.0, 1.0, -7.0], "sv_cube": [2.588623046875, 2.70654296875, -14.248046875, 7.253173828125, -3.1806640625, -7.160400390625], "lincomb_diff": [0.890625, 0.555084228515625, -0.65740966796875, 1.8526611328125, 0.15018463134765625, 0.0], "Diff impact": [5269.31, -634.77, 2105.48, -5725.59, 