{
 "cells": [
  {
   "cell_type": "code",
   "execution_count": 9,
   "id": "2228db58",
   "metadata": {
    "slideshow": {
     "slide_type": "slide"
    }
   },
   "outputs": [],
   "source": [
    "dimension = 6\n",
    "perimeter = 50\n",
    "sensitivity = 1.7\n",
    "jsonfilename = \"noname.json\""
   ]
  },
  {
   "cell_type": "code",
   "execution_count": 19,
   "id": "9d981872",
   "metadata": {},
   "outputs": [],
   "source": [
    "# UNINTERESTING TOOLS\n",
    "from random import randint, seed\n",
    "\n",
    "\n",
    "def shortestVector(matrix): \n",
    "    \"\"\"\n",
    "    Returns the 3-tuple: norm of the shortest vector, the shortest vector and its index.\n",
    "    \"\"\"\n",
    "    return sorted([(matrix[idx].norm().n(), matrix[idx], idx) for idx in range(matrix.nrows())])[0]\n",
    "\n",
    "def randomMatrix(dimension, per) -> matrix:\n",
    "    list = [randint(-per, per) for _ in range(dimension**2)]\n",
    "    M = matrix(ZZ, dimension, dimension, list)\n",
    "    while M.rank() != dimension:\n",
    "        list = [randint(-per, per) for _ in range(dimension**2)]\n",
    "        M = matrix(ZZ, dimension, dimension, list)\n",
    "    return M\n",
    "\n",
    "def gram_matrix(matrix) -> matrix:\n",
    "    return matrix * matrix.transpose()\n",
    "\n",
    "def matrix_to_list(A) -> list:\n",
    "    return [[int(A.list()[row * A.ncols() + col]) for col in range(A.ncols())] for row in range(A.nrows())]\n",
    "\n",
    "def vector_to_list(vector) -> list:\n",
    "    return [float(num) for num in vector.list()]\n",
    "\n",
    "\n",
    "def into_dict(B, G, x, solutions) -> dict:\n",
    "    result = {}\n",
    "    result[\"B\"] = B\n",
    "    result[\"G\"] = G\n",
    "    result[\"lincomb_LLL\"] = x\n",
    "    result[\"lincomb_cube\"] = solutions\n",
    "    result[\"sv_LLL\"] = x*B\n",
    "    result[\"sv_cube\"] = vector(solutions)*B\n",
    "    result[\"lincomb_diff\"] = x - vector(solutions)\n",
    "    result[\"Diff impact\"] = multiply_B_by_diff(G, x - vector(solutions))[0]\n",
    "#     result[\"Diff impact sum\"] = multiply_B_by_diff(B, x - vector(solutions))[1]\n",
    "#     result[\"LLL.norm\"] = vector(x*B).norm().n(digits=5)\n",
    "#     result[\"cube.norm\"] = (vector(solutions)*B).norm().n(digits=5)\n",
    "    return result"
   ]
  },
  {
   "cell_type": "code",
   "execution_count": 18,
   "id": "15788a4a",
   "metadata": {},
   "outputs": [],
   "source": [
    "### batshit cool math\n",
    "def innerComparsion(dimension, perimeter, B, B_red, v_min, x, G,i) -> dict:\n",
    "    solutions = find_real_minimum(G, i, x[i])\n",
    "    for j in range(dimension - 1):  # zbytecny forcyklus???\n",
    "        difference = x[j] - solutions[j]\n",
    "        if abs(difference) > sensitivity: \n",
    "            if all([sol == 0 for sol in solutions]):# FIME fuj\n",
    "                break  \n",
    "            return into_dict(B, G, x, solutions)\n",
    "        \n",
    "def find_real_minimum(G, i, x) -> vector:\n",
    "    matrixA = matrix(G.nrows() - 1, G.nrows() - 1, 0)\n",
    "    matrixB = matrix(G.nrows() - 1, 1, 0)\n",
    "    matrixA[0,0] = 1\n",
    "    a, b = 0, 0\n",
    "    for row in range(G.nrows()):\n",
    "        if row != i:\n",
    "            matrixA[a] = [G[row, j] for j in range(len(G[row])) if j != i]\n",
    "            matrixB[b] = sum([x * G[row,j] for j in range(len(G[row])) if j == i])\n",
    "            a += 1\n",
    "            b += 1\n",
    "    # insert indices\n",
    "    result = (matrixA.solve_right((-1)*matrixB)).list()\n",
    "    result.insert(i,x)\n",
    "    return vector(result).n(digits=5) \n",
    "\n",
    "\n",
    "def multiply_B_by_diff(B, diff) -> (matrix, float):\n",
    "    B = matrix_to_list(B)\n",
    "    n = len(B)\n",
    "    diff = vector_to_list(diff)\n",
    "    for i in range(n):\n",
    "        for j in range(n):\n",
    "            B[i][j] = round(B[i][j]*  diff[i] * diff[j], 2)\n",
    "    return matrix(B), round(sum(sum(B, [])), 2)"
   ]
  },
  {
   "cell_type": "code",
   "execution_count": 17,
   "id": "7bdeacaf",
   "metadata": {},
   "outputs": [],
   "source": [
    "### output formatting\n",
    "import json\n",
    "\n",
    "def format_data(output_data):\n",
    "    for dic in output_data:\n",
    "        for key, value in dic.items():\n",
    "            if isinstance(value, sage.matrix.matrix_integer_dense.Matrix_integer_dense):\n",
    "                dic[key] = matrix_to_list(value)\n",
    "            else:\n",
    "            # FIXME here I assume that output_data consits only of matrices and one-line entries (vectors, free modules)\n",
    "            # it IS going to break if I try to save integers/floats\n",
    "                dic[key] = vector_to_list(value)\n",
    "    return output_data\n",
    "\n",
    "def into_json(output_data):\n",
    "    out_file = open(jsonfilename, \"w+\") \n",
    "    json.dump(output_data, out_file) \n",
    "    out_file.close() \n",
    "\n",
    "def from_json(input_data):\n",
    "    out_file = open(jsonfilename)\n",
    "    return json.load(out_file) # close it maybe?\n",
    "\n",
    "def print_dict(dictionary) -> None:\n",
    "    for pair in dictionary.items():\n",
    "        print(pair[1], \": \", pair[0])\n",
    "    print()\n",
    "    \n",
    "    "
   ]
  },
  {
   "cell_type": "code",
   "execution_count": 10,
   "id": "4d82b33f",
   "metadata": {
    "scrolled": true
   },
   "outputs": [
    {
     "name": "stdout",
     "output_type": "stream",
     "text": [
      "[ 8921   737 -1843  3635 -2661  2492]\n",
      "[  737  7093  2581  4949 -2143 -1968]\n",
      "[-1843  2581  3883  -104 -2032 -2063]\n",
      "[ 3635  4949  -104  5383 -1733   885]\n",
      "[-2661 -2143 -2032 -1733  3339  -323]\n",
      "[ 2492 -1968 -2063   885  -323  5167] :  B\n",
      "(1, 7, -4, -8, -1, 2) :  The linear combination given by LLL\n",
      "(0.31263, 3.6765, -2.4420, -4.1109, -1.0000, 0.91609) :  The linear combination suggested by cube\n",
      "(2, -1, -7, 4, 6, -25) :  Shortest vector given by LLL\n",
      "(6.3496, -7.7764, 4.3762, -3.5653, 0.43530, -11.235) :  Shortest vector given by cube\n",
      "(0.68737, 3.3235, -1.5580, -3.8891, 0.00000, 1.0839) :  The difference of lincombs\n",
      "[  4214.93   1683.66   1973.65  -9717.21      -0.0   1856.64]\n",
      "[  1683.66  78348.15 -13364.26 -63968.45      -0.0  -7089.52]\n",
      "[  1973.65 -13364.26   9425.02   -630.14       0.0   3483.77]\n",
      "[ -9717.21 -63968.45   -630.14  81418.37       0.0  -3730.65]\n",
      "[     -0.0      -0.0       0.0       0.0       0.0      -0.0]\n",
      "[  1856.64  -7089.52   3483.77  -3730.65      -0.0   6070.48] :  Diff impact\n",
      "-7.08 :  Diff impact sum\n",
      "\n",
      "[ 7025   845  4685 -2003  3475  1391]\n",
      "[  845  3072  -152 -1477  1467  2356]\n",
      "[ 4685  -152  3452  -611  1704   704]\n",
      "[-2003 -1477  -611  8291  2184  1022]\n",
      "[ 3475  1467  1704  2184  8866   369]\n",
      "[ 1391  2356   704  1022   369  4083] :  B\n",
      "(-3, -1, 3, -1, 1, 1) :  The linear combination given by LLL\n",
      "(-0.95168, -1.0000, 0.70784, -0.60000, 0.51348, 0.88298) :  The linear combination suggested by cube\n",
      "(15, 11, -2, -12, 10, -17) :  Shortest vector given by LLL\n",
      "(4.7813, -2.1760, -9.2675, 2.0799, 1.9894, -11.926) :  Shortest vector given by cube\n",
      "(-2.0483, 0.00000, 2.2922, -0.40000, 0.48652, 0.11702) :  The difference of lincombs\n",
      "[ 29474.11      -0.0 -21996.44  -1641.12  -3462.99   -333.42]\n",
      "[     -0.0       0.0      -0.0       0.0       0.0       0.0]\n",
      "[-21996.44      -0.0  18136.86    560.21   1900.27    188.84]\n",
      "[ -1641.12       0.0    560.21   1326.58   -425.03    -47.84]\n",
      "[ -3462.99       0.0   1900.27   -425.03   2098.59     21.01]\n",
      "[  -333.42       0.0    188.84    -47.84     21.01     55.91] :  Diff impact\n",
      "4.67 :  Diff impact sum\n",
      "\n",
      "[ 5187  1145  1083 -1511 -2203 -1213]\n",
      "[ 1145  3786  -345  1285 -1302   138]\n",
      "[ 1083  -345  5750  -994 -3037  1469]\n",
      "[-1511  1285  -994  1910  1841  1171]\n",
      "[-2203 -1302 -3037  1841  5191   811]\n",
      "[-1213   138  1469  1171   811  3799] :  B\n",
      "(-2, 5, 1, -9, 4, 1) :  The linear combination given by LLL\n",
      "(-1.5723, 3.9200, 1.0000, -6.6626, 3.2112, 0.33704) :  The linear combination suggested by cube\n",
      "(-17, 3, 9, -15, 2, -13) :  Shortest vector given by LLL\n",
      "(2.6103, 4.8267, 4.0513, -2.7679, -2.0661, -1.2325) :  Shortest vector given by cube\n",
      "(-0.42774, 1.0800, 0.00000, -2.3374, 0.78875, 0.66296) :  The difference of lincombs\n",
      "[  949.01  -528.94     -0.0 -1510.72   743.25   343.97]\n",
      "[ -528.94  4415.94     -0.0 -3243.89 -1109.11    98.81]\n",
      "[    -0.0     -0.0      0.0      0.0     -0.0      0.0]\n",
      "[-1510.72 -3243.89      0.0  10435.6  -3394.2 -1814.62]\n",
      "[  743.25 -1109.11     -0.0  -3394.2  3229.49   424.08]\n",
      "[  343.97    98.81      0.0 -1814.62   424.08  1669.72] :  Diff impact\n",
      "30.41 :  Diff impact sum\n",
      "\n",
      "[ 6305  1725  1158 -4941 -2569  -692]\n",
      "[ 1725  5442   952 -1955 -3838   521]\n",
      "[ 1158   952   791  -528 -1159   791]\n",
      "[-4941 -1955  -528  6503  1143  4112]\n",
      "[-2569 -3838 -1159  1143  3845 -1862]\n",
      "[ -692   521   791  4112 -1862  5671] :  B\n",
      "(-2, -1, -1, -3, -1, 2) :  The linear combination given by LLL\n",
      "(-1.0492, -0.82186, -0.40815, -1.2867, -1.0000, 0.60909) :  The linear combination suggested by cube\n",
      "(-2, -3, -3, 16, 21, 4) :  Shortest vector given by LLL\n",
      "(-2.1708, 4.3338, 0.18799, 4.1492, 4.8477, -7.9358) :  Shortest vector given by cube\n",
      "(-0.95083, -0.17814, -0.59185, -1.7133, 0.00000, 1.3909) :  The difference of lincombs\n",
      "[ 5700.24   292.18   651.67 -8048.96      0.0   915.19]\n",
      "[  292.18    172.7   100.37  -596.67      0.0  -129.09]\n",
      "[  651.67   100.37   277.08  -535.39      0.0  -651.16]\n",
      "[-8048.96  -596.67  -535.39  19087.8     -0.0 -9798.84]\n",
      "[     0.0      0.0      0.0     -0.0      0.0     -0.0]\n",
      "[  915.19  -129.09  -651.16 -9798.84     -0.0 10971.37] :  Diff impact\n",
      "-0.68 :  Diff impact sum\n",
      "\n",
      "[ 4949  2207 -2139   127  1473  5627]\n",
      "[ 2207  5313   673  -879  3639  3629]\n",
      "[-2139   673  5884   617   416  -604]\n",
      "[  127  -879   617  5489  1967  -787]\n",
      "[ 1473  3639   416  1967  3978  2349]\n",
      "[ 5627  3629  -604  -787  2349  8835] :  B\n",
      "(-2, 4, -1, 3, -5, 1) :  The linear combination given by LLL\n",
      "(-1.7186, 2.4065, -0.76946, 1.6998, -2.9156, 1.0000) :  The linear combination suggested by cube\n",
      "(4, 10, 28, 3, 10, 19) :  Shortest vector given by LLL\n",
      "(6.8837, 8.2328, 0.96524, -6.8671, 3.2813, 1.4169) :  Shortest vector given by cube\n",
      "(-0.28142, 1.5935, -0.23054, 1.3002, -2.0844, 0.00000) :  The difference of lincombs\n",
      "[   391.96   -989.72   -138.78    -46.47    864.06      -0.0]\n",
      "[  -989.72  13490.77   -247.23  -1821.12 -12086.76       0.0]\n",
      "[  -138.78   -247.23    312.72   -184.94     199.9       0.0]\n",
      "[   -46.47  -1821.12   -184.94    9278.9  -5330.72      -0.0]\n",
      "[   864.06 -12086.76     199.9  -5330.72  17283.19      -0.0]\n",
      "[     -0.0       0.0       0.0      -0.0      -0.0       0.0] :  Diff impact\n",
      "-3.78 :  Diff impact sum\n",
      "\n",
      "[ 7584  5428  3923  3656  -763   287]\n",
      "[ 5428  6614  1334  3199 -1641   -12]\n",
      "[ 3923  1334  5540  2948  -691  3684]\n",
      "[ 3656  3199  2948  6116 -2380   623]\n",
      "[ -763 -1641  -691 -2380  1836  -802]\n",
      "[  287   -12  3684   623  -802  4808] :  B\n",
      "(3, -2, -5, 2, 2, 4) :  The linear combination given by LLL\n",
      "(4.9284, -3.2913, -7.3578, 2.5566, 2.0000, 5.3377) :  The linear combination suggested by cube\n",
      "(-2, -15, -15, -8, 4, 14) :  Shortest vector given by LLL\n",
      "(0.39062, 0.38696, -1.7029, 2.1894, -4.6946, 5.7220) :  Shortest vector given by cube\n",
      "(-1.9284, 1.2913, 2.3578, -0.55658, 0.00000, -1.3377) :  The difference of lincombs\n",
      "[ 28203.21 -13516.37 -17837.46   3924.07       0.0    740.35]\n",
      "[-13516.37  11028.19   4061.54  -2299.14      -0.0     20.73]\n",
      "[-17837.46   4061.54  30799.17  -3868.76      -0.0 -11619.51]\n",
      "[  3924.07  -2299.14  -3868.76   1894.65       0.0    463.84]\n",
      "[      0.0      -0.0      -0.0       0.0       0.0       0.0]\n",
      "[   740.35     20.73 -11619.51    463.84       0.0   8603.44] :  Diff impact\n",
      "-51.97 :  Diff impact sum\n",
      "\n",
      "[ 6857  -849  5069  2700 -2385 -1677]\n",
      "[ -849  5392   313  2996  -779 -2378]\n",
      "[ 5069   313  5970  4533  -353 -3195]\n",
      "[ 2700  2996  4533  5168   -90 -4241]\n",
      "[-2385  -779  -353   -90  3803   289]\n",
      "[-1677 -2378 -3195 -4241   289  5233] :  B\n",
      "(1, -2, -4, 5, 0, 1) :  The linear combination given by LLL\n",
      "(1.0000, -0.60800, -2.0959, 1.9267, 0.33026, 0.30776) :  The linear combination suggested by cube\n",
      "(-8, -22, 5, 24, 7, -10) :  Shortest vector given by LLL\n",
      "(-6.5061, -8.4605, 18.725, 7.8731, 2.9581, -10.586) :  Shortest vector given by cube\n",
      "(0.00000, -1.3920, -1.9041, 3.0733, -0.33026, 0.69224) :  The difference of lincombs\n",
      "[      0.0       0.0      -0.0       0.0       0.0      -0.0]\n",
      "[      0.0  10447.92     829.6 -12816.91   -358.12   2291.45]\n",
      "[     -0.0     829.6  21644.26 -26525.99   -221.98   4211.27]\n",
      "[      0.0 -12816.91 -26525.99  48811.91     91.35  -9022.53]\n",
      "[      0.0   -358.12   -221.98     91.35     414.8    -66.07]\n",
      "[     -0.0   2291.45   4211.27  -9022.53    -66.07   2507.65] :  Diff impact\n",
      "93.61 :  Diff impact sum\n",
      "\n",
      "[ 3406  3485  2410  3012 -1263  2194]\n",
      "[ 3485  4162  1256  4044   126  2872]\n",
      "[ 2410  1256  5656   670 -2183  1559]\n",
      "[ 3012  4044   670  5522  2729  3145]\n",
      "[-1263   126 -2183  2729  6684  2238]\n",
      "[ 2194  2872  1559  3145  2238  4000] :  B\n",
      "(10, -3, -1, -4, 4, -2) :  The linear combination given by LLL\n",
      "(8.1997, -2.8131, -1.0000, -2.9345, 2.9539, -1.4334) :  The linear combination suggested by cube\n",
      "(-2, 10, -7, 6, -6, -1) :  Shortest vector given by LLL\n",
      "(-1.7604, 3.7867, 3.0080, 5.6533, -3.3718, -2.7177) :  Shortest vector given by cube\n",
      "(1.8003, -0.18686, 0.00000, -1.0655, 1.0461, -0.56658) :  The difference of lincombs\n",
      "[11039.03 -1172.36      0.0 -5777.67 -2378.57 -2237.92]\n",
      "[-1172.36   145.32     -0.0   805.16   -24.63   304.06]\n",
      "[     0.0     -0.0      0.0     -0.0     -0.0     -0.0]\n",
      "[-5777.67   805.16     -0.0   6269.1 -3041.78  1898.62]\n",
      "[-2378.57   -24.63     -0.0 -3041.78  7314.37 -1326.46]\n",
      "[-2237.92   304.06     -0.0  1898.62 -1326.46  1284.07] :  Diff impact\n",
      "-5.69 :  Diff impact sum\n",
      "\n",
      "[ 5972   922 -4479   538   808 -1262]\n",
      "[  922  6244 -4256   -34  2897 -1933]\n",
      "[-4479 -4256  7825 -4879 -2486  3797]\n",
      "[  538   -34 -4879  9358   620 -1943]\n",
      "[  808  2897 -2486   620  1653 -1033]\n",
      "[-1262 -1933  3797 -1943 -1033  6952] :  B\n",
      "(0, -1, 0, 0, 2, 0) :  The linear combination given by LLL\n",
      "(-0.96529, -1.0000, -1.6107, -0.75152, 0.24161, 0.25229) :  The linear combination suggested by cube\n",
      "(-19, 18, -19, -2, 7, 13) :  Shortest vector given by LLL\n",
      "(-5.0013, -0.014282, -0.19682, 0.25786, -2.7980, -2.8651) :  Shortest vector given by cube\n",
      "(0.96529, 0.00000, 1.6107, 0.75152, 1.7584, -0.25229) :  The difference of lincombs\n",
      "[  5564.6      0.0 -6963.76   390.28  1371.46   307.33]\n",
      "[     0.0      0.0     -0.0     -0.0      0.0      0.0]\n",
      "[-6963.76     -0.0 20299.97 -5905.78 -7040.78 -1542.91]\n",
      "[  390.28     -0.0 -5905.78  5285.24   819.31   368.39]\n",
      "[ 1371.46      0.0 -7040.78   819.31  5110.95   458.26]\n",
      "[  307.33      0.0 -1542.91   368.39   458.26   442.48] :  Diff impact\n",
      "-32.26 :  Diff impact sum\n",
      "\n",
      "[ 4095   359  2004  1844 -1696 -2858]\n",
      "[  359  3246  -875  1016 -1033   234]\n",
      "[ 2004  -875  3726 -1334 -3027 -4470]\n",
      "[ 1844  1016 -1334  4565 -1921  -293]\n",
      "[-1696 -1033 -3027 -1921  8504  6759]\n",
      "[-2858   234 -4470  -293  6759  7413] :  B\n",
      "(-1, 0, 2, 1, 0, 1) :  The linear combination given by LLL\n",
      "(0.62797, -0.26679, -0.057434, -0.49825, -0.83496, 1.0000) :  The linear combination suggested by cube\n",
      "(-13, -2, 8, -27, 10, -11) :  Shortest vector given by LLL\n",
      "(-6.0012, 0.058289, -8.0688, -13.331, -6.0129, -0.16953) :  Shortest vector given by cube\n",
      "(-1.6280, 0.26679, 2.0574, 1.4982, 0.83496, 0.00000) :  The difference of lincombs\n",
      "[10852.94  -155.92 -6712.29 -4497.71  2305.37      0.0]\n",
      "[ -155.92   231.04  -480.29   406.11  -230.11      0.0]\n",
      "[-6712.29  -480.29 15772.29 -4112.12 -5200.04     -0.0]\n",
      "[-4497.71   406.11 -4112.12 10247.28 -2403.14     -0.0]\n",
      "[ 2305.37  -230.11 -5200.04 -2403.14   5928.7      0.0]\n",
      "[     0.0      0.0     -0.0     -0.0      0.0      0.0] :  Diff impact\n",
      "36.8 :  Diff impact sum\n",
      "\n",
      "[ 4143  1778   380   663 -2029   558]\n",
      "[ 1778  2908 -2308  -366 -1035  1789]\n",
      "[  380 -2308  4760  1872 -1279  1545]\n",
      "[  663  -366  1872  4771   855  -328]\n",
      "[-2029 -1035 -1279   855  2879 -3686]\n",
      "[  558  1789  1545  -328 -3686  8156] :  B\n",
      "(0, -2, -2, 1, -2, 0) :  The linear combination given by LLL\n",
      "(1.5654, -2.0000, -1.0098, -0.16631, 1.5328, 1.2089) :  The linear combination suggested by cube\n",
      "(11, 2, 8, -11, 15, -2) :  Shortest vector given by LLL\n",
      "(-0.039520, 2.0693, 6.6231, 4.2756, 7.7751, -1.6326) :  Shortest vector given by cube\n",
      "(-1.5654, 0.00000, -0.99015, 1.1663, -3.5328, -1.2089) :  The difference of lincombs\n",
      "[ 10152.46      -0.0     589.0  -1210.47 -11220.99   1056.01]\n",
      "[     -0.0       0.0       0.0      -0.0       0.0      -0.0]\n",
      "[    589.0       0.0   4666.73  -2161.83  -4473.98   1849.42]\n",
      "[ -1210.47      -0.0  -2161.83   6489.88   -3522.9    462.48]\n",
      "[-11220.99       0.0  -4473.98   -3522.9  35932.15 -15742.77]\n",
      "[  1056.01      -0.0   1849.42    462.48 -15742.77   11920.3] :  Diff impact\n",
      "-61.54 :  Diff impact sum\n",
      "\n",
      "[3067 3356 -820 2125 1724 -748]\n",
      "[3356 5182 1567 2779 2255 -924]\n",
      "[-820 1567 5045 -467  223   19]\n",
      "[2125 2779 -467 4682 1407  371]\n",
      "[1724 2255  223 1407 1115 -361]\n",
      "[-748 -924   19  371 -361 5185] :  B\n",
      "(0, 1, 0, 0, -2, 0) :  The linear combination given by LLL\n",
      "(-1.2042, 1.0000, -0.52518, -0.14051, 0.13009, 0.025523) :  The linear combination suggested by cube\n",
      "(-6, 3, 3, 18, 10, 12) :  Shortest vector given by LLL\n",
      "(-3.3864, -1.1345, -8.6704, 10.362, 0.46614, 1.2498) :  Shortest vector given by cube\n",
      "(1.2042, 0.00000, 0.52518, 0.14051, -2.1301, -0.025523) :  The difference of lincombs\n",
      "[ 4447.37      0.0  -518.58   359.55 -4422.11    22.99]\n",
      "[     0.0      0.0      0.0      0.0     -0.0      0.0]\n",
      "[ -518.58      0.0   1391.5   -34.46  -249.47    -0.25]\n",
      "[  359.55      0.0   -34.46    92.43  -421.11    -1.33]\n",
      "[-4422.11     -0.0  -249.47  -421.11  5059.07   -19.63]\n",
      "[   22.99      0.0    -0.25    -1.33   -19.63     3.38] :  Diff impact\n",
      "-16.53 :  Diff impact sum\n",
      "\n",
      "[ 4343 -2038 -1737 -1067  3971 -2507]\n",
      "[-2038  2373  1978  -846  -901   872]\n",
      "[-1737  1978 10908   667 -2746 -1871]\n",
      "[-1067  -846   667  2484 -1941   872]\n",
      "[ 3971  -901 -2746 -1941  4791 -1906]\n",
      "[-2507   872 -1871   872 -1906  2762] :  B\n",
      "(2, 1, 0, 0, -1, 1) :  The linear combination given by LLL\n",
      "(-3.7052, -3.8529, 1.0706, -1.3438, 2.8135, 1.0000) :  The linear combination suggested by cube\n",
      "(-9, 15, -1, 14, 5, -8) :  Shortest vector given by LLL\n",
      "(0.46460, 0.79614, 5.5793, 6.4645, 8.6664, -2.2270) :  Shortest vector given by cube\n",
      "(5.7052, 4.8529, -1.0706, 1.3438, -3.8135, 0.00000) :  The difference of lincombs\n",
      "[141363.92 -56425.61  10609.78  -8180.47 -86397.81      -0.0]\n",
      "[-56425.61  55884.73 -10276.76  -5517.06  16674.43       0.0]\n",
      "[ 10609.78 -10276.76  12502.86   -959.62 -11211.43       0.0]\n",
      "[ -8180.47  -5517.06   -959.62    4485.7   9947.03       0.0]\n",
      "[-86397.81  16674.43 -11211.43   9947.03  69675.98       0.0]\n",
      "[     -0.0       0.0       0.0       0.0       0.0       0.0] :  Diff impact\n",
      "46.09 :  Diff impact sum\n",
      "\n",
      "[ 3403 -1719 -3122 -1461  2361   531]\n",
      "[-1719  4234  -865 -1209  2352   815]\n",
      "[-3122  -865  4874  2623 -4540  -557]\n",
      "[-1461 -1209  2623  4371 -4410 -3080]\n",
      "[ 2361  2352 -4540 -4410  6233  3142]\n",
      "[  531   815  -557 -3080  3142  4858] :  B\n",
      "(-3, -2, -1, 1, 2, 0) :  The linear combination given by LLL\n",
      "(-1.4224, -0.86341, -1.0000, 0.21995, 0.18986, 0.20233) :  The linear combination suggested by cube\n",
      "(3, -13, -14, -3, 3, -16) :  Shortest vector given by LLL\n",
      "(4.6377, 0.47768, -5.3979, -0.66715, 5.6062, 1.1294) :  Shortest vector given by cube\n",
      "(-1.5776, -1.1366, 0.00000, 0.78005, 1.8101, -0.20233) :  The difference of lincombs\n",
      "[ 8469.08 -3082.23      0.0  1797.89 -6742.12   169.49]\n",
      "[-3082.23  5469.61      0.0   1071.9 -4838.97   187.42]\n",
      "[     0.0      0.0      0.0      0.0     -0.0      0.0]\n",
      "[ 1797.89   1071.9      0.0  2659.69 -6226.97    486.1]\n",
      "[-6742.12 -4838.97     -0.0 -6226.97 20423.19 -1150.73]\n",
      "[  169.49   187.42      0.0    486.1 -1150.73   198.87] :  Diff impact\n",
      "14.83 :  Diff impact sum\n",
      "\n",
      "[ 4517 -1134  -625 -4090 -2694 -2526]\n",
      "[-1134  3915   208  2762  3661 -1926]\n",
      "[ -625   208  4413   801 -1582 -1185]\n",
      "[-4090  2762   801  6282  1953  1335]\n",
      "[-2694  3661 -1582  1953  7037  -387]\n",
      "[-2526 -1926 -1185  1335  -387  4118] :  B\n",
      "(3, -2, 1, 2, 2, 1) :  The linear combination given by LLL\n",
      "(1.5901, -0.21319, 0.66808, 0.59509, 0.75966, 1.0000) :  The linear combination suggested by cube\n",
      "(-19, -9, 7, -10, 8, -13) :  Shortest vector given by LLL\n",
      "(-8.2128, 5.0312, -1.5290, 0.73853, 10.701, -3.2787) :  Shortest vector given by cube\n",
      "(1.4099, -1.7868, 0.33192, 1.4049, 1.2403, 0.00000) :  The difference of lincombs\n",
      "[ 8979.59  2856.91  -292.49 -8101.66 -4711.29     -0.0]\n",
      "[ 2856.91 12499.46  -123.36 -6933.48 -8113.69      0.0]\n",
      "[ -292.49  -123.36   486.18   373.52  -651.29     -0.0]\n",
      "[-8101.66 -6933.48   373.52 12399.19  3403.21      0.0]\n",
      "[-4711.29 -8113.69  -651.29  3403.21 10825.95     -0.0]\n",
      "[    -0.0      0.0     -0.0      0.0     -0.0      0.0] :  Diff impact\n",
      "-5.75 :  Diff impact sum\n",
      "\n",
      "[ 3934  3398 -3550 -2812   -33 -1176]\n",
      "[ 3398  5628 -1250 -2391  1944 -2862]\n",
      "[-3550 -1250  4949  1617  1376  -516]\n",
      "[-2812 -2391  1617  4647   423  2877]\n",
      "[  -33  1944  1376   423  2683   935]\n",
      "[-1176 -2862  -516  2877   935  6989] :  B\n",
      "(4, -3, 1, 1, 2, -1) :  The linear combination given by LLL\n",
      "(2.3277, -1.2947, 1.0000, 0.57761, 0.49114, -0.36818) :  The linear combination suggested by cube\n",
      "(-14, -7, 14, -12, 7, -5) :  Shortest vector given by LLL\n",
      "(-5.1857, 1.1761, -2.9720, -7.8504, -0.21216, 2.2903) :  Shortest vector given by cube\n",
      "(1.6723, -1.7053, 0.00000, 0.42239, 1.5089, -0.63182) :  The difference of lincombs\n",
      "[11002.31  -9690.3     -0.0 -1986.34   -83.27  1242.58]\n",
      "[ -9690.3  16365.6      0.0   1722.2  -5001.9 -3083.54]\n",
      "[    -0.0      0.0      0.0      0.0      0.0      0.0]\n",
      "[-1986.34   1722.2      0.0   829.09   269.59   -767.8]\n",
      "[  -83.27  -5001.9      0.0   269.59  6108.29  -891.36]\n",
      "[ 1242.58 -3083.54      0.0   -767.8  -891.36  2789.96] :  Diff impact\n",
      "12.94 :  Diff impact sum\n",
      "\n",
      "[ 4046 -4310  1440  -868 -3327 -1053]\n",
      "[-4310  5635  -227   923  3612  1503]\n",
      "[ 1440  -227  3953  1013  -220  2211]\n",
      "[ -868   923  1013  4185  1662  1125]\n",
      "[-3327  3612  -220  1662  3621  1800]\n",
      "[-1053  1503  2211  1125  1800  3025] :  B\n",
      "(14, 8, -8, 1, 1, 6) :  The linear combination given by LLL\n",
      "(11.385, 6.5912, -6.7135, 1.0000, 0.59963, 4.8664) :  The linear combination suggested by cube\n",
      "(-8, 8, -4, -11, -3, -10) :  Shortest vector given by LLL\n",
      "(-2.2294, 4.4958, 2.2500, 1.2863, 3.4253, -3.6798) :  Shortest vector given by cube\n",
      "(2.6152, 1.4088, -1.2865, 0.00000, 0.40037, 1.1336) :  The difference of lincombs\n",
      "[ 27672.42 -15879.75  -4844.76      -0.0  -3483.55  -3121.71]\n",
      "[-15879.75  11184.22    411.42       0.0   2037.34   2400.31]\n",
      "[ -4844.76    411.42   6542.22      -0.0    113.31  -3224.34]\n",
      "[     -0.0       0.0      -0.0       0.0       0.0       0.0]\n",
      "[ -3483.55   2037.34    113.31       0.0    580.43    816.93]\n",
      "[ -3121.71   2400.31  -3224.34       0.0    816.93   3887.16] :  Diff impact\n",
      "-11.85 :  Diff impact sum\n",
      "\n",
      "[ 8516 -4639  2270  1706   347 -2062]\n",
      "[-4639  7582   648 -2267 -2362  -665]\n",
      "[ 2270   648  3140  1305 -2552   242]\n",
      "[ 1706 -2267  1305  2022   245  1772]\n",
      "[  347 -2362 -2552   245  5908   932]\n",
      "[-2062  -665   242  1772   932  4415] :  B\n",
      "(-1, -2, 4, -5, 1, 1) :  The linear combination given by LLL\n",
      "(-1.0000, -1.3380, 2.6529, -2.4776, 0.76964, 0.017941) :  The linear combination suggested by cube\n",
      "(5, 5, -19, 18, 11, 17) :  Shortest vector given by LLL\n",
      "(-2.7456, -7.5023, -1.9215, 13.189, -3.1916, 5.6432) :  Shortest vector given by cube\n",
      "(0.00000, -0.66197, 1.3471, -2.5224, 0.23036, 0.98206) :  The difference of lincombs\n",
      "[     0.0      0.0      0.0     -0.0      0.0     -0.0]\n",
      "[     0.0  3322.43  -577.84  -3785.3   360.18   432.31]\n",
      "[     0.0  -577.84  5698.08 -4434.28  -791.92   320.15]\n",
      "[    -0.0  -3785.3 -4434.28 12864.94  -142.36  -4389.5]\n",
      "[     0.0   360.18  -791.92  -142.36    313.5   210.84]\n",
      "[    -0.0   432.31   320.15  -4389.5   210.84  4258.01] :  Diff impact\n",
      "-29.02 :  Diff impact sum\n",
      "\n",
      "[ 5276  1012  1954  -332  2302  2129]\n",
      "[ 1012  3278 -1817   -46  2934   868]\n",
      "[ 1954 -1817  4818   835  1858  -885]\n",
      "[ -332   -46   835  4163    54  -239]\n",
      "[ 2302  2934  1858    54  6296  -399]\n",
      "[ 2129   868  -885  -239  -399  2641] :  B\n",
      "(1, -8, -5, 1, 5, 1) :  The linear combination given by LLL\n",
      "(1.0000, -5.6353, -3.9320, 0.77984, 3.4343, 0.31781) :  The linear combination suggested by cube\n",
      "(21, -1, 9, 4, 21, 8) :  Shortest vector given by LLL\n",
      "(3.0504, 10.390, -2.9809, 4.9520, 5.9493, 5.2337) :  Shortest vector given by cube\n",
      "(0.00000, -2.3647, -1.0680, 0.22016, 1.5657, 0.68219) :  The difference of lincombs\n",
      "[      0.0      -0.0      -0.0      -0.0       0.0       0.0]\n",
      "[     -0.0  18329.47  -4588.91     23.95 -10862.74  -1400.21]\n",
      "[     -0.0  -4588.91   5495.85   -196.34  -3106.98    644.81]\n",
      "[     -0.0     23.95   -196.34    201.78     18.61     -35.9]\n",
      "[      0.0 -10862.74  -3106.98     18.61  15434.13   -426.17]\n",
      "[      0.0  -1400.21    644.81     -35.9   -426.17   1229.07] :  Diff impact\n",
      "39.38 :  Diff impact sum\n",
      "\n",
      "[ 4451  1099   -20   546  4334   205]\n",
      "[ 1099  3575  -363   977  -163   335]\n",
      "[  -20  -363  4540 -2534  2185   295]\n",
      "[  546   977 -2534  2303  -612 -1411]\n",
      "[ 4334  -163  2185  -612  5889  -719]\n",
      "[  205   335   295 -1411  -719  3826] :  B\n",
      "(13, -3, 4, -3, -12, -4) :  The linear combination given by LLL\n",
      "(15.223, -3.5376, 5.2058, -3.0000, -14.114, -4.6661) :  The linear combination suggested by cube\n",
      "(-7, 0, 8, 8, -8, 10) :  Shortest vector given by LLL\n",
      "(-2.5957, 5.7803, -2.1553, 4.0909, -2.1426, 1.8899) :  Shortest vector given by cube\n",
      "(-2.2230, 0.53758, -1.2058, 0.00000, 2.1142, 0.66610) :  The difference of lincombs\n",
      "[21995.78 -1313.36   -53.61     -0.0 -20369.7  -303.55]\n",
      "[-1313.36  1033.16   235.31      0.0  -185.26   119.96]\n",
      "[  -53.61   235.31  6601.23      0.0 -5570.46  -236.94]\n",
      "[    -0.0      0.0      0.0      0.0     -0.0     -0.0]\n",
      "[-20369.7  -185.26 -5570.46     -0.0 26323.96 -1012.56]\n",
      "[ -303.55   119.96  -236.94     -0.0 -1012.56  1697.55] :  Diff impact\n",
      "-12.55 :  Diff impact sum\n",
      "\n",
      "[ 7184    28  2752  1469   -54  1512]\n",
      "[   28  3343    53 -1106   472   655]\n",
      "[ 2752    53  2515  1337  2477  2391]\n",
      "[ 1469 -1106  1337  4985   750   259]\n",
      "[  -54   472  2477   750  4568  3374]\n",
      "[ 1512   655  2391   259  3374  3027] :  B\n",
      "(-1, 0, 2, 0, -2, 1) :  The linear combination given by LLL\n",
      "(-0.15326, -0.056139, -0.23511, 0.13858, -0.62989, 1.0000) :  The linear combination suggested by cube\n",
      "(-2, 3, -2, 5, -21, -8) :  Shortest vector given by LLL\n",
      "(4.0416, -6.1543, -3.2764, 4.4022, -4.6937, -0.80130) :  Shortest vector given by cube\n",
      "(-0.84674, 0.056139, 2.2351, -0.13858, -1.3701, 0.00000) :  The difference of lincombs\n",
      "[ 5150.73    -1.33 -5208.33   172.37   -62.65     -0.0]\n",
      "[   -1.33    10.54     6.65      8.6    -36.3      0.0]\n",
      "[-5208.33     6.65  12564.2  -414.11  -7585.4      0.0]\n",
      "[  172.37      8.6  -414.11    95.73    142.4     -0.0]\n",
      "[  -62.65    -36.3  -7585.4    142.4   8575.0     -0.0]\n",
      "[    -0.0      0.0      0.0     -0.0     -0.0      0.0] :  Diff impact\n",
      "30.71 :  Diff impact sum\n",
      "\n",
      "[ 3764  -239 -2617  -547 -1746  3329]\n",
      "[ -239  5773  -212  1019 -1889   324]\n",
      "[-2617  -212  2017   317  1039 -2649]\n",
      "[ -547  1019   317  4161  -873 -2405]\n",
      "[-1746 -1889  1039  -873  2438  -484]\n",
      "[ 3329   324 -2649 -2405  -484  5056] :  B\n",
      "(-4, -1, -3, 0, -2, 1) :  The linear combination given by LLL\n",
      "(-1.9615, -0.64317, -0.64714, 0.24564, -1.3408, 1.0000) :  The linear combination suggested by cube\n",
      "(-6, -9, -17, 9, -1, 2) :  Shortest vector given by LLL\n",
      "(-8.3919, -3.1050, 0.032471, 0.80243, 0.67041, 3.0339) :  Shortest vector given by cube\n",
      "(-2.0385, -0.35683, -2.3529, -0.24564, -0.65921, 0.00000) :  The difference of lincombs\n",
      "[ 15641.79   -173.85 -12552.13   -273.91  -2346.32      -0.0]\n",
      "[  -173.85    735.05   -177.99     89.32   -444.34      -0.0]\n",
      "[-12552.13   -177.99  11165.97    183.21   1611.52       0.0]\n",
      "[  -273.91     89.32    183.21    251.07   -141.36       0.0]\n",
      "[ -2346.32   -444.34   1611.52   -141.36   1059.46       0.0]\n",
      "[     -0.0      -0.0       0.0       0.0       0.0       0.0] :  Diff impact\n",
      "36.43 :  Diff impact sum\n",
      "\n",
      "[ 2540   295  2082  -424 -1787  2085]\n",
      "[  295  5474   -21  2227 -2787 -2952]\n",
      "[ 2082   -21  5149  2036  -190  1399]\n",
      "[ -424  2227  2036  6230  1013 -1791]\n",
      "[-1787 -2787  -190  1013  5052 -1820]\n",
      "[ 2085 -2952  1399 -1791 -1820  5315] :  B\n",
      "(-5, 14, 1, -4, 11, 12) :  The linear combination given by LLL\n",
      "(-6.2240, 17.576, 1.0000, -4.9778, 13.948, 15.039) :  The linear combination suggested by cube\n",
      "(-9, -12, 8, 0, 1, 5) :  Shortest vector given by LLL\n",
      "(-1.2268, -2.5063, 4.7769, 5.2258, 4.1035, -1.3643) :  Shortest vector given by cube\n",
      "(1.2240, -3.5762, 0.00000, 0.97778, -2.9483, -3.0393) :  The difference of lincombs\n",
      "[  3805.12  -1291.26       0.0   -507.43   6448.52  -7756.07]\n",
      "[ -1291.26   70009.4       0.0  -7787.27 -29385.32  -32085.6]\n",
      "[      0.0       0.0       0.0       0.0       0.0      -0.0]\n",
      "[  -507.43  -7787.27       0.0   5956.16  -2920.22   5322.34]\n",
      "[  6448.52 -29385.32       0.0  -2920.22  43913.56 -16308.24]\n",
      "[ -7756.07  -32085.6      -0.0   5322.34 -16308.24  49095.22] :  Diff impact\n",
      "9.13 :  Diff impact sum\n",
      "\n",
      "[ 4702 -1241  1215  -932 -3151  1175]\n",
      "[-1241  5022 -1324 -4053  3590 -1304]\n",
      "[ 1215 -1324  2547  -432 -1549 -1589]\n",
      "[ -932 -4053  -432  5107 -2054  1311]\n",
      "[-3151  3590 -1549 -2054  3960  -574]\n",
      "[ 1175 -1304 -1589  1311  -574  5029] :  B\n",
      "(-2, 2, 1, 0, -3, 1) :  The linear combination given by LLL\n",
      "(1.2130, 0.54550, 1.0000, 1.3727, 1.5732, -0.0042947) :  The linear combination suggested by cube\n",
      "(-1, -10, -17, 7, 1, -14) :  Shortest vector given by LLL\n",
      "(3.5609, 0.19757, -9.3838, -4.9426, 5.9392, -10.722) :  Shortest vector given by cube\n",
      "(-3.2130, 1.4545, 0.00000, -1.3727, -4.5732, 1.0043) :  The difference of lincombs\n",
      "[ 48541.67   5799.64      -0.0  -4110.72 -46300.89  -3791.54]\n",
      "[  5799.64  10624.37      -0.0   8092.38  -23879.9  -1904.81]\n",
      "[     -0.0      -0.0       0.0       0.0       0.0      -0.0]\n",
      "[ -4110.72   8092.38       0.0   9623.62 -12894.72  -1807.38]\n",
      "[-46300.89  -23879.9       0.0 -12894.72  82821.87   2636.32]\n",
      "[ -3791.54  -1904.81      -0.0  -1807.38   2636.32    5072.3] :  Diff impact\n",
      "2.72 :  Diff impact sum\n",
      "\n",
      "[ 4074 -2362 -1619  3015  -541  1160]\n",
      "[-2362  5153  2637   587 -3063   232]\n",
      "[-1619  2637  4968 -3611   867  1582]\n",
      "[ 3015   587 -3611  7937 -3983   338]\n",
      "[ -541 -3063   867 -3983  5576  2106]\n",
      "[ 1160   232  1582   338  2106  5688] :  B\n",
      "(-1, -1, 1, 1, 0, 0) :  The linear combination given by LLL\n",
      "(-2.4078, -3.2742, 1.7629, 1.0000, -1.8836, 0.77227) :  The linear combination suggested by cube\n",
      "(14, -10, 3, 18, 14, -11) :  Shortest vector given by LLL\n",
      "(1.1052, -7.1715, 6.2396, 2.0388, -4.2001, -6.3190) :  Shortest vector given by cube\n",
      "(1.4078, 2.2742, -0.76291, 0.00000, 1.8836, -0.77227) :  The difference of lincombs\n",
      "[  8073.99  -7561.96   1738.83       0.0  -1434.59  -1261.12]\n",
      "[ -7561.96  26650.27  -4575.17       0.0 -13120.98   -407.45]\n",
      "[  1738.83  -4575.17   2891.57       0.0  -1245.93    932.07]\n",
      "[      0.0       0.0       0.0       0.0      -0.0      -0.0]\n",
      "[ -1434.59 -13120.98  -1245.93      -0.0  19784.25  -3063.54]\n",
      "[ -1261.12   -407.45    932.07      -0.0  -3063.54   3392.29] :  Diff impact\n",
      "52.08 :  Diff impact sum\n",
      "\n",
      "[ 4711 -5421   743   528  -253   232]\n",
      "[-5421  6914  -182  -222   201  -755]\n",
      "[  743  -182  5051  4301  1571  -851]\n",
      "[  528  -222  4301  5880  2614 -1450]\n",
      "[ -253   201  1571  2614  1519   -44]\n",
      "[  232  -755  -851 -1450   -44  2163] :  B\n",
      "(5, 2, 4, -15, 22, -8) :  The linear combination given by LLL\n",
      "(5.1415, 2.0000, 4.2556, -16.179, 23.785, -8.5410) :  The linear combination suggested by cube\n",
      "(-9, 1, 4, 0, 0, 1) :  Shortest vector given by LLL\n",
      "(-0.49268, -1.6206, 0.60303, 1.0271, 0.048950, -0.58643) :  Shortest vector given by cube\n",
      "(-0.14149, 0.00000, -0.25558, 1.1788, -1.7847, 0.54097) :  The difference of lincombs\n",
      "[   94.32      0.0    26.87   -88.07   -63.89   -17.76]\n",
      "[     0.0      0.0      0.0     -0.0     -0.0     -0.0]\n",
      "[   26.87      0.0   329.93 -1295.82   716.58   117.66]\n",
      "[  -88.07     -0.0 -1295.82  8171.13 -5499.49  -924.68]\n",
      "[  -63.89     -0.0   716.58 -5499.49  4838.24    42.48]\n",
      "[  -17.76     -0.0   117.66  -924.68    42.48    633.0] :  Diff impact\n",
      "0.07 :  Diff impact sum\n",
      "\n",
      "[ 3230   503  -221  -685  2552  2261]\n",
      "[  503  6163   318 -1299  -608   -94]\n",
      "[ -221   318  4307  2642  -315   362]\n",
      "[ -685 -1299  2642  6919  -427   361]\n",
      "[ 2552  -608  -315  -427  3398   213]\n",
      "[ 2261   -94   362   361   213  3969] :  B\n",
      "(-4, 1, 0, 0, 3, 2) :  The linear combination given by LLL\n",
      "(-5.8066, 1.0000, -0.19058, -0.21276, 4.2988, 3.1375) :  The linear combination suggested by cube\n",
      "(-3, -30, 2, -18, 12, 2) :  Shortest vector given by LLL\n",
      "(-10.993, -19.302, -6.8112, 2.8975, 0.43384, -1.0166) :  Shortest vector given by cube\n",
      "(1.8066, 0.00000, 0.19058, 0.21276, -1.2988, -1.1375) :  The difference of lincombs\n",
      "[10542.38      0.0   -76.09   -263.3 -5988.12 -4646.63]\n",
      "[     0.0      0.0      0.0     -0.0      0.0      0.0]\n",
      "[  -76.09      0.0   156.43   107.13    77.97   -78.48]\n",
      "[  -263.3     -0.0   107.13   313.21   117.99   -87.37]\n",
      "[-5988.12      0.0    77.97   117.99   5732.0    314.7]\n",
      "[-4646.63      0.0   -78.48   -87.37    314.7  5135.93] :  Diff impact\n",
      "-6.8 :  Diff impact sum\n",
      "\n",
      "[  784  -274  -685  1420   473  -218]\n",
      "[ -274  2324  -110  -330    92   266]\n",
      "[ -685  -110  3595  1215 -1138   925]\n",
      "[ 1420  -330  1215  5464   265  -277]\n",
      "[  473    92 -1138   265  2215 -1089]\n",
      "[ -218   266   925  -277 -1089  1067] :  B\n",
      "(6, 1, 2, -2, -1, -2) :  The linear combination given by LLL\n",
      "(4.0761, 0.61594, 1.4576, -1.3975, -1.0000, -1.9678) :  The linear combination suggested by cube\n",
      "(-16, 15, 9, -2, 0, 1) :  Shortest vector given by LLL\n",
      "(-5.7040, 3.9499, -3.7695, -2.0835, -5.6276, -4.2587) :  Shortest vector given by cube\n",
      "(1.9239, 0.38406, 0.54242, -0.60252, 0.00000, -0.032225) :  The difference of lincombs\n",
      "[  2901.9  -202.46  -714.84 -1646.05      0.0    13.52]\n",
      "[ -202.46    342.8   -22.92    76.36      0.0    -3.29]\n",
      "[ -714.84   -22.92  1057.71  -397.08     -0.0   -16.17]\n",
      "[-1646.05    76.36  -397.08   1983.6     -0.0    -5.38]\n",
      "[     0.0      0.0     -0.0     -0.0      0.0      0.0]\n",
      "[   13.52    -3.29   -16.17    -5.38      0.0     1.11] :  Diff impact\n",
      "-8.86 :  Diff impact sum\n",
      "\n",
      "[ 5109  1377   -15 -5751 -2247  5631]\n",
      "[ 1377  1200   963 -1568 -1457  1356]\n",
      "[  -15   963  5302 -1774   504   599]\n",
      "[-5751 -1568 -1774  7603  2651 -6369]\n",
