[{"B": [[-32, -1, 25, -17, 29, 50], [-39, -48, -44, -40, 28, -27], [18, -29, -10, -44, -46, 6], [43, 45, 3, -39, 44, -14], [-41, 17, 31, -16, 13, -26], [-36, 16, -41, 23, -16, 4]], "G": [[5280, 338, -1083, -107, 1419, -544], [338, 8874, 1440, -799, 1125, 964], [-1083, 1440, 5353, -953, -1591, -954], [-107, -799, -953, 7536, 655, -2608], [1419, 1125, -1591, 655, 4032, -203], [-544, 964, -954, -2608, -203, 4034]], "lincomb_LLL": [0.0, 0.0, 0.0, 0.0, 1.0, 0.0], "lincomb_cube": [0.0, 0.0, 0.0, 0.0, 0.0, 0.0], "sv_LLL": [-41.0, 17.0, 31.0, -16.0, 13.0, -26.0], "sv_cube": [0.0, 0.0, 0.0, 0.0, 0.0, 0.0], "lincomb_diff": [0.0, 0.0, 0.0, 0.0, 1.0, 0.0], "Diff impact": [0.0, 0.0, -0.0, -0.0, 0.0, -0.0, 0.0, 0.0, 0.0, -0.0, 0.0, 0.0, -0.0, 0.0, 0.0, -0.0, -0.0, -0.0, -0.0, -0.0, -0.0, 0.0, 0.0, -0.0, 0.0, 0.0, -0.0, 0.0, 4032.0, -0.0, -0.0, 0.0, -0.0, -0.0, -0.0, 0.0]}, {"B": [[37, -41, -6, -37, 6, -18], [-5, -15, 36, -13, 49, 40], [5, 10, 24, 42, -39, -37], [-30, -35, 26, 1, 37, -19], [-39, -48, -47, -23, 42, 39], [-3, 10, 48, -21, -14, 39]], "G": [[4815, 269, -1491, 696, 1208, -818], [269, 5716, -3248, 2651, 3140, 2740], [-1491, -3248, 5355, -574, -5850, -542], [696, 2651, -574, 4532, 2418, -292], [1208, 3140, -5850, 2418, 9848, -1203], [-818, 2740, -542, -292, -1203, 4571]], "lincomb_LLL": [0.0, 0.0, 1.0, 0.0, 1.0, 0.0], "lincomb_cube": [0.0, 0.0, 0.0, 0.0, 0.0, 0.0], "sv_LLL": [-34.0, -38.0, -23.0, 19.0, 3.0, 2.0], "sv_cube": [0.0, 0.0, 0.0, 0.0, 0.0, 0.0], "lincomb_diff": [0.0, 0.0, 1.0, 0.0, 1.0, 0.0], "Diff impact": [0.0, 0.0, -0.0, 0.0, 0.0, -0.0, 0.0, 0.0, -0.0, 0.0, 0.0, 0.0, -0.0, -0.0, 5355.0, -0.0, -5850.0, -0.0, 0.0, 0.0, -0.0, 0.0, 0.0, -0.0, 0.0, 0.0, -5850.0, 0.0, 9848.0, -0.0, -0.0, 0.0, -0.0, -0.0, -0.0, 0.0]}, {"B": [[-23, 8, -49, -35, 34, 15], [-15, -9, 15, 25, 11, 48], [-6, -34, 21, -31, 15, -38], [27, -5, -41, 25, -5, 12], [-36, -1, -30, -2, 30, 47], [-42, -47, -38, 11, 23, 1]], "G": [[5600, -243, -138, 483, 4085, 2864], [-243, 3581, -1723, 171, 2635, 1059], [-138, -1723, 4263, -2159, -1654, 1018], [483, 171, -2159, 3229, 627, 831], [4085, 2635, -1654, 627, 5310, 3414], [2864, 1059, 1018, 831, 3414, 6068]], "lincomb_LLL": [-1.0, -1.0, 0.0, 0.0, 1.0, 0.0], "lincomb_cube": [-1.0, -0.9179258346557617, 0.39644956588745117, 0.25093841552734375, 1.5308151245117188, -0.32996606826782227], "sv_LLL": [2.0, 0.0, 4.0, 8.0, -15.0, -16.0], "sv_cube": [-0.08526611328125, -0.4950408935546875, -0.1176605224609375, -0.6558799743652344, -1.0698699951171875, 0.5041408538818359], "lincomb_diff": [0.0, -0.08207416534423828, -0.39644956588745117, -0.25093841552734375, -0.5308151245117188, 0.32996606826782227], "Diff impact": [0.0, 0.0, 0.0, -0.0, -0.0, 0.0, 0.0, 24.12, -56.06, 3.52, 114.8, -28.68, 0.0, -56.06, 670.03, -214.79, -348.07, -133.17, -0.0, 3.52, -214.79, 203.33, 83.52, -68.81, -0.0, 114.8, -348.07, 83.52, 1496.17, -597.97, 0.0, -28.68, -133.17, -68.81, -597.97, 660.67]}, {"B": [[-43, 44, 48, -19, 20, 7], [-46, -11, 9, -17, -13, 15], [46, 29, -43, -8, 6, -26], [-10, -33, 48, 26, -33, 17], [25, -48, 5, -5, 45, -34], [20, 1, -40, -5, 4, -31]], "G": [[6899, 2094, -2676, 247, -2190, -2778], [2094, 3001, -3154, 1497, -1587, -1723], [-2676, -3154, 5582, -4329, 737, 3539], [247, 1497, -4329, 5547, -619, -2942], [-2190, -1587, 737, -619, 6160, 1511], [-2778, -1723, 3539, -2942, 1511, 3003]], "lincomb_LLL": [0.0, 0.0, -1.0, 0.0, 0.0, 1.0], "lincomb_cube": [0.0, 0.0, 0.0, 0.0, 0.0, 0.0], "sv_LLL": [-26.0, -28.0, 3.0, 3.0, -2.0, -5.0], "sv_cube": [0.0, 0.0, 0.0, 0.0, 0.0, 0.0], "lincomb_diff": [0.0, 0.0, -1.0, 0.0, 0.0, 1.0], "Diff impact": [0.0, 0.0, 0.0, 0.0, -0.0, -0.0, 0.0, 0.0, 0.0, 0.0, -0.0, -0.0, 0.0, 0.0, 5582.0, 0.0, -0.0, -3539.0, 0.0, 0.0, 0.0, 0.0, -0.0, -0.0, -0.0, -0.0, -0.0, -0.0, 0.0, 0.0, -0.0, -0.0, -3539.0, -0.0, 0.0, 3003.0]}, {"B": [[2, -44, 3, -4, -21, -2], [15, -48, -11, 29, 5, 2], [-24, -22, 14, -44, -43, -38], [-25, -12, 30, -5, -49, 47], [-10, -1, 8, 9, 5, -33], [26, -12, 33, 42, 0, -8]], "G": [[2410, 1884, 2117, 1523, -27, 527], [1884, 3520, -1025, -425, 30, 1805], [2117, -1025, 6485, 1825, 1017, -1442], [1523, -425, 1825, 6304, -1339, -102], [-27, 30, 1017, -1339, 1360, 658], [527, 1805, -1442, -102, 658, 3737]], "lincomb_LLL": [2.0, -1.0, -1.0, 0.0, 1.0, 0.0], "lincomb_cube": [2.0, -1.2881927490234375, -0.976841926574707, -0.12974953651428223, 0.7546453475952148, -0.17318940162658691], "sv_LLL": [3.0, -19.0, 11.0, 16.0, 1.0, -1.0], "sv_cube": [-0.684295654296875, -1.7956161499023438, 2.9237594604492188, -2.209991455078125, 3.6941871643066406, 0.9275989532470703], "lincomb_diff": [0.0, 0.2881927490234375, -0.02315807342529297, 0.12974953651428223, 0.24535465240478516, 0.17318940162658691], "Diff impact": [0.0, 0.0, -0.0, 0.0, -0.0, 0.0, 0.0, 292.35, 6.84, -15.89, 2.12, 90.09, -0.0, 6.84, 3.48, -5.48, -5.78, 5.78, 0.0, -15.89, -5.48, 106.13, -42.63, -2.29, -0.0, 2.12, -5.78, -42.63, 81.87, 27.96, 0.0, 90.09, 5.78, -2.29, 27.96, 112.09]}, {"B": [[15, 36, 21, -13, -44, 27], [2, -40, 34, -21, 44, -2], [16, -19, -5, -4, -28, -45], [-48, 4, 15, -33, -10, -3], [-48, -27, 0, 35, 44, -6], [-15, -24, 4, 4, 22, 26]], "G": [[4796, -2413, -480, 527, -4245, -1323], [-2413, 5141, -436, 513, 2197, 1898], [-480, -436, 3467, -372, -1357, -1606], [527, 513, -372, 3743, 619, 254], [-4245, 2197, -1357, 619, 6230, 2320], [-1323, 1898, -1606, 254, 2320, 1993]], "lincomb_LLL": [0.0, 0.0, 0.0, 0.0, 0.0, -1.0], "lincomb_cube": [0.0, 0.0, 0.0, 0.0, 0.0, 0.0], "sv_LLL": [15.0, 24.0, -4.0, -4.0, -22.0, -26.0], "sv_cube": [0.0, 0.0, 0.0, 0.0, 0.0, 0.0], "lincomb_diff": [0.0, 0.0, 0.0, 0.0, 0.0, -1.0], "Diff impact": [0.0, -0.0, -0.0, 0.0, -0.0, 0.0, -0.0, 0.0, -0.0, 0.0, 0.0, -0.0, -0.0, -0.0, 0.0, -0.0, -0.0, 0.0, 0.0, 0.0, -0.0, 0.0, 0.0, -0.0, -0.0, 0.0, -0.0, 0.0, 0.0, -0.0, 0.0, -0.0, 0.0, -0.0, -0.0, 1993.0]}, {"B": [[-42, -34, 18, -13, 34, 42], [46, -45, 34, 45, -1, 41], [44, 45, -11, 1, 10, 17], [-26, 40, -40, 27, -2, -32], [28, -2, -28, -5, -15, 36], [8, -34, -25, -39, 14, 22]], "G": [[6333, 1313, -2535, -2751, -545, 2277], [1313, 9004, 357, -4451, 1692, 181], [-2535, 357, 4472, 559, 1907, -428], [-2751, -4451, 559, 5633, -945, -2353], [-545, 1692, 1907, -945, 3118, 1769], [2277, 181, -428, -2353, 1769, 4046]], "lincomb_LLL": [0.0, 0.0, 0.0, 0.0, 1.0, 0.0], "lincomb_cube": [0.0, 0.0, 0.0, 0.0, 0.0, 0.0], "sv_LLL": [28.0, -2.0, -28.0, -5.0, -15.0, 36.0], "sv_cube": [0.0, 0.0, 0.0, 0.0, 0.0, 0.0], "lincomb_diff": [0.0, 0.0, 0.0, 0.0, 1.0, 0.0], "Diff impact": [0.0, 0.0, -0.0, -0.0, -0.0, 0.0, 0.0, 0.0, 0.0, -0.0, 0.0, 0.0, -0.0, 0.0, 0.0, 0.0, 0.0, -0.0, -0.0, -0.0, 0.0, 0.0, -0.0, -0.0, -0.0, 0.0, 0.0, -0.0, 3118.0, 0.0, 0.0, 0.0, -0.0, -0.0, 0.0, 0.0]}, {"B": [[-48, 4, 49, 32, 34, 5], [44, -24, -1, 19, -50, 0], [44, -37, 33, -17, 23, -41], [-18, 11, 26, -27, -10, 17], [50, -17, 13, -28, -49, 28], [12, 42, 22, 12, 50, -34]], "G": [[6926, -3349, -610, 1063, -4253, 2584], [-3349, 5374, 1318, -1095, 4513, -2774], [-610, 1318, 6893, -809, 1459, 2040], [1063, -1095, -809, 2239, 973, -584], [-4253, 4513, 1459, 973, 6927, -3566], [2584, -2774, 2040, -584, -3566, 6192]], "lincomb_LLL": [0.0, -1.0, 0.0, -1.0, 1.0, 0.0], "lincomb_cube": [0.0, 0.0, 0.0, 0.0, 0.0, 0.0], "sv_LLL": [24.0, -4.0, -12.0, -20.0, 11.0, 11.0], "sv_cube": [0.0, 0.0, 0.0, 0.0, 0.0, 0.0], "lincomb_diff": [0.0, -1.0, 0.0, -1.0, 1.0, 0.0], "Diff impact": [0.0, 0.0, -0.0, -0.0, -0.0, 0.0, 0.0, 5374.0, -0.0, -1095.0, -4513.0, 0.0, -0.0, -0.0, 0.0, 0.0, 0.0, 0.0, -0.0, -1095.0, 0.0, 2239.0, -973.0, 0.0, -0.0, -4513.0, 0.0, -973.0, 6927.0, -0.0, 0.0, 0.0, 0.0, 0.0, -0.0, 0.0]}, {"B": [[-37, -35, 42, 49, -23, 39], [3, 9, -9, -20, 8, -44], [4, -32, -16, 39, 2, 39], [-41, -42, 49, -24, -26, 21], [3, -13, 31, -31, -14, 16], [49, 0, 19, -4, -39, 4]], "G": [[8809, -3684, 3686, 5286, 1073, -158], [-3684, 2571, -2612, -1594, -583, -432], [3686, -2612, 4342, 227, -681, -186], [5286, -1594, 227, 7539, 3386, 116], [1073, -583, -681, 3386, 2552, 1470], [-158, -432, -186, 116, 1470, 4315]], "lincomb_LLL": [1.0, 1.0, 0.0, -1.0, 1.0, 0.0], "lincomb_cube": [1.0, 1.2170562744140625, 0.2261497974395752, -1.286834716796875, 1.8767681121826172, -0.4365568161010742], "sv_LLL": [10.0, 3.0, 15.0, 22.0, -3.0, -10.0], "sv_cube": [4.5550537109375, -1.63421630859375, 14.258392333984375, 7.9292144775390625, 11.397430419921875, -4.4720916748046875], "lincomb_diff": [0.0, -0.2170562744140625, -0.2261497974395752, 0.286834716796875, -0.8767681121826172, 0.4365568161010742], "Diff impact": [0.0, 0.0, -0.0, 0.0, -0.0, -0.0, 0.0, 121.13, -128.22, 99.24, -110.95, 40.94, -0.0, -128.22, 222.07, -14.72, -135.03, 18.36, 0.0, 99.24, -14.72, 620.26, -851.54, 14.53, -0.0, -110.95, -135.03, -851.54, 1961.78, -562.66, -0.0, 40.94, 18.36, 14.53, -562.66, 822.36]}, {"B": [[-38, -31, 15, -35, 22, 15], [-17, 21, -10, -11, -22, 45], [-30, 20, -36, -45, 32, 48], [42, -45, 40, -15, -48, -20], [28, 45, -2, 8, -33, 48], [-14, -24, 19, 49, -13, 25]], "G": [[4564, 421, 2979, -432, -2775, -65], [421, 3460, 3241, -1738, 3287, 416], [2979, 3241, 7949, -5421, 1020, -2165], [-432, -1738, -5421, 8318, -425, 641], [-2775, 3287, 1020, -425, 6270, 511], [-65, 416, -2165, 641, 511, 4328]], "lincomb_LLL": [1.0, -1.0, 0.0, 0.0, 1.0, 0.0], "lincomb_cube": [1.0, -0.2648019790649414, -0.7411355972290039, -0.42354393005371094, 0.7018203735351562, -0.3504018783569336], "sv_LLL": [7.0, -7.0, 23.0, -16.0, 11.0, 18.0], "sv_cube": [-4.4965362548828125, 7.667449951171875, 19.3258056640625, -3.93804931640625, 5.8345794677734375, 0.907623291015625], "lincomb_diff": [0.0, -0.7351980209350586, 0.7411355972290039, 0.42354393005371094, 0.29817962646484375, 0.3504018783569336], "Diff impact": [0.0, -0.0, 0.0, -0.0, -0.0, -0.0, -0.0, 1870.19, -1765.96, 541.19, -720.58, -107.17, 0.0, -1765.96, 4366.24, -1701.67, 225.41, -562.24, -0.0, 541.19, -1701.67, 1492.16, -53.67, 95.13, -0.0, -720.58, 225.41, -53.67, 557.47, 53.39, -0.0, -107.17, -562.24, 95.13, 53.39, 531.4]}, {"B": [[-44, -45, -26, -33, 29, 6], [4, 44, 18, -16, 34, 28], [33, -2, -7, -44, -28, 10], [32, -2, -21, -25, -16, 26], [-33, -29, -5, 35, 4, 49], [-12, -24, -40, 35, 6, 3]], "G": [[6603, -942, -480, -255, 2142, 1685], [-942, 4472, -50, 246, -550, -2096], [-480, -50, 3962, 3015, -2158, -1746], [-255, 246, 3015, 3026, -558, -389], [2142, -550, -2158, -558, 5597, 2688], [1685, -2096, -1746, -389, 2688, 3590]], "lincomb_LLL": [0.0, 0.0, -1.0, 1.0, 0.0, 0.0], "lincomb_cube": [0.0, 0.0, 0.0, 0.0, 0.0, 0.0], "sv_LLL": [-1.0, 0.0, -14.0, 19.0, 12.0, 16.0], "sv_cube": [0.0, 0.0, 0.0, 0.0, 0.0, 0.0], "lincomb_diff": [0.0, 0.0, -1.0, 1.0, 0.0, 0.0], "Diff impact": [0.0, -0.0, 0.0, -0.0, 0.0, 0.0, -0.0, 0.0, 0.0, 0.0, -0.0, -0.0, 0.0, 0.0, 3962.0, -3015.0, 0.0, 0.0, -0.0, 0.0, -3015.0, 3026.0, -0.0, -0.0, 0.0, -0.0, 0.0, -0.0, 0.0, 0.0, 0.0, -0.0, 0.0, -0.0, 0.0, 0.0]}, {"B": [[-30, -18, 43, -27, -43, 48], [-38, 34, -28, 9, -42, 5], [-41, 44, -13, -44, 16, -32], [-49, 38, -1, 39, -1, 36], [2, -15, -27, -35, -37, 31], [40, 25, 4, -27, -35, -28]], "G": [[7955, 1127, -1157, 1461, 3073, -588], [1127, 5254, 2190, 3755, 1564, 305], [-1157, 2190, 7002, 810, -435, 932], [1461, 3755, 810, 6664, -853, -3040], [3073, 1564, -435, -853, 4513, 969], [-588, 305, 932, -3040, 969, 4979]], "lincomb_LLL": [0.0, -1.0, 0.0, 1.0, 0.0, 1.0], "lincomb_cube": [0.0, 0.0, 0.0, 0.0, 0.0, 0.0], "sv_LLL": [29.0, 29.0, 31.0, 3.0, 6.0, 3.0], "sv_cube": [0.0, 0.0, 0.0, 0.0, 0.0, 0.0], "lincomb_diff": [0.0, -1.0, 0.0, 1.0, 0.0, 1.0], "Diff impact": [0.0, -0.0, -0.0, 0.0, 0.0, -0.0, -0.0, 5254.0, -0.0, -3755.0, -0.0, -305.0, -0.0, -0.0, 0.0, 0.0, -0.0, 0.0, 0.0, -3755.0, 0.0, 6664.0, -0.0, -3040.0, 0.0, -0.0, -0.0, -0.0, 0.0, 0.0, -0.0, -305.0, 0.0, -3040.0, 0.0, 4979.0]}, {"B": [[15, 1, 16, 5, -7, -19], [-23, 35, -44, 14, 19, 7], [31, 17, 16, 6, -17, -11], [18, 30, -10, -9, -44, 34], [12, 34, -5, -22, -45, -17], [50, 23, -25, 29, -23, -46]], "G": [[917, -1210, 1096, -243, 662, 1553], [-1210, 4296, -1138, 352, -148, 402], [1096, -1138, 1952, 1228, 1690, 2612], [-243, 352, 1228, 4497, 2886, 1027], [662, -148, 1690, 2886, 4123, 2686], [1553, 402, 2612, 1027, 2686, 7140]], "lincomb_LLL": [-1.0, 0.0, 1.0, 0.0, 0.0, 0.0], "lincomb_cube": [-1.0, -0.1208113431930542, 0.5235919952392578, -0.2617917060852051, 0.10461831092834473, 0.031064152717590332], "sv_LLL": [16.0, 16.0, 0.0, 1.0, -10.0, 8.0], "sv_cube": [2.1063880920410156, 0.09041404724121094, -0.9886026382446289, -2.5944252014160156, 1.9000568389892578, 0.2864189147949219], "lincomb_diff": [0.0, 0.1208113431930542, 0.4764080047607422, 0.2617917060852051, -0.10461831092834473, -0.031064152717590332], "Diff impact": [0.0, -0.0, 0.0, -0.0, -0.0, -0.0, -0.0, 62.7, -65.5, 11.13, 1.87, -1.51, 0.0, -65.5, 443.03, 153.16, -84.23, -38.66, -0.0, 11.13, 153.16, 308.2, -79.04, -8.35, -0.0, 1.87, -84.23, -79.04, 45.13, 8.73, -0.0, -1.51, -38.66, -8.35, 8.73, 6.89]}, {"B": [[-6, -15, -25, -46, -5, -1], [21, 48, -9, 21, -18, -23], [-44, -10, -6, -22, 15, 43], [8, -42, 3, -16, -18, -8], [-10, 30, 45, -43, 46, -37], [-12, 39, 32, 50, 35, 19]], "G": [[3028, -1474, 1458, 1341, 270, -3807], [-1474, 4120, -3071, -1703, -55, 1315], [1458, -3071, 4630, -212, -85, 188], [1341, -1703, -212, 2481, -1049, -3220], [270, -55, -85, -1049, 8359, 1487], [-3807, 1315, 188, -3220, 1487, 6775]], "lincomb_LLL": [2.0, 1.0, 0.0, 2.0, 0.0, 2.0], "lincomb_cube": [2.0, 0.7617502212524414, -0.12197017669677734, 1.7726593017578125, -0.16907000541687012, 1.8589820861816406], "sv_LLL": [1.0, 12.0, 11.0, -3.0, 6.0, -3.0], "sv_cube": [2.9276123046875, 0.7601318359375, 1.07330322265625, -1.46337890625, -0.1617431640625, 2.6300048828125], "lincomb_diff": [0.0, 0.2382497787475586, 0.12197017669677734, 0.2273406982421875, 0.16907000541687012, 0.14101791381835938], "Diff impact": [0.0, -0.0, 0.0, 0.0, 0.0, -0.0, -0.0, 233.86, -89.24, -92.24, -2.22, 44.18, 0.0, -89.24, 68.88, -5.88, -1.75, 3.23, 0.0, -92.24, -5.88, 128.23, -40.32, -103.23, 0.0, -2.22, -1.75, -40.32, 238.94, 35.45, -0.0, 44.18, 3.23, -103.23, 35.45, 134.73]}, {"B": [[20, -5, -34, -1, 38, -21], [-44, 33, 9, -28, 1, 43], [19, 3, 3, 41, 19, 13], [18, -7, 23, 23, 18, -7], [-4, -22, -23, -20, 31, 20], [34, 25, 48, 49, -22, 5]], "G": [[3467, -2188, 671, 421, 1590, -2067], [-2188, 5740, -1280, -1743, 694, -1418], [671, -1280, 2590, 1584, -182, 2521], [421, -1743, 1584, 1804, -489, 2237], [1590, 694, -182, -489, 2790, -3352], [-2067, -1418, 2521, 2237, -3352, 6995]], "lincomb_LLL": [0.0, 0.0, -1.0, 0.0, 1.0, 1.0], "lincomb_cube": [0.0, 0.0, 0.0, 0.0, 0.0, 0.0], "sv_LLL": [11.0, 0.0, 22.0, -12.0, -10.0, 12.0], "sv_cube": [0.0, 0.0, 0.0, 0.0, 0.0, 0.0], "lincomb_diff": [0.0, 0.0, -1.0, 0.0, 1.0, 1.0], "Diff impact": [0.0, -0.0, -0.0, 0.0, 0.0, -0.0, -0.0, 0.0, 0.0, -0.0, 0.0, -0.0, -0.0, 0.0, 2590.0, -0.0, 182.0, -2521.0, 0.0, -0.0, -0.0, 0.0, -0.0, 0.0, 0.0, 0.0, 182.0, -0.0, 2790.0, -3352.0, -0.0, -0.0, -2521.0, 0.0, -3352.0, 6995.0]}, {"B": [[-29, -2, 27, 10, 34, -15], [25, -22, -34, 25, -5, -18], [14, -21, -6, -29, 44, -31], [-34, -39, 34, -39, 11, -28], [3, -50, -25, -42, -39, 2], [27, -44, 33, 8, 41, 9]], "G": [[3055, -1249, 1145, 2386, -2438, 1535], [-1249, 3239, 629, -1674, 1134, 354], [1145, 629, 4411, 2622, 682, 2397], [2386, -1674, 2622, 6259, 2151, 1807], [-2438, 1134, 682, 2151, 6423, -461], [1535, 354, 2397, 1807, -461, 5580]], "lincomb_LLL": [2.0, 0.0, 0.0, -1.0, 1.0, 0.0], "lincomb_cube": [2.0, -0.4108877182006836, 0.18914484977722168, -1.370330810546875, 1.266427993774414, -0.056974172592163086], "sv_LLL": [-21.0, -15.0, -5.0, 17.0, 18.0, 0.0], "sv_cube": [-16.77191162109375, -6.304168701171875, -13.296768188476562, 4.0396881103515625, 11.57659912109375, 11.921844482421875], "lincomb_diff": [0.0, 0.4108877182006836, -0.18914484977722168, 0.370330810546875, -0.26642799377441406, 0.056974172592163086], "Diff impact": [0.0, -0.0, -0.0, 0.0, 0.0, 0.0, -0.0, 546.84, -48.88, -254.72, -124.14, 8.29, -0.0, -48.88, 157.81, -183.66, 34.37, -25.83, 0.0, -254.72, -183.66, 858.39, -212.23, 38.13, 0.0, -124.14, 34.37, -212.23, 455.93, 7.0, 0.0, 8.29, -25.83, 38.13, 7.0, 18.11]}, {"B": [[0, -26, 5, 13, -50, 30], [14, -25, -36, -7, 0, -5], [4, -43, -20, -1, 22, -37], [-22, 1, -24, -42, -32, 50], [-40, -19, -9, 6, -10, -16], [37, 32, 45, -4, 20, -44]], "G": [[4270, 229, -1205, 2408, 547, -2979], [229, 2191, 2043, 575, 277, -1654], [-1205, 2043, 4119, -2163, 1203, -56], [2408, 575, -2163, 6349, 345, -4534], [547, 277, 1203, 345, 2434, -2013], [-2979, -1654, -56, -4534, -2013, 6770]], "lincomb_LLL": [0.0, 2.0, -1.0, 0.0, 1.0, 1.0], "lincomb_cube": [0.0, 0.0, 0.0, 0.0, 0.0, 0.0], "sv_LLL": [21.0, 6.0, -16.0, -11.0, -12.0, -33.0], "sv_cube": [0.0, 0.0, 0.0, 0.0, 0.0, 0.0], "lincomb_diff": [0.0, 2.0, -1.0, 0.0, 1.0, 1.0], "Diff impact": [0.0, 0.0, 0.0, 0.0, 0.0, -0.0, 0.0, 8764.0, -4086.0, 0.0, 554.0, -3308.0, 0.0, -4086.0, 4119.0, 0.0, -1203.0, 56.0, 0.0, 0.0, 0.0, 0.0, 0.0, -0.0, 0.0, 554.0, -1203.0, 0.0, 2434.0, -2013.0, -0.0, -3308.0, 56.0, -0.0, -2013.0, 6770.0]}, {"B": [[-7, -19, -23, -18, 16, -1], [45, -10, -11, 50, 10, 25], [35, 29, 8, -26, 41, -15], [-8, 35, -33, -9, -12, -44], [10, -32, 20, -46, 26, 37], [-23, -31, 43, -20, -8, 15]], "G": [[1520, -637, 159, 164, 1285, -22], [-637, 5471, -68, -2017, -565, -1903], [159, -68, 4712, 873, 1289, -1393], [164, -2017, 873, 4539, -3386, -2704], [1285, -565, 1289, -3386, 5685, 2889], [-22, -1903, -1393, -2704, 2889, 4028]], "lincomb_LLL": [0.0, 1.0, 0.0, 1.0, 0.0, 1.0], "lincomb_cube": [0.0, 0.0, 0.0, 0.0, 0.0, 0.0], "sv_LLL": [14.0, -6.0, -1.0, 21.0, -10.0, -4.0], "sv_cube": [0.0, 0.0, 0.0, 0.0, 0.0, 0.0], "lincomb_diff": [0.0, 1.0, 0.0, 1.0, 0.0, 1.0], "Diff impact": [0.0, -0.0, 0.0, 0.0, 0.0, -0.0, -0.0, 5471.0, -0.0, -2017.0, -0.0, -1903.0, 0.0, -0.0, 0.0, 0.0, 0.0, -0.0, 0.0, -2017.0, 0.0, 4539.0, -0.0, -2704.0, 0.0, -0.0, 0.0, -0.0, 0.0, 0.0, -0.0, -1903.0, -0.0, -2704.0, 0.0, 4028.0]}, {"B": [[-7, -47, -38, -10, -31, -18], [-49, -35, 34, -32, 8, -10], [-6, 26, -35, -42, -40, -16], [-25, 23, -6, 50, 48, -12], [-4, -41, 39, -34, 35, 39], [-7, 40, -31, 0, -17, -18]], "G": [[5087, 948, 2098, -2450, -974, 198], [948, 5970, -622, -880, 3935, -2067], [2098, -622, 5557, -2870, -3003, 3135], [-2450, -880, -2870, 6138, -1565, 681], [-974, 3935, -3003, -1565, 7120, -4118], [198, -2067, 3135, 681, -4118, 3223]], "lincomb_LLL": [1.0, 1.0, -6.0, -3.0, 2.0, 10.0], "lincomb_cube": [1.0, 0.5424566268920898, -5.088081359863281, -2.3239898681640625, 1.8861122131347656, 8.13653564453125], "sv_LLL": [-23.0, 11.0, -8.0, -8.0, -27.0, 2.0], "sv_cube": [-9.45233154296875, -3.5966796875, -6.2041015625, 6.0135498046875, -6.995849609375, 12.973388671875], "lincomb_diff": [0.0, 0.45754337310791016, -0.9119186401367188, -0.6760101318359375, 0.11388778686523438, 1.86346435546875], "Diff impact": [0.0, 0.0, -0.0, 0.0, -0.0, 0.0, 0.0, 1249.8, 259.52, 272.19, 205.05, -1762.36, -0.0, 259.52, 4621.18, -1769.26, 311.88, -5327.39, 0.0, 272.19, -1769.26, 2805.0, 120.49, -857.87, -0.0, 205.05, 311.88, 120.49, 92.35, -873.95, 0.0, -1762.36, -5327.39, -857.87, -873.95, 11191.87]}, {"B": [[-16, -47, 34, 4, -46, 15], [-24, 38, 19, -15, -24, -27], [30, -24, 43, 19, -22, -24], [-24, -10, -9, 27, 28, 8], [-15, 14, -26, 15, 18, -9], [44, -10, -12, 46, -5, 32]], "G": [[5978, -117, 2838, -512, -2205, 252], [-117, 3911, 76, -1268, -16, -3098], [2838, 76, 4746, -1162, -1799, 1260], [-512, -1268, -1162, 2334, 1291, 510], [-2205, -16, -1799, 1291, 1727, -176], [252, -3098, 1260, 510, -176, 5345]], "lincomb_LLL": [0.0, 0.0, 0.0, -1.0, 1.0, 0.0], "lincomb_cube": [0.0, 0.0, 0.0, 0.0, 0.0, 0.0], "sv_LLL": [9.0, 24.0, -17.0, -12.0, -10.0, -17.0], "sv_cube": [0.0, 0.0, 0.0, 0.0, 0.0, 0.0], "lincomb_diff": [0.0, 0.0, 0.0, -1.0, 1.0, 0.0], "Diff impact": [0.0, -0.0, 0.0, 0.0, -0.0, 0.0, -0.0, 0.0, 0.0, 0.0, -0.0, -0.0, 0.0, 0.0, 0.0, 0.0, -0.0, 0.0, 0.0, 0.0, 0.0, 2334.0, -1291.0, -0.0, -0.0, -0.0, -0.0, -1291.0, 1727.0, -0.0, 0.0, -0.0, 0.0, -0.0, -0.0, 0.0]}, {"B": [[-33, 28, 26, -40, 46, 28], [-45, 10, 7, 25, -49, -11], [-37, -32, -6, -40, -37, 42], [-4, -17, -34, -10, 32, -31], [50, 31, -26, -6, -29, 44], [24, -38, -43, -49, -33, 29]], "G": [[7049, -1615, 1243, -224, -1320, -1720], [-1615, 5321, 1654, -1705, -1335, -1688], [1243, 1654, 7162, -1190, 475, 4985], [-224, -1705, -1190, 3546, -2075, 547], [-1320, -1335, 475, -2075, 6950, 3667], [-1720, -1688, 4985, 547, 3667, 8200]], "lincomb_LLL": [1.0, 1.0, -2.0, -1.0, -1.0, 2.0], "lincomb_cube": [1.0, 1.0504989624023438, -1.8043079376220703, -0.7374629974365234, -0.6997213363647461, 1.8849983215332031], "sv_LLL": [-2.0, 12.0, 19.0, -17.0, 2.0, -22.0], "sv_cube": [-0.309326171875, 15.45849609375, 6.3909912109375, -22.3570556640625, -4.22686767578125, -12.59771728515625], "lincomb_diff": [0.0, -0.05049896240234375, -0.1956920623779297, -0.26253700256347656, -0.3002786636352539, 0.11500167846679688], "Diff impact": [0.0, 0.0, -0.0, 0.0, 0.0, -0.0, 0.0, 13.57, 16.35, -22.6, -20.24, 9.8, -0.0, 16.35, 274.27, -61.14, 27.91, -112.19, 0.0, -22.6, -61.14, 244.41, -163.58, -16.52, 0.0, -20.24, 27.91, -163.58, 626.66, -126.63, -0.0, 9.8, -112.19, -16.52, -126.63, 108.45]}, {"B": [[37, 27, 45, 34, -1, 24], [6, -49, 29, 6, -37, -44], [-3, -50, -24, 17, 38, 31], [15, -20, -9, 44, -2, -24], [41, -24, -6, 47, 50, 23], [40, 26, -33, 23, 32, -32]], "G": [[5856, -611, -1257, 532, 2699, 679], [-611, 6619, -932, 2203, -1332, -1629], [-1257, -932, 5779, 1099, 4633, -13], [532, 2203, 1099, 3222, 2565, 2093], [2699, -1332, 4633, 2565, 7531, 3159], [679, -1629, -13, 2093, 3159, 5942]], "lincomb_LLL": [3.0, 1.0, 5.0, -1.0, -5.0, 3.0], "lincomb_cube": [3.0, 0.853057861328125, 4.657524108886719, -0.6503772735595703, -4.662445068359375, 2.6090660095214844], "sv_LLL": [2.0, 0.0, -16.0, -17.0, -2.0, -4.0], "sv_cube": [5.5927734375, -0.93408203125, -4.312744140625, -1.44677734375, -5.9085693359375, 3.7314453125], "lincomb_diff": [0.0, 0.146942138671875, 0.34247589111328125, -0.3496227264404297, -0.337554931640625, 0.3909339904785156], "Diff impact": [0.0, -0.0, -0.0, -0.0, -0.0, 0.0, -0.0, 142.92, -46.9, -113.18, 66.07, -93.58, -0.0, -46.9, 677.82, -131.59, -535.6, -1.74, -0.0, -113.18, -131.59, 393.84, 302.71, -286.07, -0.0, 66.07, -535.6, 302.71, 858.11, -416.87, 0.0, -93.58, -1.74, -286.07, -416.87, 908.11]}, {"B": [[38, -6, -11, 23, 5, -31], [49, 37, 48, -38, 21, -28], [39, 15, -22, 9, -26, 44], [26, 17, -41, -35, 12, 43], [-24, -48, 17, 9, -1, 39], [41, -14, -17, -36, -34, 11]], "G": [[3116, 1211, 347, -741, -1818, 490], [1211, 8743, -710, 313, -3591, 1021], [347, -710, 4923, 3436, -207, 2807], [-741, 313, 3436, 5864, -787, 2850], [-1818, -3591, -207, -787, 4772, -462], [490, 1021, 2807, 2850, -462, 4739]], "lincomb_LLL": [1.0, 0.0, 0.0, 0.0, 0.0, 0.0], "lincomb_cube": [1.0, 0.03092554211616516, -0.23018860816955566, 0.403228759765625, 0.4440178871154785, -0.1729269027709961], "sv_LLL": [38.0, -6.0, -11.0, 23.0, 5.0, -31.0], "sv_cube": [23.275543212890625, -20.3455810546875, -10.495758056640625, 15.861663818359375, 21.9085693359375, -9.2408447265625], "lincomb_diff": [0.0, -0.03092554211616516, 0.23018860816955566, -0.403228759765625, -0.4440178871154785, 0.1729269027709961], "Diff impact": [0.0, -0.0, 0.0, 0.0, 0.0, 0.0, -0.0, 8.36, 5.05, 3.9, -49.31, -5.46, 0.0, 5.05, 260.85, -318.92, 21.16, 111.73, 0.0, 3.9, -318.92, 953.45, -140.91, -198.73, 0.0, -49.31, 21.16, -140.91, 940.81, 35.47, 0.0, -5.46, 111.73, -198.73, 35.47, 141.71]}, {"B": [[-25, 34, -41, -36, 14, -41], [10, -50, -40, 14, -44, 34], [-11, 24, -36, -20, 26, -20], [-7, -5, -9, 17, 21, -21], [32, 19, -1, -20, 26, -36], [-15, 22, -3, 12, 14, 11]], "G": [[6635, -2824, 4471, 917, 2447, 559], [-2824, 7488, -1974, -860, -3238, -1204], [4471, -1974, 3469, 907, 1936, 705], [917, -860, 907, 1326, 652, 289], [2447, -3238, 1936, 652, 3758, -331], [559, -1204, 705, 289, -331, 1179]], "lincomb_LLL": [-1.0, 0.0, 1.0, 0.0, 0.0, 0.0], "lincomb_cube": [-1.0, -0.38210296630859375, 1.6567516326904297, -0.17373204231262207, -0.5922079086303711, -1.0304279327392578], "sv_LLL": [14.0, -10.0, 5.0, 16.0, 12.0, 21.0], "sv_cube": [0.67657470703125, -8.185516357421875, 1.8881340026855469, -5.9588623046875, 12.416290283203125, 8.506637573242188], "lincomb_diff": [0.0, 0.38210296630859375, -0.6567516326904297, 0.17373204231262207, 0.5922079086303711, 1.0304279327392578], "Diff impact": [0.0, -0.0, -0.0, 0.0, 0.0, 0.0, -0.0, 1093.27, 495.37, -57.09, -732.71, -474.05, -0.0, 495.37, 1496.26, -103.49, -752.98, -477.1, 0.0, -57.09, -103.49, 40.02, 67.08, 51.74, 0.0, -732.71, -752.98, 67.08, 1317.97, -201.99, 0.0, -474.05, -477.1, 51.74, -201.99, 1251.84]}, {"B": [[48, -4, 46, -14, -19, 18], [0, 3, 28, -39, 27, -6], [-10, 38, -21, 22, 36, -41], [6, 3, 24, 3, 8, 35], [9, 15, 19, -13, 33, 1], [15, -10, -44, 7, -23, -13]], "G": [[5317, 1201, -3328, 1816, 819, -1159], [1201, 3079, -114, 570, 1969, -2078], [-3328, -114, 5446, -1531, 942, 253], [1816, 570, -1531, 1919, 815, -1614], [819, 1969, 942, 815, 1926, -1714], [-1159, -2078, 253, -1614, -1714, 3008]], "lincomb_LLL": [0.0, 2.0, 1.0, 2.0, -2.0, 1.0], "lincomb_cube": [0.0, 0.0, 0.0, 0.0, 0.0, 0.0], "sv_LLL": [-1.0, 10.0, 1.0, -17.0, 17.0, 2.0], "sv_cube": [0.0, 0.0, 0.0, 0.0, 0.0, 0.0], "lincomb_diff": [0.0, 2.0, 1.0, 2.0, -2.0, 1.0], "Diff impact": [0.0, 0.0, -0.0, 0.0, -0.0, -0.0, 0.0, 12316.0, -228.0, 2280.0, -7876.0, -4156.0, -0.0, -228.0, 5446.0, -3062.0, -1884.0, 253.0, 0.0, 2280.0, -3062.0, 7676.0, -3260.0, -3228.0, -0.0, -7876.0, -1884.0, -3260.0, 7704.0, 3428.0, -0.0, -4156.0, 253.0, -3228.0, 3428.0, 3008.0]}, {"B": [[-31, -38, -16, -42, -37, -26], [0, -29, -13, 37, 1, 29], [-40, -27, -21, -9, 34, -2], [18, 34, 25, -11, -34, -1], [-17, 27, 37, -19, 25, -49], [-18, 10, -27, 32, 2, -26]], "G": [[6470, -1035, 1774, -504, 56, -132], [-1035, 3221, 699, -1781, -3363, 493], [1774, 699, 4011, -3218, 293, 849], [-504, -1781, -3218, 3383, 945, -1053], [56, -3363, 293, 945, 5774, 293], [-132, 493, 849, -1053, 293, 2857]], "lincomb_LLL": [0.0, 0.0, 1.0, 1.0, 0.0, 0.0], "lincomb_cube": [0.0, 0.0, 0.0, 0.0, 0.0, 0.0], "sv_LLL": [-22.0, 7.0, 4.0, -20.0, 0.0, -3.0], "sv_cube": [0.0, 0.0, 0.0, 0.0, 0.0, 0.0], "lincomb_diff": [0.0, 0.0, 1.0, 1.0, 0.0, 0.0], "Diff impact": [0.0, -0.0, 0.0, -0.0, 0.0, -0.0, -0.0, 0.0, 0.0, -0.0, -0.0, 0.0, 0.0, 0.0, 4011.0, -3218.0, 0.0, 0.0, -0.0, -0.0, -3218.0, 3383.0, 0.0, -0.0, 0.0, -0.0, 0.0, 0.0, 0.0, 0.0, -0.0, 0.0, 0.0, -0.0, 0.0, 0.0]}, {"B": [[-22, -8, 36, -33, 37, -48], [-46, -4, -21, -21, 34, 11], [50, -45, 16, -24, 49, -22], [19, -38, -5, -30, -19, 28], [-18, 47, -31, 7, -23, -44], [-38, -35, 10, 42, 32, 34]], "G": [[6606, 1711, 3497, -1351, -66, -358], [1711, 4291, -528, -325, -122, 2258], [3497, -528, 8242, 1753, -3838, -353], [-1351, -325, 1753, 3875, -2978, -358], [-66, -122, -3838, -2978, 6008, -3209], [-358, 2258, -353, -358, -3209, 6713]], "lincomb_LLL": [0.0, 0.0, 0.0, 1.0, 1.0, 1.0], "lincomb_cube": [0.0, 0.0, 0.0, 0.0, 0.0, 0.0], "sv_LLL": [-37.0, -26.0, -26.0, 19.0, -10.0, 18.0], "sv_cube": [0.0, 0.0, 0.0, 0.0, 0.0, 0.0], "lincomb_diff": [0.0, 0.0, 0.0, 1.0, 1.0, 1.0], "Diff impact": [0.0, 0.0, 0.0, -0.0, -0.0, -0.0, 0.0, 0.0, -0.0, -0.0, -0.0, 0.0, 0.0, -0.0, 0.0, 0.0, -0.0, -0.0, -0.0, -0.0, 0.0, 3875.0, -2978.0, -358.0, -0.0, -0.0, -0.0, -2978.0, 6008.0, -3209.0, -0.0, 0.0, -0.0, -358.0, -3209.0, 6713.0]}, {"B": [[-7, -10, 43, 39, 45, -18], [-33, 1, 28, -17, 46, -16], [-30, 4, -41, -34, 20, 10], [-6, 32, -40, 19, -34, 41], [-36, -24, -22, -26, 17, -27], [42, -35, 36, 33, 21, 30]], "G": [[5868, 3120, -2199, -3525, -217, 3296], [3120, 4535, 1184, -3433, 2204, -488], [-2199, 1184, 4253, 1032, 2840, -3278], [-3525, -3433, 1032, 5858, -1851, -1669], [-217, 2204, 2840, -1851, 4050, -2775], [3296, -488, -3278, -1669, -2775, 6715]], "lincomb_LLL": [1.0, -1.0, 1.0, 0.0, 0.0, 0.0], "lincomb_cube": [1.0, -1.1582489013671875, 1.0742645263671875, -0.625300407409668, -0.6924247741699219, -0.49216604232788086], "sv_LLL": [-4.0, -7.0, -26.0, 22.0, 19.0, 8.0], "sv_cube": [7.002471923828125, 6.97320556640625, -10.948455810546875, 12.04608154296875, 12.359344482421875, -10.432220458984375], "lincomb_diff": [0.0, 0.1582489013671875, -0.0742645263671875, 0.625300407409668, 0.6924247741699219, 0.49216604232788086], "Diff impact": [0.0, 0.0, 0.0, -0.0, -0.0, 0.0, 0.0, 113.57, -13.91, -339.71, 241.5, -38.01, 0.0, -13.91, 23.46, -47.92, -146.04, 119.81, -0.0, -339.71, -47.92, 2290.48, -801.43, -513.64, -0.0, 241.5, -146.04, -801.43, 1941.78, -945.69, 0.0, -38.01, 119.81, -513.64, -945.69, 1626.56]}, {"B": [[-38, -22, 24, -26, 47, -42], [-24, -30, -40, -26, 16, 8], [-7, 5, -13, 15, -34, -19], [-1, 42, -41, -38, 20, -39], [43, -49, 43, 27, 12, -39], [-3, 10, 26, 30, 6, -27]], "G": [[7153, 1704, -1346, 1696, 1976, 1154], [1704, 4072, -548, 1400, -2104, -2168], [-1346, -548, 1985, 241, -367, 492], [1696, 1400, 241, 6811, -3129, -610], [1976, -2104, -367, -3129, 8493, 2434], [1154, -2168, 492, -610, 2434, 2450]], "lincomb_LLL": [0.0, 0.0, 1.0, 0.0, 0.0, 0.0], "lincomb_cube": [0.0, 0.0, 0.0, 0.0, 0.0, 0.0], "sv_LLL": [-7.0, 5.0, -13.0, 15.0, -34.0, -19.0], "sv_cube": [0.0, 0.0, 0.0, 0.0, 0.0, 0.0], "lincomb_diff": [0.0, 0.0, 1.0, 0.0, 0.0, 0.0], "Diff impact": [0.0, 0.0, -0.0, 0.0, 0.0, 0.0, 0.0, 0.0, -0.0, 0.0, -0.0, -0.0, -0.0, -0.0, 1985.0, 0.0, -0.0, 0.0, 0.0, 0.0, 0.0, 0.0, -0.0, -0.0, 0.0, -0.0, -0.0, -0.0, 0.0, 0.0, 0.0, -0.0, 0.0, -0.0, 0.0, 0.0]}, {"B": [[39, -5, 48, 3, 30, 34], [49, 13, 43, -1, 20, -12], [-38, 24, -8, -39, -30, 36], [-9, 16, 23, 29, -4, 4], [48, 0, -13, 27, 9, 32], [36, 28, -47, -33, -9, -17]], "G": [[5915, 4099, -1779, 776, 2687, -1939], [4099, 4964, -2887, 599, 1562, 164], [-1779, -2887, 5801, -325, -1891, 625], [776, 599, -325, 1739, 144, -1946], [2687, 1562, -1891, 144, 4307, 823], [-1939, 164, 625, -1946, 823, 5748]], "lincomb_LLL": [2.0, -2.0, -1.0, 1.0, -1.0, 1.0], "lincomb_cube": [2.0, -1.9717178344726562, -0.8501977920532227, 1.3657665252685547, -1.2309741973876953, 1.462005615234375], "sv_LLL": [-3.0, -16.0, 7.0, 16.0, 28.0, 11.0], "sv_cube": [-5.0531005859375, 6.7513427734375, -3.2811279296875, -0.745849609375, 16.3717041015625, 2.271331787109375], "lincomb_diff": [0.0, -0.02828216552734375, -0.14980220794677734, -0.3657665252685547, 0.2309741973876953, -0.462005615234375], "Diff impact": [0.0, -0.0, 0.0, -0.0, 0.0, 0.0, -0.0, 3.97, -12.23, 6.2, -10.2, 2.14, 0.0, -12.23, 130.18, -17.81, 65.43, 43.26, -0.0, 6.2, -17.81, 232.65, -12.17, -328.85, 0.0, -10.2, 65.43, -12.17, 229.77, -87.82, 0.0, 2.14, 43.26, -328.85, -87.82, 1226.91]}, {"B": [[-28, -29, -50, -7, -4, -25], [21, 31, 14, 20, -6, -2], [30, -32, -42, -5, 9, 2], [-31, 28, 44, 12, 33, -48], [26, -19, 35, 20, 3, 6], [40, -43, 6, -5, -34, 35]], "G": [[4815, -2253, 2137, -1160, -2229, -877], [-2253, 2038, -1108, 971, 817, -375], [2137, -1108, 3798, -3533, -143, 2113], [-1160, 971, -3533, 7218, 253, -5042], [-2229, 817, -143, 253, 2707, 2075], [-877, -375, 2113, -5042, 2075, 5891]], "lincomb_LLL": [0.0, 0.0, 0.0, -1.0, 1.0, -1.0], "lincomb_cube": [0.0, 0.0, 0.0, 0.0, 0.0, 0.0], "sv_LLL": [17.0, -4.0, -15.0, 13.0, 4.0, 19.0], "sv_cube": [0.0, 0.0, 0.0, 0.0, 0.0, 0.0], "lincomb_diff": [0.0, 0.0, 0.0, -1.0, 1.0, -1.0], "Diff impact": [0.0, -0.0, 0.0, 0.0, -0.0, 0.0, -0.0, 0.0, -0.0, -0.0, 0.0, 0.0, 0.0, -0.0, 0.0, 0.0, -0.0, -0.0, 0.0, -0.0, 0.0, 7218.0, -253.0, -5042.0, -0.0, 0.0, -0.0, -253.0, 2707.0, -2075.0, 0.0, 0.0, -0.0, -5042.0, -2075.0, 5891.0]}, {"B": [[-40, 11, -26, -41, 23, -26], [44, -47, 7, -9, -18, 1], [-1, -37, -21, 10, 8, -35], [-22, 28, -26, 24, -19, 3], [-28, -37, -19, -24, 13, -27], [-9, 43, 25, -7, 0, -22]], "G": [[5283, -2530, 863, 365, 3192, 1042], [-2530, 4600, 1279, -2337, 329, -2201], [863, 1279, 3200, -485, 2605, -1407], [365, -2337, -485, 2890, -830, 518], [3192, 329, 2605, -830, 3988, -1052], [1042, -2201, -1407, 518, -1052, 3088]], "lincomb_LLL": [-1.0, -1.0, 0.0, 0.0, 1.0, 0.0], "lincomb_cube": [-1.0, -0.32982873916625977, -0.43970298767089844, 0.0795586109161377, 1.2108287811279297, 0.30115461349487305], "sv_LLL": [-32.0, -1.0, 0.0, 26.0, 8.0, -2.0], "sv_cube": [-12.4366455078125, -8.8524169921875, 15.379547119140625, 10.312881469726562, -6.3515472412109375, 1.9806137084960938], "lincomb_diff": [0.0, -0.6701717376708984, 0.43970298767089844, -0.0795586109161377, -0.2108287811279297, -0.30115461349487305], "Diff impact": [0.0, 0.0, 0.0, -0.0, -0.0, -0.0, 0.0, 2066.0, -376.89, -124.6, 46.48, -444.22, 0.0, -376.89, 618.68, 16.97, -241.49, 186.31, -0.0, -124.6, 16.97, 18.29, -13.92, 12.41, -0.0, 46.48, -241.49, -13.92, 177.26, -66.79, -0.0, -444.22, 186.31, 12.41, -66.79, 280.06]}, {"B": [[5, 27, 19, 22, -7, 5], [-4, -34, -10, -29, -26, 46], [-39, 20, -41, -37, 34, -12], [22, -10, -10, 16, -16, 44], [43, 8, 35, -24, 3, -35], [21, -13, -12, 0, -23, 45]], "G": [[1673, -1354, -1546, 334, 372, -88], [-1354, 4905, -477, 2328, -1786, 3146], [-1546, -477, 6271, -2312, -1542, -1909], [334, 2328, -2312, 3132, -1456, 3060], [372, -1786, -1542, -1456, 4948, -1265], [-88, 3146, -1909, 3060, -1265, 3308]], "lincomb_LLL": [0.0, 0.0, 0.0, -1.0, 0.0, 1.0], "lincomb_cube": [0.0, 0.0, 0.0, 0.0, 0.0, 0.0], "sv_LLL": [-1.0, -3.0, -2.0, -16.0, -7.0, 1.0], "sv_cube": [0.0, 0.0, 0.0, 0.0, 0.0, 0.0], "lincomb_diff": [0.0, 0.0, 0.0, -1.0, 0.0, 1.0], "Diff impact": [0.0, -0.0, -0.0, -0.0, 0.0, -0.0, -0.0, 0.0, -0.0, -0.0, -0.0, 0.0, -0.0, -0.0, 0.0, 0.0, -0.0, -0.0, -0.0, -0.0, 0.0, 3132.0, 0.0, -3060.0, 0.0, -0.0, -0.0, 0.0, 0.0, -0.0, -0.0, 0.0, -0.0, -3060.0, -0.0, 3308.0]}, {"B": [[-2, 23, 13, 34, -34, 46], [43, -4, 3, -28, 12, -23], [18, -7, -32, 21, 31, -9], [-13, 40, 43, 49, 46, -39], [33, -44, 32, -23, 48, 13], [-41, -35, 8, -24, 5, -45]], "G": [[5130, -2557, -1367, -187, -2478, -3675], [-2557, 3331, 697, -513, 2612, 168], [-1367, 697, 2880, 916, 766, -693], [-187, -513, 916, 9656, -239, 286], [-2478, 2612, 766, -239, 7051, 650], [-3675, 168, -693, 286, 650, 5596]], "lincomb_LLL": [1.0, 1.0, 0.0, 0.0, 0.0, 1.0], "lincomb_cube": [1.0, 0.6255512237548828, 0.49636411666870117, -0.015204653143882751, 0.000729857012629509, 0.7000999450683594], "sv_LLL": [0.0, -16.0, 24.0, -18.0, -17.0, -22.0], "sv_cube": [5.35089111328125, -8.12054443359375, 3.963348388671875, 9.343994140625, -8.269973754882812, -3.756988525390625], "lincomb_diff": [0.0, 0.3744487762451172, -0.49636411666870117, 0.015204653143882751, -0.000729857012629509, 0.2999000549316406], "Diff impact": [0.0, -0.0, 0.0, -0.0, 0.0, -0.0, -0.0, 467.05, -129.55, -2.92, -0.71, 18.87, 0.0, -129.55, 709.57, -6.91, 0.28, 103.16, -0.0, -2.92, -6.91, 2.23, 0.0, 1.3, 0.0, -0.71, 0.28, 0.0, 0.0, -0.14, -0.0, 18.87, 103.16, 1.3, -0.14, 503.3]}, {"B": [[-23, 34, 29, -24, 7, 33], [20, -37, 13, -6, -29, 44], [-43, 8, 11, 12, -31, -23], [-46, 44, 7, -5, -13, 13], [30, 50, 46, 23, -45, 12], [5, -35, -9, -8, 32, 2]], "G": [[4240, 52, 316, 3215, 1873, -1084], [52, 4751, -1198, -1478, 1043, 486], [316, -1198, 3668, 2451, 1011, -1728], [3215, -1478, 2451, 4464, 1768, -2183], [1873, 1043, 1011, 1768, 8214, -3614], [-1084, 486, -1728, -2183, -3614, 2423]], "lincomb_LLL": [1.0, 0.0, 0.0, -1.0, -1.0, -2.0], "lincomb_cube": [1.0, -0.08342635631561279, 0.26935672760009766, -1.4015617370605469, -0.6276912689208984, -1.5427532196044922], "sv_LLL": [-17.0, 10.0, -6.0, -26.0, 1.0, 4.0], "sv_cube": [1.6764297485351562, 0.1846923828125, 6.0784149169921875, -15.354263305664062, -1.8323974609375, -5.704071044921875], "lincomb_diff": [0.0, 0.08342635631561279, -0.26935672760009766, 0.4015617370605469, -0.37230873107910156, -0.4572467803955078], "Diff impact": [0.0, 0.0, -0.0, 0.0, -0.0, 0.0, 0.0, 33.07, 26.92, -49.51, -32.4, -18.54, -0.0, 26.92, 266.12, -265.11, 101.39, -212.82, 0.0, -49.51, -265.11, 719.83, -264.32, 400.83, -0.0, -32.4, 101.39, -264.32, 1138.57, -615.24, 0.0, -18.54, -212.82, 400.83, -615.24, 506.59]}, {"B": [[-14, 49, 20, 19, 22, 26], [38, -37, 32, -15, -40, -36], [-22, 8, -15, -23, 18, 34], [34, 0, 36, 6, -5, 26], [-28, -9, 44, -45, 6, -22], [6, -29, -27, 30, 50, -32]], "G": [[4518, -3806, 1243, 924, -464, -1207], [-3806, 6958, -3211, 1618, 1904, -861], [1243, -3211, 2782, -632, 279, -837], [924, 1618, -632, 3189, -240, -1670], [-464, 1904, 279, -240, 5346, -1441], [-1207, -861, -837, -1670, -1441, 6030]], "lincomb_LLL": [3.0, 4.0, 3.0, -2.0, -1.0, 1.0], "lincomb_cube": [3.0, 3.9780235290527344, 3.1668014526367188, -1.938974380493164, -1.1971321105957031, 0.7849979400634766], "sv_LLL": [10.0, 3.0, 0.0, -9.0, 14.0, -26.0], "sv_cube": [11.799652099609375, 13.1568603515625, -3.876953125, -9.7197265625, 5.6435546875, -6.73382568359375], "lincomb_diff": [0.0, 0.021976470947265625, -0.16680145263671875, -0.06102561950683594, 0.19713211059570312, 0.21500205993652344], "Diff impact": [0.0, -0.0, -0.0, -0.0, -0.0, -0.0, -0.0, 3.36, 11.77, -2.17, 8.25, -4.07, -0.0, 11.77, 77.4, -6.43, -9.17, 30.02, -0.0, -2.17, -6.43, 11.88, 2.89, 21.91, -0.0, 8.25, -9.17, 2.89, 207.75, -61.08, -0.0, -4.07, 30.02, 21.91, -61.08, 278.74]}, {"B": [[-9, 8, 27, 2, 24, -14], [-12, 28, 4, 29, 29, 25], [44, -35, 35, -11, -22, 38], [21, -43, 7, -2, -31, 42], [-40, 41, 48, -12, -35, -24], [33, 14, 14, 6, 40, 4]], "G": [[1650, 844, -813, -1680, 1456, 1109], [844, 3251, -1375, -1335, -143, 1486], [-813, -1375, 6435, 4974, -1525, 658], [-1680, -1335, 4974, 5068, -2166, -895], [1456, -143, -1525, -2166, 7530, -1642], [1109, 1486, 658, -895, -1642, 3133]], "lincomb_LLL": [0.0, 2.0, 6.0, -7.0, -2.0, -5.0], "lincomb_cube": [0.0, 0.0, 0.0, 0.0, 0.0, 0.0], "sv_LLL": [8.0, -5.0, 3.0, 0.0, 13.0, 12.0], "sv_cube": [0.0, 0.0, 0.0, 0.0, 0.0, 0.0], "lincomb_diff": [0.0, 2.0, 6.0, -7.0, -2.0, -5.0], "Diff impact": [0.0, 0.0, -0.0, 0.0, -0.0, -0.0, 0.0, 13004.0, -16500.0, 18690.0, 572.0, -14860.0, -0.0, -16500.0, 231660.0, -208908.0, 18300.0, -19740.0, 0.0, 18690.0, -208908.0, 248332.0, -30324.0, -31325.0, -0.0, 572.0, 18300.0, -30324.0, 30120.0, -16420.0, -0.0, -14860.0, -19740.0, -31325.0, -16420.0, 78325.0]}, {"B": [[-45, -50, 27, 24, -46, -22], [-33, 27, 28, 43, 43, 21], [19, -36, 13, -2, 49, 29], [25, -46, -31, -16, 6, -21], [-24, -41, -20, -5, 25, 16], [19, 38, 42, 42, -28, -27]], "G": [[8430, -517, -1644, 140, 968, 1269], [-517, 6741, 1395, -3806, 321, 1610], [-1644, 1395, 5072, 1445, 2459, -2700], [140, -3806, 1445, 4435, 1800, -2848], [968, 321, 2459, 1800, 3563, -4196], [1269, 1610, -2700, -2848, -4196, 6846]], "lincomb_LLL": [1.0, 2.0, 0.0, 2.0, -5.0, -3.0], "lincomb_cube": [1.0, 1.574371337890625, 0.19553041458129883, 1.36248779296875, -4.071876525878906, -2.407398223876953], "sv_LLL": [2.0, 3.0, -5.0, -23.0, 11.0, -21.0], "sv_cube": [-7.1923828125, -1.739501953125, 11.7139892578125, -11.2442626953125, 5.06414794921875, -12.0303955078125], "lincomb_diff": [0.0, 0.425628662109375, -0.19553041458129883, 0.63751220703125, -0.9281234741210938, -0.5926017761230469], "Diff impact": [0.0, -0.0, 0.0, 0.0, -0.0, -0.0, -0.0, 1221.2, -116.1, -1032.73, -126.81, -406.09, 0.0, -116.1, 193.91, -180.12, 446.25, -312.85, 0.0, -1032.73, -180.12, 1802.48, -1065.04, 1075.95, -0.0, -126.81, 446.25, -1065.04, 3069.22, -2307.83, -0.0, -406.09, -312.85, 1075.95, -2307.83, 2404.16]}, {"B": [[-37, -40, 37, -31, -43, -6], [-1, 35, 24, -33, -26, -49], [-30, 27, -31, -10, 4, -29], [-44, -4, 33, 49, -19, 33], [-14, -22, -30, 42, -38, -17], [0, -14, -17, 6, 14, -39]], "G": [[7184, 1960, -805, 2109, 722, -623], [1960, 5968, 1878, -2044, -1041, 451], [-805, 1878, 3547, -1334, 677, 1276], [2109, -2044, -1334, 6892, 1933, -1764], [722, -1041, 677, 1933, 5077, 1201], [-623, 451, 1276, -1764, 1201, 2238]], "lincomb_LLL": [0.0, 0.0, 0.0, 0.0, 0.0, 1.0], "lincomb_cube": [0.0, 0.0, 0.0, 0.0, 0.0, 0.0], "sv_LLL": [0.0, -14.0, -17.0, 6.0, 14.0, -39.0], "sv_cube": [0.0, 0.0, 0.0, 0.0, 0.0, 0.0], "lincomb_diff": [0.0, 0.0, 0.0, 0.0, 0.0, 1.0], "Diff impact": [0.0, 0.0, -0.0, 0.0, 0.0, -0.0, 0.0, 0.0, 0.0, -0.0, -0.0, 0.0, -0.0, 0.0, 0.0, -0.0, 0.0, 0.0, 0.0, -0.0, -0.0, 0.0, 0.0, -0.0, 0.0, -0.0, 0.0, 0.0, 0.0, 0.0, -0.0, 0.0, 0.0, -0.0, 0.0, 2238.0]}, {"B": [[13, 5, -28, 39, 40, -16], [1, -47, -13, 14, -32, -9], [-22, -43, 2, 22, 3, -35], [42, -41, 2, 25, 22, 27], [48, -15, 25, 21, 44, -16], [50, -38, 12, 9, -38, -12]], "G": [