{
 "cells": [
  {
   "cell_type": "code",
   "execution_count": 49,
   "id": "2228db58",
   "metadata": {
    "slideshow": {
     "slide_type": "slide"
    }
   },
   "outputs": [],
   "source": [
    "dimension = 6\n",
    "perimeter = 50\n",
    "sensitivity = 1\n",
    "jsonfilename = \"dummyfile.json\""
   ]
  },
  {
   "cell_type": "markdown",
   "id": "7ea6f785",
   "metadata": {
    "tags": []
   },
   "source": [
    "# Generating new examples\n",
    "\n",
    "This notebook's purpose is to generate new examples of *dysfunctional matrices* - matrices for which the cube algorithm gives different result than the LLL algorithm. For now, this code generates only square matrices. It returns a json file containing the *dysfunctional* matrices and their core parameters.\n",
    "\n",
    "The generating function takes in parameters above.\n",
    "\n",
    "`dimension`: the shape of the matrix\n",
    "\n",
    "`perimeter`: defines an interval `[- perimeter, perimeter]` for the integers inside the matrix\n",
    "\n",
    "`sensitivity`: lol i forgot\n",
    "\n",
    "`jsonfilename`: name of the ouput file\n",
    "\n",
    "## Output format\n",
    "\n",
    "Jsonfile containing a `list` of `dictionaries`, each dictionary representing single case of a *dysfunctional matrix*. The `dict` includes the following: \n",
    "\n",
    "`\"B\"` the original faulty matrix `B`\n",
    "\n",
    "`\"G\"` it's corresponding Gram matrix\n",
    "\n",
    "`\"lincomb_LLL\"` linear combination corresponding to the shortest vector according to the LLL algorithm\n",
    "\n",
    "`\"lincomb_cube\"` linear combination corresponding to the shortest vector according to the cube algorithm\n",
    "\n",
    "`\"sv_LLL\"` shortest vector according to LLL \n",
    "\n",
    "`\"sv_cube\"` shortest vector according to cube\n",
    "\n",
    "`\"lincomb_diff\"` difference between the two linear combination (their matrices subtracted)\n",
    "\n",
    "`\"Diff impact\"` detailed matrix multiplication of the difference matrix\n"
   ]
  },
  {
   "cell_type": "markdown",
   "id": "074b2332",
   "metadata": {},
   "source": [
    "## Code and commentary\n",
    "\n",
    "### Utilitary math tools\n",
    "\n",
    "These functions are uniteresting tools needed for the basic computations. Functions such as *finding the shortest vectors of a basis matrix*, *creating a random linearly independent basis matrix*, *computing Gram matrix of a given matrix* or *converting between data types*"
   ]
  },
  {
   "cell_type": "code",
   "execution_count": 30,
   "id": "9d981872",
   "metadata": {},
   "outputs": [],
   "source": [
    "# UNINTERESTING TOOLS\n",
    "from random import randint, seed\n",
    "\n",
    "\n",
    "def shortestVector(matrix): \n",
    "    \"\"\"\n",
    "    :returns: \n",
    "        - n - norm of the shortest vector\n",
    "        - v - the shortest vector (vector)\n",
    "        - i - index of the SV\n",
    "    \"\"\"\n",
    "    return sorted([(matrix[idx].norm().n(), matrix[idx], idx) for idx in range(matrix.nrows())])[0][1]\n",
    "\n",
    "def randomMatrix(dimension, per) -> matrix:\n",
    "    list = [randint(-per, per) for _ in range(dimension**2)]\n",
    "    M = matrix(ZZ, dimension, dimension, list)\n",
    "    while M.rank() != dimension:\n",
    "        list = [randint(-per, per) for _ in range(dimension**2)]\n",
    "        M = matrix(ZZ, dimension, dimension, list)\n",
    "    return M\n",
    "\n",
    "def gram_matrix(matrix) -> matrix:\n",
    "    return matrix * matrix.transpose()\n",
    "\n",
    "def matrix_to_list(A) -> list:\n",
    "    return [[int(A.list()[row * A.ncols() + col]) for col in range(A.ncols())] for row in range(A.nrows())]\n",
    "\n",
    "def vector_to_list(vector) -> list:\n",
    "    return [float(num) for num in vector.list()]"
   ]
  },
  {
   "cell_type": "markdown",
   "id": "08a67a51",
   "metadata": {},
   "source": [
    "### Interesting math tools. \n",
    "\n",
    "Following functions actually have some thoughts behind them. \n",
    "\n",
    "\n",
    "`abnormality_data`\n",
    "Given a matrix $B$ and it's shortest vector given by the LLL algorithm, returns __a dictionary__ with data concerting the SV given by the cube algorithm, if it's far enough from the LLL solution. \n",
    "\n",
    "`find_real_minimum` Given a matrix $B$ and it's shortest vector given by the LLL algorithm, returns the __linear combination of the SV given by the cube algorithm__.\n",
    "\n",
    "`matrix_multiplication_detailed`\n",
    "Given a matrix $A$ and a vector $v$, computes a detailed matrix multiplication $v \\cdot A \\cdot v^T$ in a sense, that every cell in the matrix is multiplicated with the corresponding cell of the vector. The goal is to have clearer perspective on which cells in the matrix are effecting the multiplication the most. \n",
    "Return this detailed matrix and a sum of it's elements, resp. the result of $v \\cdot A \\cdot v^T$.\n",
    "\n",
    "\n"
   ]
  },
  {
   "cell_type": "code",
   "execution_count": 4,
   "id": "15788a4a",
   "metadata": {},
   "outputs": [],
   "source": [
    "\n",
    "def matrix_multiplication_detailed(A, vector) -> (matrix, float):\n",
    "    \"\"\"\n",
    "    :returns: \n",
    "        - A - matrix A multiplied in rows and cols by vector\n",
    "        - x - sum of all elements in the returned matrix\n",
    "    \"\"\"\n",
    "    A = matrix_to_list(A)\n",
    "    n = len(A)\n",
    "    vector = vector_to_list(vector)\n",
    "    for i in range(n):\n",
    "        for j in range(n):\n",
    "            A[i][j] = round(A[i][j]*  vector[i] * vector[j], 2)\n",
    "    return matrix(A), round(sum(sum(A, [])), 2)"
   ]
  },
  {
   "cell_type": "markdown",
   "id": "037ba9c8",
   "metadata": {},
   "source": [
    "### Formatting tools\n",
    "\n",
    "These functions provide transfering the data to the output jsonfile as described above."
   ]
  },
  {
   "cell_type": "code",
   "execution_count": 19,
   "id": "7bdeacaf",
   "metadata": {},
   "outputs": [],
   "source": [
    "### output formatting\n",
    "import json\n",
    "\n",
    "def format_data(output_data):\n",
    "    for dic in output_data:\n",
    "        for key, value in dic.items():\n",
    "            if isinstance(value, sage.matrix.matrix_integer_dense.Matrix_integer_dense):\n",
    "                dic[key] = matrix_to_list(value)\n",
    "            else:\n",
    "            # FIXME here I assume that output_data consits only of matrices and one-line entries (vectors, free modules)\n",
    "            # it IS going to crash if I try to save integers/floats\n",
    "                dic[key] = vector_to_list(value)\n",
    "    return output_data\n",
    "\n",
    "def into_json(output_data):\n",
    "    out_file = open(jsonfilename, \"w+\") \n",
    "    json.dump(output_data, out_file) \n",
    "    out_file.close() \n",
    "\n",
    "def from_json(filename):\n",
    "    out_file = open(filename)\n",
    "    return json.load(out_file)\n",
    "\n",
    "def print_listdict(list) -> None:\n",
    "    \"\"\"\n",
    "    :param list: list of dictionaries\n",
    "    \"\"\"\n",
    "    for dictionary in list:\n",
    "        for pair in dictionary.items():\n",
    "            print(pair[1], \": \", pair[0])\n",
    "        print()\n",
    "    \n",
    "def into_dict(B, lcLLL: vector, rowindex: int) -> dict:\n",
    "    result = {}\n",
    "    G = gram_matrix(B)\n",
    "    lcCube = find_real_minimum(G, rowindex, lcLLL[rowindex])\n",
    "    result[\"B\"] = B\n",
    "    result[\"G\"] = G\n",
    "    result[\"lincomb_LLL\"] = lcLLL\n",
    "    result[\"lincomb_cube\"] = lcCube\n",
    "    result[\"sv_LLL\"] = lcLLL * B\n",
    "    result[\"sv_cube\"] = lcCube * B\n",
    "    result[\"lincomb_diff\"] = lcLLL - vector(lcCube)\n",
    "    result[\"Diff impact\"] = matrix_multiplication_detailed(G, lcLLL - lcCube)[0]\n",
    "#     result[\"Diff impact sum\"] = matrix_multiplication_detailed(B, lcLLL - lcCube)[1]\n",
    "#     result[\"LLL.norm\"] = vector(lcLLL*B).norm().n(digits=5)\n",
    "#     result[\"cube.norm\"] = (vector(lcCube)*B).norm().n(digits=5)\n",
    "    return result\n",
    "    "
   ]
  },
  {
   "cell_type": "markdown",
   "id": "e6ece087",
   "metadata": {},
   "source": [
    "### Main function\n",
    "\n",
    "This cell actually generates the new examples and checks wheter a matrix is *dysfunctional*. \n",
    "\n",
    "`generate_new_examples`\n",
    "The main function. Based on input parameters above, generates *some* number of *dysfunctional* matrices, computes their invariants such as Gram matrix, LLL/cube linear combinations etc. and creates a json file with this information (specified above).\n",
    "\n",
    "`is_dysfunctional`\n",
    "Given a matrix $B$, checks whether its dysfunctional and if so, returns the data describing the case.\n"
   ]
  },
  {
   "cell_type": "code",
   "execution_count": 51,
   "id": "f0f4a678-9c58-4b25-a4e3-ac6037f1cc6a",
   "metadata": {},
   "outputs": [
    {
     "name": "stdout",
     "output_type": "stream",
     "text": [
      "[ 42  19  -5  24 -41  30]\n",
      "[ -1   9  -3   9  42  42]\n",
      "[-32 -40  34  16   7 -31]\n",
      "[-25  21  22   5  38 -45]\n",
      "[ -9  -9   3  14   8  30]\n",
      "[-23 -18  -6 -23  41  -3] :  B\n",
      "[ 5307  -102 -3107 -3549   344 -3601]\n",
      "[ -102  3700 -1294  -101  1641  1268]\n",
      "[-3107 -1294  5046  2449   100  1264]\n",
      "[-3549  -101  2449  5044  -874  1643]\n",
      "[  344  1641   100  -874  1331   267]\n",
      "[-3601  1268  1264  1643   267  3108] :  G\n",
      "(-2, 1, 0, -1, -1, -2) :  lincomb_LLL\n",
      "(-1.6710, 1.2906, 0.23982, -0.84559, -1.3314, -2.0000) :  lincomb_cube\n",
      "(-5, -5, -6, -12, -4, 3) :  sv_LLL\n",
      "(-0.026428, 0.49841, 2.0400, -1.5200, -0.38586, 0.74982) :  sv_cube\n",
      "(-0.32895, -0.29062, -0.23982, -0.15441, 0.33140, 0.00000) :  lincomb_diff\n",
      "[ 574.28   -9.75 -245.11 -180.27   -37.5     0.0]\n",
      "[  -9.75   312.5  -90.19   -4.53 -158.05    -0.0]\n",
      "[-245.11  -90.19   290.2   90.69   -7.95    -0.0]\n",
      "[-180.27   -4.53   90.69  120.27   44.73    -0.0]\n",
      "[  -37.5 -158.05   -7.95   44.73  146.18     0.0]\n",
      "[    0.0    -0.0    -0.0    -0.0     0.0     0.0] :  Diff impact\n",
      "\n",
      "[ -2 -30  44 -14  -2 -48]\n",
      "[  9  35  12 -18  28   6]\n",
      "[-35  -6 -34 -10  45   2]\n",
      "[-12 -21  21  26  -3 -38]\n",
      "[-28  28   0 -31   2   3]\n",
      "[ 20 -25  31  10  16 -13] :  B\n",
      "[ 5344  -632 -1292  3044  -498  2526]\n",
      "[ -632  2594   519 -1371  1360  -133]\n",
      "[-1292   519  4546  -639  1218 -1010]\n",
      "[ 3044 -1371  -639  3155 -1178  1642]\n",
      "[ -498  1360  1218 -1178  2542 -1577]\n",
      "[ 2526  -133 -1010  1642 -1577  2511] :  G\n",
      "(-1, 0, 0, 1, 1, 1) :  lincomb_LLL\n",
      "(-0.50460, -0.46121, -0.084230, 0.061493, 0.83713, 1.0000) :  lincomb_cube\n",
      "(-18, 12, 8, 19, 17, 0) :  sv_LLL\n",
      "(-4.3712, -3.3506, 7.4181, 1.8564, 1.7947, 8.4599) :  sv_cube\n",
      "(-0.49540, 0.46121, 0.084230, 0.93851, 0.16287, 0.00000) :  lincomb_diff\n",
      "[ 1311.51    144.4    53.91 -1415.25    40.18     -0.0]\n",
      "[   144.4   551.79    20.16  -593.44   102.16     -0.0]\n",
      "[   53.91    20.16    32.25   -50.51    16.71     -0.0]\n",
      "[-1415.25  -593.44   -50.51  2778.91  -180.06      0.0]\n",
      "[   40.18   102.16    16.71  -180.06    67.43     -0.0]\n",
      "[    -0.0     -0.0     -0.0      0.0     -0.0      0.0] :  Diff impact\n",
      "\n",
      "[ 40  43  14  -2  45 -45]\n",
      "[-45  34 -22 -12  10 -11]\n",
      "[ 14  11   1  15 -29  37]\n",
      "[ 29  -2 -21  34 -15  50]\n",
      "[-37  18 -15  25 -38  -2]\n",
      "[ 20 -16 -15  10  14  -3] :  B\n",
      "[ 7699   323 -1953 -2213 -2586   647]\n",
      "[  323  4030 -1155 -2019  1949 -1061]\n",
      "[-1953 -1155  2753  3158  1068  -278]\n",
      "[-2213 -2019  3158  5167   526   907]\n",
      "[-2586  1949  1068   526  3991 -1079]\n",
      "[  647 -1061  -278   907 -1079  1186] :  G\n",
      "(0, 0, 1, -1, 0, 1) :  lincomb_LLL\n",
      "(-0.064106, 0.21238, 0.98402, -0.71697, -0.043728, 1.0000) :  lincomb_cube\n",
      "(5, -3, 7, -9, 0, -16) :  sv_LLL\n",
      "(2.4805, -0.064453, -3.8736, -3.1303, -2.8812, -1.8039) :  sv_cube\n",
      "(0.064106, -0.21238, 0.015982, -0.28303, 0.043728, 0.00000) :  lincomb_diff\n",
      "[  31.64    -4.4    -2.0   40.15   -7.25     0.0]\n",
      "[   -4.4  181.78    3.92 -121.36   -18.1     0.0]\n",
      "[   -2.0    3.92     0.7  -14.28    0.75    -0.0]\n",
      "[  40.15 -121.36  -14.28   413.9   -6.51    -0.0]\n",
      "[  -7.25   -18.1    0.75   -6.51    7.63    -0.0]\n",
      "[    0.0     0.0    -0.0    -0.0    -0.0     0.0] :  Diff impact\n",
      "\n",
      "[ 12 -17  14   8  45  11]\n",
      "[-49 -23   1 -39  -5 -46]\n",
      "[ 11  39  30  32   5   2]\n",
      "[ -3   5  24 -12 -16   8]\n",
      "[-12  43  25  34 -32  19]\n",
      "[  4  13  15  41  42 -30] :  B\n",
      "[ 2839 -1226   392  -513 -1484  1925]\n",
      "[-1226  6593 -2771   236 -2416  -909]\n",
      "[  392 -2771  3595   434  3261  2463]\n",
      "[ -513   236   434  1074  1107  -991]\n",
      "[-1484 -2416  3261  1107  5159   366]\n",
      "[ 1925  -909  2463  -991   366  4755] :  G\n",
      "(0, 0, 0, 1, 0, 0) :  lincomb_LLL\n",
      "(-0.32683, -0.36193, -0.91892, 1.0000, 0.050006, 0.74367) :  lincomb_cube\n",
      "(-3, 5, 24, -12, -16, 8) :  sv_LLL\n",
      "(3.0792, -5.1395, 3.9000, 2.2859, -3.8583, -2.1441) :  sv_cube\n",
      "(0.32683, 0.36193, 0.91892, 0.00000, -0.050006, -0.74367) :  lincomb_diff\n",
      "[  303.25  -145.02   117.73     -0.0    24.25  -467.88]\n",
      "[ -145.02   863.65   -921.6      0.0    43.73   244.66]\n",
      "[  117.73   -921.6  3035.68      0.0  -149.85 -1683.15]\n",
      "[    -0.0      0.0      0.0      0.0     -0.0      0.0]\n",
      "[   24.25    43.73  -149.85     -0.0     12.9    13.61]\n",
      "[ -467.88   244.66 -1683.15      0.0    13.61  2629.73] :  Diff impact\n",
      "\n",
      "[ 19 -46  28 -26 -22 -46]\n",
      "[ 35 -18 -41  25 -43   7]\n",
      "[ 31   5  10  16 -30  15]\n",
      "[  3 -35  46 -47  26  47]\n",
      "[ 21  26  48 -41  -3  23]\n",
      "[  9  -6  47  -4 -48  29] :  B\n",
      "[ 6537   319   193  1443   621  1589]\n",
      "[  319  5753  2380 -3115 -2436   663]\n",
      "[  193  2380  2467  -449  1040  2530]\n",
      "[ 1443 -3115  -449  8444  4291  2702]\n",
      "[  621 -2436  1040  4291  5640  3264]\n",
      "[ 1589   663  2530  2702  3264  5487] :  G\n",
      "(0, 1, -1, 0, 1, 0) :  lincomb_LLL\n",
      "(-0.050597, 0.81027, -1.3496, -0.30213, 1.0000, 0.092969) :  lincomb_cube\n",
      "(25, 3, -3, -32, -16, 15) :  sv_LLL\n",
      "(6.4898, 17.011, -9.6628, -27.194, -8.5574, -0.74910) :  sv_cube\n",
      "(0.050597, 0.18973, 0.34964, 0.30213, 0.00000, -0.092969) :  lincomb_diff\n",
      "[  16.74    3.06    3.41   22.06     0.0   -7.47]\n",
      "[   3.06  207.08  157.88 -178.56    -0.0  -11.69]\n",
      "[   3.41  157.88  301.58  -47.43     0.0  -82.24]\n",
      "[  22.06 -178.56  -47.43  770.78     0.0  -75.89]\n",
      "[    0.0    -0.0     0.0     0.0     0.0    -0.0]\n",
      "[  -7.47  -11.69  -82.24  -75.89    -0.0   47.43] :  Diff impact\n",
      "\n",
      "[ 49   7 -20 -11  -9  49]\n",
      "[  1 -40  10  -1  40 -19]\n",
      "[-33 -19  49  15 -31 -29]\n",
      "[ 36  34 -42  11  40  20]\n",
      "[-16 -31  -1 -23   2  34]\n",
      "[-12 -13  17   4  42   1] :  B\n",
      "[ 5453 -1711 -4037  3341   920 -1392]\n",
      "[-1711  3663   513  -535   671  2335]\n",
      "[-4037   513  5878 -5547  -325   205]\n",
      "[ 3341  -535 -5547  6337 -1081   156]\n",
      "[  920   671  -325 -1081  2907   604]\n",
      "[-1392  2335   205   156   604  2383] :  G\n",
      "(0, 0, 1, 1, 0, 0) :  lincomb_LLL\n",
      "(-0.13878, 0.23147, 0.88135, 1.0000, 0.58502, -0.59744) :  lincomb_cube\n",
      "(3, 15, 7, 26, 9, -9) :  sv_LLL\n",
      "(-1.8446, -3.3450, -4.4648, 9.6702, -0.73654, 2.5356) :  sv_cube\n",
      "(0.13878, -0.23147, 0.11865, 0.00000, -0.58502, 0.59744) :  lincomb_diff\n",
      "[ 105.03   54.97  -66.47     0.0   -74.7 -115.42]\n",
      "[  54.97  196.26  -14.09     0.0   90.87 -322.91]\n",
      "[ -66.47  -14.09   82.75    -0.0   22.56   14.53]\n",
      "[    0.0     0.0    -0.0     0.0     0.0     0.0]\n",
      "[  -74.7   90.87   22.56     0.0  994.92 -211.11]\n",
      "[-115.42 -322.91   14.53     0.0 -211.11  850.59] :  Diff impact\n",
      "\n",
      "[-22  17 -33  37  -9 -49]\n",
      "[ 32 -18 -46  47 -16  28]\n",
      "[-32  -4  21  18 -44 -16]\n",
      "[-12  28   9  49 -37 -45]\n",
      "[-38  -6  23   2  30 -24]\n",
      "[-26   4 -37  31  49  14] :  B\n",
      "[ 5713  1019  1789  4794   955  1881]\n",
      "[ 1019  6713  -816   333 -3224  1863]\n",
      "[ 1789  -816  3997  3691   823 -1783]\n",
      "[ 4794   333  3691  6804   563  -833]\n",
      "[  955 -3224   823   563  3489  1309]\n",
      "[ 1881  1863 -1783  -833  1309  5619] :  G\n",
      "(-1, -1, 0, 1, -1, 1) :  lincomb_LLL\n",
      "(-0.44438, -0.66468, 0.41882, 0.32518, -1.0190, 1.0000) :  lincomb_cube\n",
      "(-10, 39, 28, -6, 7, 14) :  sv_LLL\n",
      "(-16.076, 21.954, -3.4758, 4.7528, 2.6045, 20.285) :  sv_cube\n",
      "(-0.55562, -0.33532, -0.41882, 0.67482, 0.019003, 0.00000) :  lincomb_diff\n",
      "[ 1763.71   189.85   416.31  -1797.5   -10.08     -0.0]\n",
      "[  189.85   754.82   -114.6   -75.35    20.54     -0.0]\n",
      "[  416.31   -114.6   701.11 -1043.18    -6.55      0.0]\n",
      "[ -1797.5   -75.35 -1043.18  3098.44     7.22     -0.0]\n",
      "[  -10.08    20.54    -6.55     7.22     1.26      0.0]\n",
      "[    -0.0     -0.0      0.0     -0.0      0.0      0.0] :  Diff impact\n",
      "\n",
      "[ 12 -19  -8  39  13 -43]\n",
      "[ 37 -29 -17 -17  -7   6]\n",
      "[  9  11  41  32  -2 -40]\n",
      "[ 25   4  16 -39  18   7]\n",
      "[  3   4  -1  37  24  18]\n",
      "[ 37  19 -20 -50 -50   1] :  B\n",
      "[ 4108   119  2513 -1492   949 -2400]\n",
      "[  119  2873 -1453  1116  -677  2364]\n",
      "[ 2513 -1453  4511  -639   446 -1818]\n",
      "[-1492  1116  -639  2791  -810  1738]\n",
      "[  949  -677   446  -810  2295 -2825]\n",
      "[-2400  2364 -1818  1738 -2825  7131] :  G\n",
      "(1, -1, -1, 1, 0, 0) :  lincomb_LLL\n",
      "(0.77151, -0.80987, -0.47240, 1.0000, 0.17305, 0.23254) :  lincomb_cube\n",
      "(-9, 3, -16, -15, 40, -2) :  sv_LLL\n",
      "(9.1643, 12.742, -0.59635, -15.484, 27.170, -8.7908) :  sv_cube\n",
      "(0.22849, -0.19013, -0.52760, 0.00000, -0.17305, -0.23254) :  lincomb_diff\n",
      "[ 214.47   -5.17 -302.94    -0.0  -37.52  127.52]\n",
      "[  -5.17  103.85 -145.75    -0.0  -22.27  104.52]\n",
      "[-302.94 -145.75  1255.7     0.0   40.72 -223.05]\n",
      "[   -0.0    -0.0     0.0     0.0     0.0    -0.0]\n",
      "[ -37.52  -22.27   40.72     0.0   68.73 -113.68]\n",
      "[ 127.52  104.52 -223.05    -0.0 -113.68   385.6] :  Diff impact\n",
      "\n",
      "[-50 -38 -31   5 -48  38]\n",
      "[ 42 -27  28  41 -16 -14]\n",
      "[-43  43  19  20 -12  24]\n",
      "[ 48  49 -44  38 -17 -19]\n",
      "[ -9   6   4  18 -38 -36]\n",
      "[ 15  17 -32  46 -18  36] :  B\n",
      "[ 8678 -1501  1515 -2614   644  2058]\n",
      "[-1501  5410 -1759  1557  1422   945]\n",
      "[ 1515 -1759  5179  -285   673  1478]\n",
      "[-2614  1557  -285  8735  1700  4331]\n",
      "[  644  1422   673  1700  3197    55]\n",
      "[ 2058   945  1478  4331    55  5274] :  G\n",
      "(2, 2, 2, 3, -3, -4) :  lincomb_LLL\n",
      "(2.0725, 1.7871, 1.7019, 2.9367, -3.0634, -4.0000) :  lincomb_cube\n",
      "(9, 17, 16, 8, -17, 3) :  sv_LLL\n",
      "(6.7812, 3.6915, 4.6603, -9.8745, -10.012, 5.0688) :  sv_cube\n",
      "(-0.072525, 0.21288, 0.29807, 0.063320, 0.063419, 0.00000) :  lincomb_diff\n",
      "[  45.65   23.17  -32.75    12.0   -2.96    -0.0]\n",
      "[  23.17  245.17 -111.61   20.99    19.2     0.0]\n",
      "[ -32.75 -111.61  460.12   -5.38   12.72     0.0]\n",
      "[   12.0   20.99   -5.38   35.02    6.83     0.0]\n",
      "[  -2.96    19.2   12.72    6.83   12.86     0.0]\n",
      "[   -0.0     0.0     0.0     0.0     0.0     0.0] :  Diff impact\n",
      "\n",
      "[ 16 -20  19  47 -40  29]\n",
      "[ 27 -29  36  21  26  26]\n",
      "[ 27  27  47 -16  35 -40]\n",
      "[-32 -31   8 -37  22 -49]\n",
      "[ 17 -13 -19 -36   9 -12]\n",
      "[ 31 -41  47 -37  28  38] :  B\n",
      "[ 5667  2397 -2527 -3780 -2229   452]\n",
      "[ 2397  4659  1172 -1156  -682  4657]\n",
      "[-2527  1172  6748  1997   586  1991]\n",
      "[-3780 -1156  1997  6303  1825   778]\n",
      "[-2229  -682   586  1825  2340  1295]\n",
      "[  452  4657  1991   778  1295  8448] :  G\n",
      "(0, -1, 0, 0, -1, 1) :  lincomb_LLL\n",
      "(0.073705, -1.1773, 0.027885, -0.081001, -0.77016, 1.0000) :  lincomb_cube\n",
      "(-13, 1, 30, -22, -7, 24) :  sv_LLL\n",
      "(-9.3568, 4.9449, 21.312, -27.983, -13.297, 21.622) :  sv_cube\n",
      "(-0.073705, 0.17734, -0.027885, 0.081001, -0.22984, 0.00000) :  lincomb_diff\n",
      "[ 30.79 -31.33  -5.19  22.57 -37.76   -0.0]\n",
      "[-31.33 146.53   -5.8 -16.61   27.8    0.0]\n",
      "[ -5.19   -5.8   5.25  -4.51   3.76   -0.0]\n",
      "[ 22.57 -16.61  -4.51  41.35 -33.98    0.0]\n",
      "[-37.76   27.8   3.76 -33.98 123.62   -0.0]\n",
      "[  -0.0    0.0   -0.0    0.0   -0.0    0.0] :  Diff impact\n",
      "\n",
      "[ 31  38   4  40  37  -7]\n",
      "[-26   0  42 -48 -11  24]\n",
      "[ 15  49  13  -7 -10  17]\n",
      "[-34  16  -1 -28 -22 -12]\n",
      "[-33 -27 -43 -47  14  14]\n",
      "[ 47  -9  48  12  30  25] :  B\n",
      "[ 5439 -3133  1610 -2300 -3681  2722]\n",
      "[-3133  5441  1010  2140  1490   488]\n",
      "[ 1610  1010  3233   473 -1950   929]\n",
      "[-2300  2140   473  2825  1573 -3086]\n",
      "[-3681  1490 -1950  1573  6268 -3166]\n",
      "[ 2722   488   929 -3086 -3166  6263] :  G\n",
      "(0, -1, 0, 2, 0, 1) :  lincomb_LLL\n",
      "(-0.28033, -0.86597, 0.045448, 1.3955, 0.21027, 1.0000) :  lincomb_cube\n",
      "(5, 23, 4, 4, -3, -23) :  sv_LLL\n",
      "(7.1223, -0.77542, 0.66162, -6.9202, 0.94281, -6.8502) :  sv_cube\n",
      "(0.28033, -0.13403, -0.045448, 0.60454, -0.21027, 0.00000) :  lincomb_diff\n",
      "[ 427.41  117.71  -20.51 -389.78  216.97     0.0]\n",
      "[ 117.71   97.74    6.15 -173.39   41.99    -0.0]\n",
      "[ -20.51    6.15    6.68   -13.0  -18.63    -0.0]\n",
      "[-389.78 -173.39   -13.0 1032.45 -199.96    -0.0]\n",
      "[ 216.97   41.99  -18.63 -199.96  277.13     0.0]\n",
      "[    0.0    -0.0    -0.0    -0.0     0.0     0.0] :  Diff impact\n",
      "\n",
      "[-23  28  19  38 -39 -13]\n",
      "[-48   4 -25   8  31  33]\n",
      "[-37  21  -2  -9  35   5]\n",
      "[ -1  41 -13  29  27 -27]\n",
      "[-48  16  -9 -44  11 -23]\n",
      "[-35 -49 -43  15 -15   5] :  B\n",
      "[ 4808  -593  -371  1324  -421  -294]\n",
      "[ -593  5059  3088   715  1823  2379]\n",
      "[ -371  3088  3145  1473  2796  -283]\n",
      "[ 1324   715  1473  4150   463 -1520]\n",
      "[ -421  1823  2796   463  5227   343]\n",
      "[ -294  2379  -283 -1520   343  5950] :  G\n",
      "(0, -2, 3, 0, -1, 1) :  lincomb_LLL\n",
      "(0.030285, -1.7798, 2.7162, -0.20296, -0.87741, 1.0000) :  lincomb_cube\n",
      "(-2, -10, 10, 16, 17, -23) :  sv_LLL\n",
      "(-8.4468, -20.591, 7.1735, 10.187, 8.5807, -14.886) :  sv_cube\n",
      "(-0.030285, -0.22019, 0.28379, 0.20296, -0.12259, 0.00000) :  lincomb_diff\n",
      "[   4.41   -3.95    3.19   -8.14   -1.56     0.0]\n",
      "[  -3.95  245.27 -192.96  -31.95   49.21    -0.0]\n",
      "[   3.19 -192.96  253.28   84.84  -97.27    -0.0]\n",
      "[  -8.14  -31.95   84.84  170.95  -11.52    -0.0]\n",
      "[  -1.56   49.21  -97.27  -11.52   78.56    -0.0]\n",
      "[    0.0    -0.0    -0.0    -0.0    -0.0     0.0] :  Diff impact\n",
      "\n",
      "[ -1 -37  34 -44   2  36]\n",
      "[ -4  24 -47  37  26 -37]\n",
      "[ 36  41 -39   2   1  40]\n",
      "[-37 -43 -12  12  42  42]\n",
      "[-22  44 -45 -49 -49  44]\n",
      "[ 10  19 -20  44  24   9] :  B\n",
      "[ 5762 -5390 -1525  2288   506 -2957]\n",
      "[-5390  6215  1293  -338 -1456  3275]\n",
      "[-1525  1293  6103  -881  4380  2391]\n",
      "[ 2288  -338  -881  7034 -1336   967]\n",
      "[  506 -1456  4380 -1336 11183 -1420]\n",
      "[-2957  3275  2391   967 -1420  3454] :  G\n",
      "(1, 1, 0, 0, 0, 0) :  lincomb_LLL\n",
      "(1.7715, 1.0000, -0.83868, -0.75535, 0.48643, 1.5604) :  lincomb_cube\n",
      "(-5, -13, -13, -7, 28, -1) :  sv_LLL\n",
      "(-3.1134, 7.6001, 1.9054, -6.8629, 10.595, -3.0517) :  sv_cube\n",
      "(-0.77148, 0.00000, 0.83868, 0.75535, -0.48643, -1.5604) :  lincomb_diff\n",
      "[ 3429.47      0.0   986.72  -1333.3   189.89 -3559.78]\n",
      "[     0.0      0.0      0.0     -0.0      0.0     -0.0]\n",
      "[  986.72      0.0   4292.8  -558.11 -1786.86 -3129.12]\n",
      "[ -1333.3     -0.0  -558.11  4013.23   490.88 -1139.77]\n",
      "[  189.89      0.0 -1786.86   490.88  2646.04 -1077.83]\n",
      "[-3559.78     -0.0 -3129.12 -1139.77 -1077.83  8410.29] :  Diff impact\n",
      "\n",
      "[-46   6  20   8 -40 -27]\n",
      "[ 22  -3  12 -42  29 -40]\n",
      "[-39 -25  -4  35 -39 -44]\n",
      "[ 17 -50  48 -42  31 -43]\n",
      "[ 17  29 -46 -11 -43  42]\n",
      "[-37  32 -34   7 -48  -2] :  B\n",
      "[ 4945 -1206  4592  -537 -1030  3244]\n",
      "[-1206  4842 -1672  5483 -2730 -2924]\n",
      "[ 4592 -1672  6844  -392 -1760  2984]\n",
      "[ -537  5483  -392  9667 -6046 -5557]\n",
      "[-1030 -2730 -1760 -6046  6980  3766]\n",
      "[ 3244 -2924  2984 -5557  3766  5906] :  G\n",
      "(-1, -1, 0, 1, 0, 1) :  lincomb_LLL\n",
      "(-0.57397, -0.47092, -0.23071, 0.56454, -0.37759, 1.0000) :  lincomb_cube\n",
      "(4, -21, -18, -1, -6, 22) :  sv_LLL\n",
      "(-8.7818, -3.4407, -5.7401, -5.4454, 4.0372, 2.3507) :  sv_cube\n",
      "(-0.42603, -0.52909, 0.23071, 0.43546, 0.37759, 0.00000) :  lincomb_diff\n",
      "[  897.54  -271.84  -451.35    99.62   165.69     -0.0]\n",
      "[ -271.84  1355.43   204.09 -1263.25    545.4      0.0]\n",
      "[ -451.35   204.09   364.29   -39.38  -153.32      0.0]\n",
      "[   99.62 -1263.25   -39.38  1833.09  -994.12     -0.0]\n",
      "[  165.69    545.4  -153.32  -994.12   995.19      0.0]\n",
      "[    -0.0      0.0      0.0     -0.0      0.0      0.0] :  Diff impact\n",
      "\n",
      "[ 48 -39 -36 -22 -31  12]\n",
      "[-49 -12  46  20  19  17]\n",
      "[  7  46   7   2  31   4]\n",
      "[-47   9  -3  -9   3  -9]\n",
      "[  7  39 -34   7  13 -33]\n",
      "[ -6  -3   3  -3 -15 -35] :  B\n",
      "[ 6710 -4365 -2667 -2502  -914  -168]\n",
      "[-4365  5711   124  1781 -2549  -472]\n",
      "[-2667   124  3195   103  1890  -770]\n",
      "[-2502  1781   103  2470   397   543]\n",
      "[ -914 -2549  1890   397  4033   678]\n",
      "[ -168  -472  -770   543   678  1513] :  G\n",
      "(1, 1, 1, 0, 0, 1) :  lincomb_LLL\n",
      "(1.5075, 1.3426, 1.1736, 0.21771, 0.45066, 1.0000) :  lincomb_cube\n",
      "(0, -8, 20, -3, 4, -2) :  sv_LLL\n",
      "(1.7093, -4.3801, 2.7305, -5.7698, 6.6723, -6.2227) :  sv_cube\n",
      "(-0.50747, -0.34260, -0.17364, -0.21771, -0.45066, 0.00000) :  lincomb_diff\n",
      "[1728.03 -758.91 -235.01 -276.42 -209.03     0.0]\n",
      "[-758.91  670.33    7.38  132.84 -393.56     0.0]\n",
      "[-235.01    7.38   96.33    3.89   147.9     0.0]\n",
      "[-276.42  132.84    3.89  117.07   38.95    -0.0]\n",
      "[-209.03 -393.56   147.9   38.95  819.08    -0.0]\n",
      "[    0.0     0.0     0.0    -0.0    -0.0     0.0] :  Diff impact\n",
      "\n",
      "[-32   8  44  38  39  30]\n",
      "[ 45  41   4 -32 -44 -31]\n",
      "[-34   5 -40  16  45  26]\n",
      "[ 22 -25 -24 -29  32 -35]\n",
      "[-22  19  11 -13  23  44]\n",
      "[  1 -45 -11  -3  25 -42] :  B\n",
      "[ 6889 -4798  2511 -2864  3063 -1275]\n",
      "[-4798  7643 -4783   474 -2127 -1546]\n",
      "[ 2511 -4783  5738   153  2374   166]\n",
      "[-2864   474   153  4775 -1650  3768]\n",
      "[ 3063 -2127  2374 -1650  3600 -2232]\n",
      "[-1275 -1546   166  3768 -2232  4545] :  G\n",
      "(0, 1, 1, -1, 0, 1) :  lincomb_LLL\n",
      "(-0.10274, 0.44904, 0.19928, -0.72595, 0.50859, 1.0000) :  lincomb_cube\n",
      "(-10, 26, -23, 10, -6, -12) :  sv_LLL\n",
      "(-9.4405, 1.3972, 1.3217, -3.6442, -1.3304, -6.0353) :  sv_cube\n",
      "(0.10274, 0.55096, 0.80072, -0.27405, -0.50859, 0.00000) :  lincomb_diff\n",
      "[   72.72   -271.6   206.58    80.64  -160.06     -0.0]\n",
      "[  -271.6  2320.06 -2110.09   -71.57   596.01     -0.0]\n",
      "[  206.58 -2110.09  3678.96   -33.57  -966.78      0.0]\n",
      "[   80.64   -71.57   -33.57   358.61  -229.97     -0.0]\n",
      "[ -160.06   596.01  -966.78  -229.97   931.18      0.0]\n",
      "[    -0.0     -0.0      0.0     -0.0      0.0      0.0] :  Diff impact\n",
      "\n",
      "[-34 -16 -27 -40  25 -39]\n",
      "[ 12 -27  28  29  -9  12]\n",
      "[ 47 -18  24  11  26  11]\n",
      "[ -3  28  43  14  -6  43]\n",
      "[ 46 -23 -31 -28 -35  22]\n",
      "[  4 -26 -12 -24 -24  45] :  B\n",
      "[ 5887 -2585 -2177 -3894  -972  -791]\n",
      "[-2585  2723  1939  1388    72   474]\n",
      "[-2177  1939  4027   858   856   -25]\n",
      "[-3894  1388   858  4723 -1351   487]\n",
      "[ -972    72   856 -1351  6099  3656]\n",
      "[ -791   474   -25   487  3656  4013] :  G\n",
      "(-1, -1, 0, -1, -1, 1) :  lincomb_LLL\n",
      "(-0.79275, -0.64881, 0.28283, -0.89063, -0.95510, 1.0000) :  lincomb_cube\n",
      "(-17, 12, -25, 1, 1, 7) :  sv_LLL\n",
      "(-4.8022, -3.8593, -10.663, 6.2797, 8.1465, 11.933) :  sv_cube\n",
      "(-0.20725, -0.35119, -0.28283, -0.10937, -0.044897, 0.00000) :  lincomb_diff\n",
      "[ 252.87 -188.15 -127.61  -88.27   -9.04     0.0]\n",
      "[-188.15  335.85   192.6   53.32    1.14    -0.0]\n",
      "[-127.61   192.6  322.13   26.54   10.87     0.0]\n",
      "[ -88.27   53.32   26.54    56.5   -6.63    -0.0]\n",
      "[  -9.04    1.14   10.87   -6.63   12.29    -0.0]\n",
      "[    0.0    -0.0     0.0    -0.0    -0.0     0.0] :  Diff impact\n",
      "\n",
      "[-15 -29  28 -42  -8 -10]\n",
      "[ 37 -49 -45  16   6  30]\n",
      "[ 31  22 -13 -15  11 -38]\n",
      "[ 32  42 -30 -20 -13 -44]\n",
      "[ 14 -33 -46  -5 -15  16]\n",
      "[ 38 -42 -19 -16 -13  35] :  B\n",
      "[ 3778 -1414  -545 -1154  -371   542]\n",
      "[-1414  6987  -660 -1242  4515  5035]\n",
      "[ -545  -660  3404  4135  -392  -732]\n",
      "[-1154 -1242  4135  6193    33 -1029]\n",
      "[ -371  4515  -392    33  3907  3627]\n",
      "[  542  5035  -732 -1029  3627  5219] :  G\n",
      "(0, -1, 1, -1, 1, 0) :  lincomb_LLL\n",
      "(-0.49909, -1.0733, 1.1259, -1.0069, 1.0000, 0.35171) :  lincomb_cube\n",
      "(-24, -4, 16, -16, 3, -8) :  sv_LLL\n",
      "(-2.1778, 1.7734, -2.7893, -3.5886, 3.4552, 2.6211) :  sv_cube\n",
      "(0.49909, 0.073282, -0.12590, 0.0068855, 0.00000, -0.35171) :  lincomb_diff\n",
      "[ 941.08  -51.72   34.24   -3.97    -0.0  -95.14]\n",
      "[ -51.72   37.52    6.09   -0.63     0.0 -129.77]\n",
      "[  34.24    6.09   53.95   -3.58     0.0  -32.41]\n",
      "[  -3.97   -0.63   -3.58    0.29     0.0    2.49]\n",
      "[   -0.0     0.0     0.0     0.0     0.0    -0.0]\n",
      "[ -95.14 -129.77  -32.41    2.49    -0.0  645.57] :  Diff impact\n",
      "\n",
      "[ 25 -24  -1  10   7 -20]\n",
      "[ 30  19  23  23  -4   6]\n",
      "[ 49  14   6  26 -18  27]\n",
      "[  8 -36  46  42 -13   3]\n",
      "[-21 -37  32 -43 -32 -25]\n",
      "[ 10  47 -29  12 -23 -14] :  B\n",
      "[ 1751   353   477  1287   177  -610]\n",
      "[  353  2371  2706  1650 -1608   810]\n",
      "[  477  2706  4362  1571 -2572  1322]\n",
      "[ 1287  1650  1571  5418  1171 -2185]\n",
      "[  177 -1608 -2572  1171  6332 -2307]\n",
      "[ -610   810  1322 -2185 -2307  4019] :  G\n",
      "(0, -1, 1, 0, 0, 0) :  lincomb_LLL\n",
      "(-0.094448, -0.98874, 1.0000, -0.028750, 0.13264, -0.083491) :  lincomb_cube\n",
      "(19, -5, -17, 3, -14, 21) :  sv_LLL\n",
      "(13.126, -10.316, -11.303, -5.5984, -16.657, 20.723) :  sv_cube\n",
      "(0.094448, -0.011256, 0.00000, 0.028750, -0.13264, 0.083491) :  lincomb_diff\n",
      "[15.62 -0.38   0.0  3.49 -2.22 -4.81]\n",
      "[-0.38   0.3  -0.0 -0.53  -2.4 -0.76]\n",
      "[  0.0  -0.0   0.0   0.0   0.0   0.0]\n",
      "[ 3.49 -0.53   0.0  4.48 -4.47 -5.24]\n",
      "[-2.22  -2.4   0.0 -4.47 111.4 25.55]\n",
      "[-4.81 -0.76   0.0 -5.24 25.55 28.02] :  Diff impact\n",
      "\n",
      "[-43 -38   6  50  12   6]\n",
      "[-12  10  10  45  41  48]\n",
      "[-22 -18  13  10 -42 -36]\n",
      "[  4 -26  10 -32  34 -29]\n",
      "[-42  22  -2 -13 -14 -45]\n",
      "[-47  37 -39 -40  24  45] :  B\n",
      "[ 6009  3226  1488  -490  -130 -1061]\n",
      "[ 3226  6354 -2786 -1646 -2615  1888]\n",
      "[ 1488 -2786  4137  -194  2580 -3167]\n",
      "[ -490 -1646  -194  3813   485  -749]\n",
      "[ -130 -2615  2580   485  4642  1025]\n",
      "[-1061  1888 -3167  -749  1025  9300] :  G\n",
      "(-1, 1, 1, 0, 0, 0) :  lincomb_LLL\n",
      "(-0.48799, 0.55956, 1.0000, 0.31891, -0.33931, 0.23435) :  lincomb_cube\n",
      "(9, 30, 17, 5, -13, 6) :  sv_LLL\n",
      "(-3.2189, -0.94626, 10.396, -4.3875, -3.6962, 4.4970) :  sv_cube\n",
      "(-0.51201, 0.44044, 0.00000, -0.31891, 0.33931, -0.23435) :  lincomb_diff\n",
      "[1575.28 -727.49    -0.0  -80.01   22.58 -127.31]\n",
      "[-727.49 1232.59    -0.0   231.2  -390.8 -194.87]\n",
      "[   -0.0    -0.0     0.0     0.0     0.0     0.0]\n",
      "[ -80.01   231.2     0.0   387.8  -52.48  -55.98]\n",
      "[  22.58  -390.8     0.0  -52.48  534.43   -81.5]\n",
      "[-127.31 -194.87     0.0  -55.98   -81.5  510.75] :  Diff impact\n",
      "\n",
      "[ 42 -16   1 -42 -34 -38]\n",
      "[-24 -17 -43  -5 -46  28]\n",
      "[ 16  40 -43 -30 -43 -13]\n",
      "[ 36  -4  37 -44 -49 -21]\n",
      "[ 24  33 -18  31 -46 -37]\n",
      "[ 29 -33  32 -47 -14  40] :  B\n",
      "[ 6385   -69  3205  5925  2130  2708]\n",
      "[  -69  5639  2549  -501   562   488]\n",
      "[ 3205  2549  6623  2525  4007  -740]\n",
      "[ 5925  -501  2525  7459  1733  4274]\n",
      "[ 2130   562  4007  1733  6435 -3262]\n",
      "[ 2708   488  -740  4274 -3262  6959] :  G\n",
      "(-1, 0, 0, 1, 0, 0) :  lincomb_LLL\n",
      "(-0.50211, 0.19147, -0.025303, 1.0000, -0.42568, -0.63443) :  lincomb_cube\n",
      "(-6, 12, 36, -2, -15, 17) :  sv_LLL\n",
      "(-18.703, 6.6555, 16.713, -6.4875, -11.184, -5.8571) :  sv_cube\n",
      "(-0.49789, -0.19147, 0.025303, 0.00000, 0.42568, 0.63443) :  lincomb_diff\n",
      "[1582.83   -6.58  -40.38    -0.0 -451.44 -855.41]\n",
      "[  -6.58  206.73  -12.35     0.0  -45.81  -59.28]\n",
      "[ -40.38  -12.35    4.24     0.0   43.16  -11.88]\n",
      "[   -0.0     0.0     0.0     0.0     0.0     0.0]\n",
      "[-451.44  -45.81   43.16     0.0 1166.05 -880.96]\n",
      "[-855.41  -59.28  -11.88     0.0 -880.96 2801.05] :  Diff impact\n",
      "\n",
      "[  7  -3  26 -27   8  12]\n",
      "[ 36  43 -41  39 -36   0]\n",
      "[ 37 -14  -5  16 -22 -32]\n",
      "[-37 -26  23 -16 -21 -42]\n",
      "[ 50  34 -19  12 -28  22]\n",
      "[  0  37   5  -2  -4  -6] :  B\n",
      "[ 1671 -2284  -821   177  -530   -31]\n",
      "[-2284  7643  2351 -3261  5517  1452]\n",
      "[ -821  2351  3354   430  1573  -295]\n",
      "[  177 -3261   430  5035 -3699  -479]\n",
      "[ -530  5517  1573 -3699  5429  1119]\n",
      "[  -31  1452  -295  -479  1119  1450] :  G\n",
      "(-1, -1, 0, 0, 1, 0) :  lincomb_LLL\n",
      "(-1.2555, -1.1829, 0.083774, 0.045292, 1.0000, 0.41795) :  lincomb_cube\n",
      "(7, -6, -4, 0, 0, 10) :  sv_LLL\n",
      "(0.051819, 0.016510, -0.43300, -0.45339, 0.073423, -0.15691) :  sv_cube\n",
      "(0.25552, 0.18287, -0.083774, -0.045292, 0.00000, -0.41795) :  lincomb_diff\n",
      "[  109.1 -106.73   17.57   -2.05    -0.0    3.31]\n",
      "[-106.73  255.61  -36.02   27.01     0.0 -110.98]\n",
      "[  17.57  -36.02   23.54    1.63    -0.0  -10.33]\n",
      "[  -2.05   27.01    1.63   10.33     0.0   -9.07]\n",
      "[   -0.0     0.0    -0.0     0.0     0.0    -0.0]\n",
      "[   3.31 -110.98  -10.33   -9.07    -0.0  253.28] :  Diff impact\n",
      "\n",
      "[  4 -11  39  11 -18 -15]\n",
      "[-32  17 -18  19  23 -37]\n",
      "[-35   8  50 -13 -36  -5]\n",
      "[-42   6   5  31  -8  -5]\n",
      "[-32  46  43 -33  39  27]\n",
      "[ -2  32 -34  41   5 -23] :  B\n",
      "[ 2328  -667  2302   521  -427  -980]\n",
      "[ -667  3896  -534  1946   303  2965]\n",
      "[ 2302  -534  5279  1678  2528 -1972]\n",
      "[  521  1946  1678  2875   365  1452]\n",
      "[ -427   303  2528   365  8328 -1705]\n",
      "[ -980  2965 -1972  1452 -1705  4419] :  G\n",
      "(1, 0, 0, 0, 0, 0) :  lincomb_LLL\n",
      "(1.0000, 0.017188, -0.57691, 0.11594, 0.22066, -0.00017123) :  lincomb_cube\n",
      "(4, -11, 39, 11, -18, -15) :  sv_LLL\n",
      "(11.712, -4.4828, 19.919, 15.132, 10.841, -7.3694) :  sv_cube\n",
      "(0.00000, -0.017188, 0.57691, -0.11594, -0.22066, 0.00017123) :  lincomb_diff\n",
      "[    0.0     0.0     0.0    -0.0     0.0    -0.0]\n",
      "[    0.0    1.15     5.3    3.88    1.15   -0.01]\n",
      "[    0.0     5.3  1757.0 -112.23 -321.81   -0.19]\n",
      "[   -0.0    3.88 -112.23   38.64    9.34   -0.03]\n",
      "[    0.0    1.15 -321.81    9.34  405.48    0.06]\n",
      "[   -0.0   -0.01   -0.19   -0.03    0.06     0.0] :  Diff impact\n",
      "\n",
      "[ -1  23 -40 -17 -45 -14]\n",
      "[-11  -3  23  -5 -17 -13]\n",
      "[-25 -31  27 -25  30  15]\n",
      "[-47  33  30  20  -6   6]\n",
      "[ 50   3  50 -34  42  47]\n",
      "[-23   1 -21  44 -20  49] :  B\n",
      "[ 4640    54 -2903  -548 -3951   352]\n",
      "[   54  1142   409  1032  -564  -750]\n",
      "[-2903   409  4065   372  2822  -988]\n",
      "[ -548  1032   372  4670 -1401  1778]\n",
      "[-3951  -564  2822 -1401 10138 -2230]\n",
      "[  352  -750  -988  1778 -2230  5708] :  G\n",
      "(0, 1, 0, 0, 0, 0) :  lincomb_LLL\n",
      "(-0.082144, 1.0000, -0.12488, -0.28804, 0.069548, 0.23174) :  lincomb_cube\n",
      "(-11, -3, 23, -5, -17, -13) :  sv_LLL\n",
      "(3.8894, -10.083, 12.884, 1.5894, -17.035, -0.82736) :  sv_cube\n",
      "(0.082144, 0.00000, 0.12488, 0.28804, -0.069548, -0.23174) :  lincomb_diff\n",
      "[  31.31     0.0  -29.78  -12.97   22.57    -6.7]\n",
      "[    0.0     0.0     0.0     0.0     0.0     0.0]\n",
      "[ -29.78     0.0   63.39   13.38  -24.51   28.59]\n",
      "[ -12.97     0.0   13.38  387.46   28.07 -118.68]\n",
      "[  22.57     0.0  -24.51   28.07   49.04  -35.94]\n",
      "[   -6.7     0.0   28.59 -118.68  -35.94  306.54] :  Diff impact\n",
      "\n",
      "[-29  25  48  43  -4 -20]\n",
      "[ 20  13 -43  33 -17 -44]\n",
      "[-18 -50  11  -3  -3 -16]\n",
      "[ 15 -25  38 -36   0  -8]\n",
      "[ 10  27  47  44  44  37]\n",
      "[ 42   4 -24  33  -2  15] :  B\n",
      "[ 6035    48     3  -624  3617 -1143]\n",
      "[   48  5732  -827 -2495 -2394  2387]\n",
      "[    3  -827  3219  1634 -1869 -1553]\n",
      "[ -624 -2495  1634  3654  -619 -1690]\n",
      "[ 3617 -2394 -1869  -619  8279  1319]\n",
      "[-1143  2387 -1553 -1690  1319  3674] :  G\n",
